VERTICES = 500
EDGES = 1000
0 290
0 438
0 12
0 318
1 164
1 41
1 497
1 177
2 461
2 160
2 219
2 492
2 421
2 28
2 323
2 233
2 89
3 259
3 165
4 274
4 211
4 289
5 240
5 27
5 286
5 93
5 365
5 47
6 246
6 273
6 106
6 179
6 329
7 67
7 401
7 245
8 397
8 14
8 443
8 183
9 309
9 320
9 84
9 35
9 54
9 85
10 310
10 63
10 61
10 464
11 299
11 12
12 388
12 314
13 158
13 179
13 304
13 109
13 296
14 498
15 202
15 155
15 439
15 354
16 171
16 264
16 184
16 31
17 417
17 238
17 168
19 154
20 62
20 482
20 120
20 384
20 78
20 282
21 198
22 302
22 293
22 334
23 120
23 69
24 310
24 192
24 464
24 230
25 363
25 176
25 365
25 395
25 278
25 462
25 144
26 259
26 166
26 331
27 426
27 234
28 368
28 486
28 363
28 256
29 127
29 369
29 69
29 214
29 410
30 320
31 318
31 358
31 333
31 79
32 401
32 328
32 92
32 211
32 298
33 167
33 378
34 342
34 469
34 176
34 224
35 452
35 284
36 406
36 117
36 319
36 445
37 77
38 384
38 438
38 271
38 134
39 225
39 445
39 404
40 422
40 315
40 448
41 462
41 62
41 294
42 57
42 181
42 144
42 100
43 449
43 136
43 119
43 406
44 266
44 259
44 123
44 248
44 247
45 177
45 487
45 176
46 380
46 472
46 127
46 489
47 147
47 337
47 367
48 92
48 203
49 158
49 396
49 248
50 234
50 188
51 290
51 433
51 406
51 388
51 481
51 236
51 402
51 317
52 442
52 383
52 400
53 261
53 408
53 54
53 432
54 80
54 273
54 375
55 359
55 305
56 207
56 330
56 59
56 114
57 256
57 187
57 248
57 216
58 380
58 234
58 251
58 465
59 262
60 263
60 176
60 181
60 365
61 447
61 131
61 146
61 455
61 243
62 144
63 75
63 457
63 123
63 155
64 144
64 459
64 136
64 169
65 231
65 135
66 122
66 95
67 157
68 128
69 136
69 234
69 220
69 276
69 343
70 236
70 213
70 171
70 473
70 453
71 110
71 337
72 261
73 313
73 345
74 343
74 351
74 398
74 429
75 212
75 472
75 96
75 493
76 255
76 235
76 325
76 252
77 484
77 363
77 91
77 206
78 346
78 486
78 417
78 356
79 289
79 220
80 233
80 339
80 380
80 263
81 283
81 337
81 276
82 308
82 195
82 83
83 298
83 338
83 223
84 392
85 428
85 242
85 229
86 456
86 238
86 134
86 153
86 497
86 185
87 112
87 289
87 333
87 184
87 175
87 207
88 432
88 360
88 286
88 161
88 396
89 240
89 286
89 307
89 176
90 467
90 478
91 402
91 391
91 144
92 97
92 453
92 425
93 94
93 372
93 216
94 475
94 403
94 312
95 371
95 294
95 301
96 499
96 323
96 250
97 362
97 488
97 460
97 331
98 360
98 280
98 191
99 331
99 479
99 357
99 145
100 310
100 216
101 452
101 449
101 225
101 483
102 236
102 358
102 312
102 196
103 148
103 445
103 177
103 186
104 356
104 160
104 149
105 174
105 113
105 297
106 311
106 307
106 438
106 325
106 495
107 445
107 460
108 374
108 344
108 280
109 322
109 232
109 124
109 313
109 371
110 268
110 428
111 431
111 278
111 356
111 265
111 131
111 435
112 445
112 447
112 394
112 297
112 159
112 391
113 423
113 241
114 274
114 481
114 280
115 380
115 232
116 470
116 481
116 443
117 304
117 368
117 289
117 261
117 458
118 232
118 402
119 182
119 328
119 150
120 498
120 411
120 484
121 493
121 148
121 384
122 131
122 336
122 254
123 200
123 242
124 419
124 430
125 169
125 251
126 168
126 348
126 180
127 319
127 307
128 259
128 156
129 234
129 154
129 209
129 443
129 348
129 431
130 134
130 349
130 191
130 301
132 211
132 393
132 357
132 459
133 488
133 147
133 194
134 215
134 483
134 290
134 287
135 150
135 141
135 462
135 140
135 153
136 156
136 262
136 466
136 379
136 462
137 263
137 336
137 158
137 210
138 431
138 294
138 216
139 215
139 178
139 357
140 266
140 337
142 166
142 358
142 455
142 339
142 242
143 396
144 224
144 375
144 218
144 207
145 146
145 449
145 196
145 272
146 444
146 221
146 229
146 471
147 377
148 189
148 228
148 381
149 436
150 349
151 361
152 340
152 327
152 453
152 368
152 478
152 309
152 237
153 454
153 338
153 240
154 183
154 220
155 309
155 452
156 293
156 301
157 376
157 406
157 492
157 250
157 288
157 389
157 302
157 169
158 201
158 488
158 172
158 248
158 465
159 319
159 226
160 435
160 374
163 309
163 428
163 212
163 298
164 247
164 296
164 353
164 446
165 299
165 419
166 219
166 377
166 436
166 235
167 190
167 195
167 395
168 274
168 263
169 492
170 237
170 270
171 292
171 408
172 332
172 245
174 343
174 175
174 259
174 421
174 361
174 294
175 354
175 204
176 499
176 191
177 371
178 428
178 414
178 263
178 241
178 345
178 290
178 264
179 484
179 497
179 348
180 201
180 252
181 352
181 343
181 369
181 237
182 351
182 410
182 375
183 319
184 188
184 397
184 213
184 321
184 282
185 261
185 296
185 285
185 404
185 211
185 429
186 447
186 357
187 197
188 233
189 223
189 205
189 249
189 259
190 426
190 383
190 239
191 264
191 365
191 194
191 385
191 449
192 453
192 239
193 487
193 319
193 485
193 370
194 230
194 472
195 286
195 443
195 457
196 485
196 496
196 265
197 250
197 297
197 480
197 349
197 242
198 451
199 279
199 383
199 424
200 404
200 266
201 495
201 465
202 215
202 443
203 318
203 293
203 278
204 365
204 270
204 364
204 411
205 492
206 359
206 293
206 303
206 298
207 220
208 238
208 398
208 232
209 446
209 231
210 251
210 493
210 297
211 381
211 285
212 335
212 383
213 365
213 426
213 230
214 351
214 363
214 353
214 404
217 261
217 365
217 377
218 329
218 339
218 475
219 374
219 492
219 426
219 446
220 324
220 253
221 285
221 444
222 339
223 350
224 377
224 378
224 232
224 320
225 272
226 398
226 485
226 460
228 493
228 405
228 492
229 272
229 454
229 339
229 240
230 259
230 421
231 488
231 291
231 366
231 401
231 251
232 408
232 356
232 310
232 441
233 324
234 278
234 451
235 396
235 250
235 405
235 319
236 404
236 249
237 454
237 347
237 239
238 426
238 489
238 283
238 471
239 388
240 434
240 414
240 405
240 459
241 445
242 389
242 361
242 460
242 293
243 420
243 255
244 324
244 479
245 440
245 353
245 329
246 498
247 420
247 409
247 418
247 264
248 433
248 499
250 255
250 474
250 292
250 261
251 418
251 445
251 323
251 258
251 432
251 489
253 488
253 467
253 291
253 341
254 256
254 461
255 435
255 462
256 337
257 471
260 290
260 376
260 319
261 451
261 271
262 294
262 264
263 293
264 444
264 308
265 299
266 431
266 373
267 341
267 452
267 435
267 484
267 406
268 491
270 487
272 273
272 276
273 415
273 372
274 479
274 399
274 493
274 329
275 339
275 397
277 380
277 490
277 493
277 288
277 307
278 453
278 286
278 438
279 449
280 471
280 456
282 424
283 427
284 466
284 415
284 308
284 331
287 327
288 404
288 372
288 383
288 478
289 443
290 328
290 339
290 468
292 455
292 336
292 462
294 379
294 375
295 466
296 458
296 421
297 305
297 446
299 358
299 464
300 466
300 353
300 367
301 388
301 469
301 428
301 356
302 436
302 342
302 397
304 465
304 491
304 454
305 439
305 329
305 419
306 391
307 333
307 409
307 314
308 459
309 415
310 443
311 498
311 354
311 349
312 394
315 483
315 490
315 319
316 397
316 496
317 388
317 437
318 367
319 335
319 332
320 402
328 394
328 472
330 403
330 356
331 366
332 440
332 356
333 421
334 435
336 487
336 403
336 460
337 433
338 460
339 348
340 399
340 341
340 429
340 419
341 442
341 418
342 487
343 362
343 419
344 414
344 377
345 392
345 430
346 401
347 349
347 437
347 380
347 408
347 371
348 420
349 381
350 452
350 480
351 494
352 359
354 369
355 489
356 499
356 407
356 472
357 497
358 390
358 450
361 425
362 385
367 493
371 416
372 386
372 425
373 435
377 431
378 422
378 412
379 487
380 442
380 492
381 406
384 412
384 448
389 393
391 441
391 453
392 478
395 494
397 462
397 488
398 463
399 460
400 429
401 481
402 488
406 481
407 428
408 451
411 424
414 435
415 447
416 445
417 436
418 452
418 451
419 462
421 454
424 436
425 460
427 448
428 490
428 429
428 496
430 435
430 496
431 499
432 499
433 438
433 473
435 436
436 457
442 443
445 459
452 456
454 490
458 475
462 476
465 482
467 471
467 484
469 473
470 485
475 477
479 480
479 489
490 495
