VERTICES = 500
EDGES = 1500
0 75
0 315
0 131
0 14
0 272
0 300
0 119
1 43
1 333
1 437
1 8
1 389
2 46
2 305
2 292
2 428
2 65
2 460
3 252
3 90
3 282
4 216
4 48
4 154
4 404
4 232
4 74
4 341
5 464
5 444
5 476
5 284
5 494
5 285
5 439
5 149
5 7
5 243
5 325
6 438
6 145
6 171
7 19
7 429
7 481
7 326
7 420
7 97
8 324
8 20
8 255
8 244
8 194
8 330
8 142
8 70
9 172
9 198
10 101
10 303
11 494
11 199
11 294
11 399
11 380
11 204
11 429
11 92
11 266
12 348
12 60
12 324
12 437
12 157
12 214
12 472
12 449
12 387
12 274
12 56
12 476
13 176
13 86
13 406
13 410
13 170
14 468
14 121
14 94
14 73
14 436
14 110
15 220
15 470
15 168
15 384
15 362
15 262
16 208
16 65
16 265
16 343
16 184
16 49
16 461
17 101
17 152
17 494
17 212
18 321
18 384
18 214
18 113
18 404
18 397
18 45
19 38
19 113
19 122
19 115
19 364
19 159
19 466
20 164
20 273
20 265
20 320
20 50
20 487
20 112
20 250
21 473
21 414
21 410
22 144
22 348
22 118
22 195
22 245
23 344
23 407
23 164
23 200
24 89
24 376
24 194
24 372
24 31
24 111
24 136
25 179
25 65
25 175
25 39
25 192
25 478
26 328
26 149
26 475
26 184
26 292
27 257
27 301
27 275
28 367
28 311
28 47
28 411
28 369
28 434
29 377
29 452
29 414
29 45
30 336
30 476
30 489
30 215
30 203
30 160
31 345
31 447
31 440
31 335
31 61
31 168
32 445
32 296
32 363
32 311
32 118
32 425
32 303
32 162
33 153
33 336
33 468
33 38
34 357
34 312
34 393
34 108
34 374
35 469
35 157
35 352
35 211
35 286
36 457
36 67
36 365
36 448
36 180
36 481
36 393
36 230
36 173
36 122
36 377
37 430
37 408
37 111
37 240
38 437
38 196
38 118
39 446
39 469
39 353
39 492
39 466
39 336
39 230
39 217
39 346
39 424
39 494
39 393
40 229
40 296
40 44
40 388
40 107
40 444
40 394
40 392
41 81
41 244
41 403
41 231
41 365
41 494
42 162
42 56
43 60
43 268
43 364
44 110
44 249
44 241
44 287
44 479
44 454
44 118
45 323
45 146
45 240
46 304
46 96
46 262
46 52
46 283
46 374
46 337
46 102
46 111
46 432
47 155
47 125
47 91
47 234
47 239
47 196
47 274
48 137
48 390
48 74
48 66
48 414
48 127
48 169
48 228
48 345
49 67
49 96
49 203
49 79
49 442
49 179
50 390
50 203
50 430
50 444
50 147
50 323
51 60
51 480
51 425
51 208
51 149
51 465
52 454
52 480
52 260
53 271
53 55
53 156
54 412
54 449
54 133
54 458
54 368
55 489
55 288
55 191
55 295
55 227
56 463
56 349
56 58
56 411
57 312
57 404
57 139
57 458
58 452
58 456
58 412
58 295
59 122
59 187
60 395
60 402
60 64
61 359
61 459
61 187
62 119
62 364
62 84
62 467
62 483
63 454
63 297
63 176
63 465
63 343
63 168
64 329
64 65
64 304
64 101
64 378
64 82
64 71
65 426
65 197
65 214
65 398
65 223
66 479
66 222
66 386
66 286
67 474
67 115
67 225
67 201
67 361
68 157
68 273
68 213
68 186
69 144
69 314
69 149
69 77
70 133
70 283
70 152
70 256
70 277
70 155
70 361
70 470
71 324
71 352
71 270
72 381
72 351
72 249
72 167
72 109
72 454
72 168
72 219
72 456
72 263
73 487
73 318
73 310
73 256
73 191
73 179
74 188
74 271
75 101
75 333
75 96
75 357
75 173
75 117
75 493
76 235
76 128
76 151
76 488
76 251
76 471
77 317
77 353
77 288
77 380
77 424
77 320
77 129
78 445
78 339
78 309
78 443
78 355
78 114
78 165
79 403
79 487
79 249
80 468
80 240
80 126
80 95
80 430
80 160
80 170
80 186
80 446
81 133
81 399
81 124
81 320
81 448
81 166
82 292
82 459
82 452
82 490
83 314
83 480
83 378
83 179
83 482
84 183
84 439
85 213
85 174
85 216
86 94
86 339
86 459
86 110
87 102
87 479
87 358
87 289
87 379
88 176
89 429
89 415
89 193
89 158
89 104
89 299
89 202
89 316
90 438
90 455
90 179
91 315
91 434
91 433
91 146
91 364
91 93
91 452
92 342
92 336
92 348
93 234
93 482
93 305
93 450
93 242
93 431
93 330
93 202
93 375
94 489
94 482
94 412
94 207
94 417
94 309
94 174
95 293
95 244
95 478
95 265
95 246
96 405
96 327
96 265
96 266
96 187
96 326
97 323
97 344
97 341
97 399
97 276
98 174
98 454
99 284
99 393
99 192
100 317
100 349
100 404
100 125
100 161
100 397
100 326
101 159
101 439
101 319
101 369
101 468
102 438
102 269
102 325
102 255
103 310
103 244
103 185
103 133
103 485
103 424
103 432
104 435
104 430
104 179
104 418
104 328
104 440
105 360
105 118
105 341
105 199
106 336
106 120
107 227
107 473
107 291
108 230
108 296
108 424
108 149
109 486
109 446
109 451
110 494
110 207
110 281
110 222
110 224
111 182
111 233
111 353
111 123
111 470
111 152
111 359
111 181
111 203
111 192
112 343
112 158
112 346
112 297
112 392
112 312
112 369
112 413
112 382
113 219
113 175
113 475
114 275
114 442
114 170
114 385
114 252
114 198
115 495
115 292
115 322
115 267
116 297
116 463
116 345
116 308
117 274
118 352
118 243
118 375
118 148
118 349
119 127
119 319
119 282
119 256
120 449
120 337
120 408
120 249
120 197
120 407
121 471
121 313
121 495
121 209
122 272
122 330
122 219
122 315
122 339
122 289
122 350
123 163
123 426
123 393
123 478
123 247
123 190
123 258
124 283
124 143
124 266
124 208
124 206
124 193
124 359
125 192
125 151
125 462
125 189
126 418
126 441
126 433
126 292
126 144
126 376
126 339
127 403
127 212
127 324
127 153
128 312
128 169
128 366
129 178
129 496
129 304
129 365
130 179
130 460
130 326
130 288
130 229
130 257
131 293
131 264
131 368
131 481
132 325
132 371
132 440
133 366
133 266
133 497
133 295
134 295
134 424
134 447
134 172
135 330
135 483
135 418
136 313
136 413
136 196
136 426
136 319
136 433
137 202
137 238
137 315
137 499
138 351
138 443
138 344
138 441
138 203
139 350
139 478
139 336
139 319
140 493
140 479
140 408
140 173
141 347
141 335
141 283
141 498
141 435
141 210
141 406
141 182
141 440
142 353
142 457
142 475
142 417
143 220
143 282
144 365
144 197
144 415
145 481
145 447
145 269
145 159
146 260
146 400
146 203
146 226
146 470
147 401
147 442
147 208
147 340
147 288
147 372
147 338
147 445
148 210
148 494
148 355
148 453
148 337
149 214
149 209
149 336
149 309
149 270
149 203
149 219
150 441
150 156
150 199
150 264
150 217
150 256
150 373
150 410
151 403
151 200
151 301
151 445
151 413
151 167
152 447
152 391
152 350
153 273
153 471
153 223
154 450
154 392
154 272
154 335
154 305
155 269
155 484
155 439
155 444
155 299
155 416
155 170
155 450
155 360
156 224
156 209
156 403
156 479
157 235
157 487
157 209
157 191
157 494
157 184
157 293
158 393
158 268
158 237
158 460
159 401
159 487
159 475
159 375
159 455
160 398
160 251
160 446
160 225
160 499
160 443
161 310
161 283
161 320
161 487
161 496
161 211
161 330
161 478
162 420
162 431
162 216
162 250
163 424
163 364
163 234
163 499
164 236
164 393
164 338
164 379
164 450
165 221
165 268
165 244
166 246
166 448
166 309
166 221
166 499
167 362
167 365
168 420
168 223
168 493
168 400
168 189
169 352
169 467
169 361
170 207
170 263
170 181
170 208
170 265
170 196
170 339
171 371
171 268
171 284
171 411
172 397
172 425
172 489
172 322
172 383
172 444
173 259
173 263
173 448
174 362
174 300
174 273
174 344
174 339
174 413
174 308
175 283
175 452
175 316
176 304
176 299
176 249
177 322
177 445
177 216
178 477
178 187
178 339
179 482
179 358
179 228
180 213
180 477
181 499
181 261
182 321
182 327
182 410
183 250
183 388
183 229
184 432
184 240
184 482
184 445
185 443
185 466
185 215
185 438
185 383
185 240
186 445
186 332
186 325
187 306
187 486
187 388
187 270
187 188
188 420
188 229
188 363
188 285
188 313
188 463
188 326
189 460
189 449
189 499
190 232
190 428
190 293
191 483
191 272
191 409
191 255
192 455
192 445
192 381
192 327
193 343
194 497
194 206
194 398
194 302
195 407
196 264
196 350
197 302
197 339
197 247
197 372
198 358
198 224
198 298
198 231
198 364
199 423
199 266
199 307
199 220
200 251
200 205
200 308
200 285
200 387
201 284
201 204
201 278
201 365
201 486
202 288
202 433
202 464
202 205
203 461
203 310
204 443
204 402
204 225
204 277
205 381
205 300
205 398
205 371
206 232
206 272
206 300
206 339
206 212
207 269
207 211
207 402
207 455
208 436
208 221
208 457
208 392
208 460
209 499
209 483
209 452
209 401
210 432
210 295
211 497
212 433
212 362
212 336
212 235
213 379
213 319
213 292
213 359
213 470
213 469
214 363
214 492
214 380
215 219
215 283
215 481
215 491
216 217
216 371
216 434
216 272
216 224
217 478
217 251
218 304
218 349
218 375
219 468
220 247
220 379
220 240
220 425
221 495
222 260
222 311
222 417
222 306
222 389
222 249
222 460
224 417
224 369
224 303
225 315
225 373
225 498
226 315
227 403
227 307
227 448
228 410
228 414
228 288
228 292
229 430
229 405
230 359
230 306
230 480
230 384
230 411
230 473
230 482
231 396
231 257
231 276
231 344
231 409
232 407
232 410
232 399
232 422
232 453
233 249
233 457
233 311
233 344
234 313
234 270
234 426
234 455
234 401
235 385
235 264
235 292
236 293
236 356
237 474
237 418
238 322
238 242
238 276
238 297
238 352
239 487
239 489
239 398
239 385
239 321
239 344
239 429
240 338
240 300
241 314
241 337
241 447
242 274
242 392
243 355
243 400
243 368
244 398
244 378
244 345
245 472
245 324
245 312
246 406
246 296
247 252
247 314
247 370
248 373
248 334
248 308
249 405
249 264
249 261
249 447
249 491
250 486
250 284
251 458
252 285
253 302
253 387
254 388
254 307
254 317
254 485
255 267
255 347
255 444
256 409
256 446
256 280
256 456
257 343
257 456
259 262
259 325
259 331
260 301
260 492
260 351
260 349
260 397
262 486
262 384
262 354
263 426
264 428
264 305
264 306
264 374
264 463
265 322
265 403
265 449
265 396
265 382
266 471
266 446
266 313
268 291
268 485
269 449
269 323
270 403
270 389
270 357
270 412
271 419
271 372
271 299
271 392
271 420
271 309
271 345
272 443
272 386
272 425
272 434
273 312
273 496
273 297
273 471
273 309
273 413
273 356
274 349
274 351
274 439
275 336
275 404
276 307
276 419
276 394
277 293
277 433
277 461
278 435
279 416
279 405
279 471
280 308
281 416
281 381
281 499
281 295
281 347
283 392
284 304
284 333
284 497
284 454
285 323
286 310
286 305
287 477
287 407
287 441
287 495
288 335
288 358
288 401
290 309
290 487
290 432
291 443
291 325
291 317
292 315
292 370
293 327
294 409
294 421
295 427
296 425
296 382
296 314
297 337
297 478
297 350
297 486
297 314
298 437
298 364
298 361
299 464
299 326
299 385
300 316
302 380
302 486
303 362
304 430
304 427
304 307
304 444
305 312
306 398
307 456
307 480
308 433
308 361
309 484
309 410
310 484
310 393
311 392
311 492
312 387
312 339
312 406
312 466
313 406
314 472
314 446
314 340
315 344
317 452
318 354
319 357
319 425
320 375
320 481
320 387
321 335
322 340
322 371
322 357
323 367
323 447
324 496
324 444
325 442
326 488
326 370
327 363
328 410
328 411
329 378
329 429
329 411
330 436
331 491
331 447
332 462
332 372
332 447
332 345
332 479
334 419
334 429
334 399
336 428
336 448
337 446
337 414
338 476
339 362
339 497
340 388
341 410
341 497
342 420
342 474
342 451
342 368
343 344
344 468
348 415
349 414
349 383
350 465
350 488
352 404
352 448
352 442
353 403
354 398
356 419
356 473
356 379
358 455
359 431
359 466
359 448
360 368
360 397
360 425
361 433
362 371
362 491
363 455
363 382
364 417
364 420
365 489
367 412
368 497
369 478
369 477
369 394
370 405
371 479
372 416
373 405
374 421
377 465
379 401
379 475
379 383
380 460
380 491
380 394
381 493
381 384
382 461
383 478
386 457
386 494
387 499
391 460
392 435
392 425
393 470
394 416
395 468
395 443
395 427
396 483
396 411
398 429
398 473
399 469
400 495
401 412
401 451
401 499
403 415
403 436
405 447
406 441
406 411
407 408
407 440
408 418
411 412
411 450
412 414
413 429
414 422
415 442
417 451
418 493
420 442
421 471
421 465
422 485
425 466
427 431
428 430
428 460
428 448
430 465
431 446
431 441
432 466
432 486
434 466
434 463
435 454
436 491
439 484
440 493
443 481
445 463
448 478
455 462
456 487
457 478
463 471
465 486
482 485
483 496
486 491
