VERTICES = 500
EDGES = 2000
0 289
0 36
0 313
0 234
0 148
0 365
0 477
0 154
0 140
0 8
0 100
0 469
1 257
1 127
1 175
1 128
1 497
1 44
1 310
1 63
1 347
2 114
2 306
2 5
2 418
3 193
3 361
3 429
3 413
3 264
3 19
3 377
3 453
3 145
4 409
4 108
4 402
4 97
4 125
4 46
4 160
4 130
4 259
4 363
4 387
4 407
4 121
4 41
4 316
5 178
5 153
5 301
5 298
5 168
5 61
5 323
6 252
6 93
6 167
6 353
6 47
6 18
7 355
7 53
7 333
7 313
7 268
7 413
7 498
8 179
8 266
8 229
8 360
8 389
8 405
8 450
8 494
8 372
8 213
8 129
8 311
8 30
9 389
9 272
9 410
9 384
9 224
9 458
9 478
9 150
10 461
10 329
10 299
10 130
10 40
10 310
10 91
10 429
10 488
10 56
10 28
10 246
10 183
11 489
11 251
11 244
11 213
11 410
11 114
11 376
11 163
11 209
11 372
12 165
12 227
12 280
12 56
12 216
12 490
12 472
12 209
12 220
12 349
12 257
12 454
12 265
12 403
12 88
13 239
13 291
13 488
14 120
14 48
14 49
14 89
14 314
14 267
14 156
14 348
15 353
15 487
15 488
15 127
15 177
15 445
15 497
15 301
15 315
16 437
16 487
16 101
16 153
16 161
16 276
17 331
17 157
17 167
17 485
17 142
17 410
18 387
18 115
18 331
18 308
18 477
18 238
18 412
18 183
18 161
19 318
19 406
19 283
19 143
19 456
19 221
19 217
20 423
20 464
20 193
20 229
20 145
20 30
20 215
20 56
20 141
20 362
20 450
20 227
21 153
21 405
21 341
21 300
21 222
21 69
21 94
21 229
21 43
22 404
22 50
22 73
22 337
22 343
22 269
22 411
22 367
22 316
22 477
22 227
22 63
23 478
23 27
23 204
23 155
23 426
23 208
24 497
24 76
24 47
24 35
24 171
24 464
25 99
25 244
25 463
25 426
25 236
25 42
25 37
25 265
25 97
25 366
25 155
25 270
26 177
26 238
26 64
26 394
26 393
26 478
26 315
27 33
27 308
27 181
27 128
27 231
27 96
27 118
27 192
27 176
27 216
28 29
28 118
28 255
29 367
29 231
29 446
29 451
29 440
29 36
29 136
30 236
30 204
30 265
30 144
30 233
30 299
30 211
30 312
30 463
31 255
31 141
31 406
32 108
32 398
32 375
32 144
32 83
32 153
32 470
32 224
33 369
33 35
33 405
33 51
33 37
34 58
34 333
34 364
34 47
34 429
34 234
35 296
35 436
35 417
36 475
36 284
36 70
36 281
36 211
36 193
36 397
36 257
36 38
36 253
36 177
36 314
36 220
36 236
36 259
36 239
37 200
37 447
37 325
37 194
37 91
37 490
37 223
38 248
38 296
38 122
38 393
38 363
38 450
38 282
38 344
38 366
38 283
38 477
39 189
39 340
39 475
39 338
39 145
39 245
40 262
40 345
40 379
40 149
40 134
41 373
41 295
41 424
41 249
41 55
41 241
41 490
42 48
42 363
42 483
42 212
42 287
42 76
42 449
42 436
43 293
43 59
43 108
43 176
43 238
43 335
44 230
44 149
44 237
44 129
44 191
45 242
45 295
45 440
45 116
45 87
45 94
45 389
46 239
46 352
46 327
46 207
46 205
46 265
46 189
46 294
46 223
46 266
46 330
46 174
47 230
47 90
47 177
47 466
47 335
47 121
47 222
48 248
48 142
48 303
48 97
48 86
48 384
48 480
48 133
48 155
49 397
49 288
49 234
49 365
49 88
49 476
49 405
49 155
49 65
49 69
49 73
49 287
49 351
49 127
50 479
50 476
50 270
50 63
51 361
51 249
51 423
51 286
51 116
51 122
51 263
52 364
52 498
52 165
53 461
53 223
53 229
53 203
53 99
53 499
53 55
53 442
53 143
54 113
54 381
54 215
54 468
54 399
54 486
54 224
54 184
54 465
54 329
54 316
55 125
55 305
55 401
55 265
55 143
55 175
56 140
56 419
56 76
56 337
56 141
56 400
56 324
56 435
57 102
57 457
57 334
57 349
57 401
57 491
57 174
57 210
58 149
58 194
58 92
59 183
59 289
59 274
59 167
59 220
59 481
59 299
59 380
59 348
59 84
59 185
60 453
60 345
60 263
60 110
60 138
61 463
61 244
61 394
61 435
61 125
61 451
61 268
61 461
62 484
62 394
62 93
62 154
62 157
62 349
63 166
63 364
63 270
63 89
63 268
63 256
63 185
63 426
63 294
64 119
64 313
64 195
64 327
64 307
64 462
64 251
65 407
65 326
65 387
65 309
65 428
65 357
65 242
66 86
66 403
66 158
67 376
67 397
67 100
67 196
67 68
67 70
68 362
68 149
68 188
68 251
68 208
68 462
69 291
69 471
69 180
69 400
69 447
69 177
69 457
69 141
69 387
69 479
70 291
70 77
70 426
70 428
70 484
70 145
70 390
71 389
71 433
71 450
71 139
71 337
71 212
72 245
72 306
72 374
72 118
73 322
73 135
73 271
73 315
73 275
73 248
73 239
73 311
74 448
74 104
74 110
74 92
74 388
74 416
74 192
74 412
75 236
75 124
75 418
75 474
75 426
75 134
75 337
75 452
75 432
76 442
76 380
76 465
76 392
76 344
77 374
77 271
77 345
77 236
77 407
77 168
78 496
78 414
78 242
78 211
78 164
78 332
79 175
79 315
79 164
79 323
79 132
79 263
80 388
80 333
80 184
80 259
81 200
81 109
81 364
81 123
81 456
81 401
82 356
82 394
82 177
82 450
82 436
82 183
82 445
82 112
83 347
83 417
83 450
83 316
83 464
83 390
83 467
83 148
84 169
84 468
84 282
84 430
85 208
85 352
85 291
85 388
85 177
85 172
85 149
85 180
85 343
85 450
85 294
86 315
86 402
87 262
87 93
87 398
87 155
87 478
87 147
87 222
87 235
87 209
87 204
88 110
88 148
88 472
88 237
88 115
88 476
88 109
88 303
88 425
89 169
89 368
89 321
89 162
89 287
89 174
90 160
90 97
90 263
90 295
90 127
90 145
91 257
91 121
91 360
91 104
92 191
92 243
92 482
92 377
92 98
92 251
93 491
93 499
93 314
93 425
93 414
93 266
93 461
94 412
94 222
94 254
94 422
94 188
94 496
94 477
95 166
95 363
95 358
95 207
95 491
95 267
95 139
95 413
95 335
95 485
95 420
96 340
96 316
96 167
96 320
96 384
96 286
96 462
97 361
97 174
97 339
97 328
97 198
98 184
98 493
98 292
98 492
99 190
99 164
99 383
99 264
99 407
99 285
100 111
100 466
100 329
100 361
100 119
100 199
100 332
101 388
101 225
101 460
101 370
101 274
101 478
102 218
102 286
102 245
102 429
102 215
102 166
103 128
103 119
103 274
103 286
103 471
103 220
103 298
103 419
104 374
104 188
105 370
105 126
105 407
105 416
105 210
105 387
106 200
106 359
106 460
106 122
107 351
107 256
107 307
107 288
107 433
107 498
107 402
107 187
108 409
108 340
108 440
108 354
108 207
108 195
108 318
108 294
109 490
109 399
109 213
110 132
110 425
110 212
110 193
110 258
110 380
110 341
110 194
110 117
110 361
110 472
111 373
111 350
111 183
111 371
111 145
112 135
112 270
112 448
112 260
112 386
112 449
112 240
113 349
113 188
113 354
113 361
113 126
113 419
113 142
113 397
114 152
114 456
114 304
114 473
114 471
114 277
115 455
115 256
115 321
115 401
115 494
115 453
115 444
116 288
116 354
116 151
116 235
116 206
116 263
116 473
116 275
117 487
117 472
117 385
117 373
118 124
118 165
118 420
118 283
118 399
119 489
119 128
119 342
119 435
120 270
120 406
120 422
120 273
120 482
121 437
121 361
121 399
121 321
121 140
121 299
121 277
122 282
123 278
123 194
123 163
124 346
124 354
124 172
124 403
124 299
124 149
125 179
125 222
125 329
125 494
125 417
125 354
126 146
126 371
126 162
126 480
126 429
126 376
127 454
127 444
127 216
127 412
127 281
127 194
127 147
128 314
129 141
129 286
129 366
129 445
129 228
130 467
130 237
130 458
130 190
131 229
131 439
131 388
131 459
131 425
131 394
131 218
131 316
131 358
131 321
131 267
132 223
132 475
132 435
132 208
132 248
132 363
132 201
133 163
133 288
133 151
133 402
133 371
133 433
134 353
134 150
134 326
134 308
135 287
135 193
135 497
135 253
135 408
135 394
136 334
136 206
136 405
136 162
136 213
136 252
136 372
136 384
137 288
137 241
137 203
137 415
137 374
137 188
137 287
137 437
137 150
138 236
138 251
138 392
138 359
138 419
138 367
138 443
139 253
139 208
140 328
140 378
140 330
141 356
141 292
141 357
141 379
141 408
141 339
142 443
142 367
142 346
142 356
142 207
142 449
143 225
143 170
143 158
143 410
143 258
143 465
143 371
144 457
144 165
144 248
144 482
144 458
144 346
145 276
146 192
146 171
146 319
146 303
146 392
147 319
147 248
147 187
147 468
147 268
148 319
148 256
148 421
148 417
148 207
148 212
148 214
148 235
149 171
149 403
149 424
150 163
150 164
150 321
150 280
150 193
151 157
151 271
151 201
151 447
151 400
151 357
151 156
152 311
152 207
152 293
152 277
152 160
152 434
152 494
152 237
152 178
153 362
153 390
153 349
154 376
154 477
154 219
154 302
155 296
156 417
156 368
156 300
157 319
157 167
157 295
157 216
157 292
157 275
157 318
158 291
158 409
158 284
158 319
159 322
159 310
159 242
159 356
159 357
159 164
160 213
160 493
161 219
161 351
161 389
161 229
161 267
162 340
162 265
162 164
162 319
162 490
162 438
162 299
162 375
162 408
162 476
162 479
163 391
163 191
163 224
163 399
163 326
163 392
163 421
164 212
164 468
164 188
165 261
165 399
165 323
165 263
165 232
165 411
166 252
166 300
167 462
167 204
167 405
167 327
167 206
167 300
167 305
168 413
168 329
168 291
168 411
169 335
169 343
169 303
169 292
169 474
170 426
170 323
170 464
170 473
170 268
170 368
170 378
171 226
171 491
171 419
171 465
171 197
172 299
172 283
172 317
172 448
172 196
172 417
172 326
173 430
173 351
173 332
173 304
174 374
174 185
174 449
174 200
174 290
175 320
175 240
175 246
175 335
175 490
175 305
175 183
176 238
176 314
176 188
176 387
176 352
176 285
177 187
177 336
177 183
177 383
177 224
178 321
178 409
178 326
179 351
179 264
179 192
179 254
179 424
180 243
180 229
181 226
181 204
182 401
182 347
182 491
182 266
182 467
183 276
183 314
183 266
183 307
184 258
184 318
184 187
184 281
184 490
184 280
185 492
185 371
185 440
185 421
185 346
185 324
186 279
186 228
186 327
186 427
186 289
187 296
187 307
187 455
188 245
188 298
188 242
188 401
188 319
189 362
189 321
189 304
189 354
189 382
189 259
190 424
190 433
190 386
190 271
190 478
190 346
190 463
191 404
191 466
191 329
191 365
191 408
191 198
192 303
192 445
193 481
193 367
193 407
193 447
193 331
194 290
194 212
194 250
194 492
194 320
194 412
194 419
194 374
194 228
195 400
195 470
195 350
195 244
196 276
196 285
196 202
197 429
197 273
198 337
198 259
198 359
198 368
198 258
199 353
199 312
200 292
200 399
200 304
200 467
200 311
201 477
201 438
202 297
202 330
202 304
202 430
202 338
202 269
202 289
202 415
203 348
203 432
203 235
205 403
205 369
205 353
206 418
206 229
206 462
206 284
206 230
206 389
206 485
207 495
207 377
207 296
207 262
207 279
208 258
208 286
209 363
209 257
209 337
209 329
209 422
209 312
209 252
209 367
209 424
210 493
210 462
210 494
210 269
211 272
211 452
211 316
211 247
211 485
211 301
212 432
212 376
212 462
212 419
213 219
213 245
213 392
213 302
213 237
213 308
213 284
213 411
213 478
214 301
214 487
214 282
214 431
214 409
214 317
215 358
215 238
215 348
215 445
216 435
216 257
216 475
216 360
217 426
217 362
217 487
217 229
217 243
218 490
218 461
218 248
218 274
219 269
219 279
219 225
220 330
220 358
220 228
220 405
220 305
221 371
222 387
222 274
222 411
223 406
223 259
223 445
223 282
223 407
223 239
223 263
223 432
224 293
224 250
224 375
224 301
224 355
224 244
224 294
224 392
225 270
225 313
225 420
226 380
226 408
226 375
226 333
226 236
226 338
227 367
228 287
228 492
228 293
229 317
229 351
229 234
229 471
229 389
230 266
230 288
230 383
230 390
231 308
231 235
232 397
232 426
232 467
232 392
232 243
233 387
233 378
233 297
233 341
233 465
233 470
234 309
234 380
234 352
234 424
235 333
235 492
235 498
235 471
236 482
236 346
237 455
237 251
237 371
237 244
237 325
237 430
238 314
238 324
238 458
239 349
239 251
239 283
239 331
239 290
239 310
240 484
240 259
240 296
240 291
240 385
240 457
240 267
241 497
241 442
241 318
241 390
241 354
241 299
241 474
241 315
241 406
241 350
242 299
242 476
242 451
242 494
242 303
242 465
242 392
243 437
244 406
244 429
244 344
244 251
244 454
245 468
245 274
245 266
245 359
246 281
246 431
246 376
246 321
247 388
247 306
247 415
248 350
248 310
248 398
248 498
249 420
249 348
249 476
249 271
250 347
250 342
250 348
250 485
250 435
250 466
251 264
251 395
251 437
251 381
251 362
251 332
251 272
252 351
252 375
253 305
253 363
253 408
253 347
254 384
254 449
255 375
255 446
255 485
255 360
255 380
255 358
255 415
255 307
256 349
256 473
256 348
256 401
256 437
257 494
257 418
257 271
258 263
258 299
259 425
259 356
259 339
259 304
259 496
259 361
260 447
260 357
260 450
260 463
261 430
261 302
261 434
261 399
262 396
263 472
263 284
264 367
264 330
264 328
264 277
265 450
265 330
265 308
265 316
265 322
265 462
266 281
266 420
266 440
266 470
267 273
268 483
268 423
268 424
269 328
269 344
269 405
269 426
269 499
269 483
269 401
270 464
270 444
270 391
270 280
270 309
270 346
271 411
271 498
271 473
272 406
272 348
272 340
273 345
273 389
273 280
273 362
274 407
275 351
275 496
275 372
275 463
276 397
276 361
276 364
276 470
276 310
277 287
277 322
277 301
278 433
278 472
278 285
279 392
279 295
279 340
279 291
279 452
279 336
279 490
280 479
281 449
281 418
281 415
281 342
281 387
282 359
282 301
282 412
282 350
283 377
283 462
283 376
283 440
284 434
284 374
284 312
284 454
285 296
285 402
285 337
285 357
285 497
285 352
286 308
286 326
286 291
287 492
287 299
287 419
287 412
288 353
288 422
288 481
288 332
288 313
288 419
289 331
289 485
289 384
290 292
291 362
291 464
291 425
291 330
292 480
292 294
292 397
292 429
292 341
292 496
293 344
293 477
293 348
293 346
294 320
294 409
294 369
295 325
295 472
296 320
296 391
296 426
296 319
297 375
297 448
297 405
298 339
298 306
298 474
300 474
301 307
301 445
302 382
302 377
304 366
304 408
304 412
305 343
305 399
305 408
305 351
307 462
307 466
307 406
308 362
309 383
309 380
309 425
309 437
311 466
311 363
313 371
313 413
313 453
314 366
314 335
314 379
314 491
314 421
314 429
314 344
314 411
315 468
315 432
316 389
316 445
317 364
317 405
317 476
317 462
317 352
317 318
317 377
318 499
318 465
318 391
318 347
319 470
319 412
320 452
320 488
320 471
320 392
321 469
321 478
322 409
322 353
323 431
323 481
323 372
323 459
324 363
325 471
325 474
325 389
325 477
325 409
326 465
326 473
326 491
327 457
327 335
328 337
329 452
329 396
329 332
330 418
332 345
333 461
333 347
333 419
334 378
334 366
335 498
335 474
335 482
336 459
336 493
336 343
336 384
336 357
336 435
337 474
337 496
338 354
338 378
338 400
339 372
339 420
340 367
340 381
341 469
341 449
342 493
342 491
343 409
343 451
343 432
343 394
344 485
344 442
344 362
344 389
344 483
344 494
344 433
345 364
345 371
345 496
347 421
348 437
348 428
348 383
349 410
349 352
350 490
350 483
350 440
351 411
351 401
351 435
351 452
352 391
352 461
353 488
353 446
354 391
354 485
354 392
354 488
355 440
355 494
356 393
356 380
356 462
356 425
356 371
356 465
358 393
359 392
359 498
359 430
360 496
361 364
361 383
362 411
363 488
363 367
363 377
364 438
365 444
366 476
367 408
367 419
367 467
367 487
368 421
368 376
368 478
368 419
369 373
369 434
370 426
370 422
371 465
371 490
372 387
372 482
372 469
372 475
373 485
373 403
373 398
373 410
373 389
374 457
374 485
374 483
376 488
376 489
377 498
377 482
379 464
379 389
380 407
380 477
380 472
380 408
381 389
381 466
381 416
382 426
382 499
383 410
383 459
383 453
384 456
388 416
389 479
390 451
391 425
391 482
391 401
391 490
392 426
393 497
395 423
396 401
396 482
396 432
397 402
397 458
398 404
398 428
400 421
400 491
400 454
400 483
400 466
401 434
401 425
401 416
403 446
404 413
405 427
405 459
405 430
405 492
406 430
406 495
407 433
408 446
408 464
408 413
408 465
411 464
411 471
411 469
414 489
415 425
415 465
418 420
419 428
420 446
420 454
420 472
422 483
422 438
423 480
423 441
424 441
424 495
424 440
424 436
425 465
425 479
426 450
426 440
426 499
426 471
428 483
428 469
428 481
429 456
429 469
430 490
431 433
434 486
434 438
436 496
436 478
437 464
437 475
440 457
442 475
442 494
443 473
444 495
444 482
444 480
445 485
448 449
448 490
452 499
452 481
453 462
454 456
454 495
454 493
456 482
461 466
467 471
469 477
470 471
474 487
486 492
489 494
