VERTICES = 500
EDGES = 2500
0 183
0 63
0 66
0 214
0 192
0 466
0 209
0 138
0 34
0 210
1 239
1 61
1 19
1 463
1 486
1 396
1 404
1 311
1 221
2 8
2 403
2 78
2 386
2 182
2 291
2 328
2 368
3 295
3 37
3 218
3 44
3 275
3 409
3 155
3 254
3 167
3 180
3 341
3 302
4 94
4 296
4 153
4 166
4 29
4 462
4 32
4 195
4 6
4 358
4 11
4 336
4 222
4 261
5 82
5 97
5 23
5 283
5 400
5 20
6 182
6 462
6 96
6 132
6 450
6 317
6 238
6 392
6 441
7 279
7 283
7 157
7 127
8 487
8 69
8 10
8 90
8 26
9 298
9 58
9 421
9 359
9 185
9 320
9 384
9 24
9 230
9 458
9 81
10 358
10 393
10 453
10 115
10 218
10 321
10 63
10 78
10 45
10 369
10 124
10 382
10 417
10 473
10 189
10 259
11 33
11 240
11 259
11 340
12 165
12 335
12 50
12 127
12 154
12 325
13 394
13 132
13 80
13 214
13 484
13 209
13 366
13 454
14 494
14 24
14 237
14 53
14 496
14 154
14 153
14 394
14 191
15 355
15 92
15 31
15 241
15 300
15 378
15 320
15 225
15 483
15 69
15 287
16 131
16 249
16 461
16 494
16 406
16 418
16 228
16 404
16 74
16 55
16 413
16 468
16 138
16 192
17 433
17 232
17 108
17 130
17 328
17 467
17 207
18 100
18 183
18 360
18 180
18 138
18 306
18 425
18 222
18 357
18 71
18 242
18 404
18 210
18 49
19 40
19 405
19 254
19 409
19 67
19 353
19 391
19 107
19 453
19 182
19 65
19 297
20 24
20 98
20 480
20 328
20 365
20 194
20 172
20 58
20 188
21 169
21 308
21 144
21 53
21 225
21 315
21 325
21 25
22 115
22 403
22 295
22 29
22 326
23 84
23 163
23 124
23 498
23 248
23 491
23 316
23 391
23 441
23 74
23 251
23 179
23 403
23 25
23 119
23 356
24 371
24 64
24 456
24 54
24 461
24 376
24 205
24 335
24 164
24 120
24 62
25 484
25 461
25 435
25 137
25 171
25 362
25 31
25 284
25 451
25 363
25 116
25 141
25 46
25 257
25 126
26 406
26 72
26 87
26 101
26 330
26 286
27 263
27 117
27 280
27 323
28 248
28 218
28 155
28 422
28 60
28 179
28 58
28 233
28 151
28 411
28 176
28 374
29 139
29 137
29 379
29 127
29 112
29 347
29 188
29 264
29 388
30 154
30 447
30 284
30 485
30 55
30 40
30 316
30 422
31 196
31 344
31 218
31 285
31 294
31 202
31 317
31 116
32 46
32 168
32 192
32 268
32 329
32 125
32 376
32 263
33 470
33 57
33 388
33 381
33 121
33 213
33 263
33 313
33 302
33 118
33 314
34 238
34 378
34 75
34 456
34 141
34 368
34 280
34 312
34 240
35 410
35 199
35 283
35 95
35 126
35 200
35 327
35 365
36 350
36 298
36 358
36 400
36 249
36 54
36 364
36 82
36 38
36 43
36 61
37 116
37 496
37 337
37 173
37 151
37 338
37 131
37 488
37 54
37 365
37 150
38 358
38 75
38 495
38 419
38 219
38 203
38 243
38 330
38 151
38 83
38 259
38 178
38 368
38 313
38 117
39 162
39 167
39 425
39 318
39 262
39 110
39 311
39 415
40 108
40 302
40 394
40 482
40 63
40 162
40 110
40 338
40 363
40 330
40 104
40 265
41 159
41 318
41 167
41 76
41 273
41 96
41 148
41 171
41 275
41 231
41 417
42 279
42 360
42 425
42 296
42 364
42 177
42 289
42 466
43 399
43 468
43 373
43 336
43 131
43 51
43 406
44 407
44 371
44 99
44 82
44 217
45 451
45 429
45 475
45 222
45 194
45 314
45 394
45 111
45 356
45 422
45 292
45 469
45 148
45 57
45 408
46 334
46 345
46 89
46 113
46 217
46 312
46 493
46 450
47 155
47 109
47 192
47 455
47 340
48 257
48 329
48 369
48 179
48 350
48 233
48 296
48 481
48 89
49 439
49 210
49 380
49 258
49 496
49 487
49 355
49 321
49 205
50 323
50 127
50 429
50 462
50 459
50 351
50 441
50 434
50 67
51 235
51 218
51 121
51 387
51 482
51 246
51 417
51 366
51 182
51 263
51 386
51 495
51 224
52 206
52 227
52 394
52 272
52 478
53 347
53 89
53 198
53 333
53 477
53 217
53 370
53 307
54 81
54 332
54 139
54 496
54 328
54 358
54 419
54 436
54 138
54 76
54 182
54 457
54 90
54 461
55 61
55 369
55 209
55 117
55 303
55 152
55 166
55 361
55 435
55 450
55 162
55 364
55 416
55 290
55 382
55 421
56 218
56 280
56 421
56 145
56 170
56 146
56 212
56 246
56 413
56 344
56 321
57 252
57 219
57 143
57 458
57 240
57 423
57 359
58 350
58 317
58 296
58 412
58 272
58 456
58 63
58 325
58 89
58 223
59 149
59 447
59 295
59 491
59 443
60 432
60 113
60 188
60 342
60 452
60 290
60 144
60 216
60 414
60 484
60 257
60 268
61 150
61 269
61 154
61 308
61 261
61 164
61 417
61 201
61 187
61 268
62 363
62 282
62 342
62 158
62 284
62 301
62 124
63 77
63 115
63 494
63 214
63 478
63 68
63 270
63 442
63 402
63 191
63 271
63 253
63 262
64 347
64 102
64 469
64 354
64 392
64 447
64 439
64 412
65 243
65 164
65 95
65 421
65 472
65 395
65 158
65 144
66 403
66 381
66 320
66 288
66 379
66 137
67 144
67 333
67 407
67 81
67 392
67 386
68 494
68 295
68 105
68 266
68 141
68 493
68 328
68 165
68 456
69 330
69 177
69 108
69 268
69 248
69 474
69 371
69 494
69 180
70 199
70 92
70 111
70 414
70 225
70 212
70 320
70 360
70 236
70 302
71 292
71 84
71 263
71 156
71 81
71 361
71 149
71 438
72 437
72 88
72 289
72 348
72 119
72 495
72 441
72 296
72 217
73 482
73 195
73 258
73 414
73 111
73 75
73 403
73 458
74 160
74 185
74 393
74 376
74 438
74 391
74 189
74 318
75 137
75 139
75 400
76 407
76 495
76 191
76 168
77 116
77 277
77 210
77 476
77 106
77 123
77 316
77 172
77 375
78 341
78 163
78 232
78 394
78 333
78 324
78 358
78 455
78 477
78 409
78 196
78 397
78 144
78 276
79 284
79 224
79 100
79 103
79 435
79 453
79 361
79 154
79 174
80 269
80 94
80 440
80 367
80 378
80 129
80 426
80 458
80 217
80 409
80 263
80 246
80 182
80 101
80 368
81 435
81 85
81 240
81 284
81 276
82 414
82 150
82 358
82 162
82 119
83 92
83 217
83 161
83 201
83 294
83 166
83 423
83 272
83 484
84 158
84 298
84 138
84 174
84 144
84 231
85 188
85 105
85 160
85 180
85 393
85 329
85 134
85 465
85 451
85 234
85 418
85 144
86 131
86 371
86 233
86 340
86 355
86 489
86 309
86 180
86 327
87 130
87 385
87 406
87 492
87 276
87 486
87 261
87 427
88 289
88 239
88 293
88 471
88 256
88 286
88 183
88 327
88 281
88 243
88 131
89 168
89 335
89 131
89 422
90 458
90 155
90 225
90 302
90 395
90 381
90 357
91 252
91 136
91 466
91 279
91 113
91 192
92 324
92 319
92 384
92 273
92 368
92 136
93 380
93 173
93 434
93 321
93 183
93 374
93 223
93 188
93 215
94 348
94 439
94 201
94 163
94 392
94 422
94 231
95 111
95 99
95 452
95 287
95 130
96 453
96 456
96 284
96 382
96 405
96 228
96 423
96 466
96 373
96 119
96 193
96 394
97 337
97 485
97 345
98 290
98 280
98 449
98 430
98 485
99 271
99 178
99 267
99 492
99 108
99 315
99 412
100 124
100 488
100 414
100 305
100 259
100 187
100 297
100 312
100 477
100 157
100 135
100 437
100 495
101 236
101 184
101 125
101 395
101 213
101 186
101 168
102 298
102 445
102 444
102 196
102 266
102 314
102 321
102 112
102 447
102 186
102 184
103 423
103 357
103 234
103 246
103 259
103 129
103 393
104 164
104 109
104 441
104 261
104 315
104 463
104 312
104 126
105 457
105 329
105 137
105 435
105 477
105 398
105 261
105 290
105 446
105 460
105 488
105 365
105 420
105 143
105 434
106 444
106 464
106 201
106 176
106 216
107 422
107 407
107 164
107 144
107 216
107 476
107 141
107 130
107 331
108 259
108 166
108 455
108 285
109 467
109 200
109 282
109 411
110 243
110 294
110 226
110 153
110 177
110 299
111 442
111 262
111 233
112 226
112 471
112 188
112 361
112 494
112 223
112 486
112 159
112 312
112 119
112 314
113 341
113 182
113 131
113 482
113 430
113 297
113 446
113 346
113 247
114 291
114 415
114 374
114 118
114 455
114 490
114 388
115 466
115 309
115 487
115 161
116 474
116 473
116 294
116 144
116 301
116 288
116 173
116 414
117 143
117 118
117 308
117 284
117 268
118 304
118 386
118 204
118 460
118 408
118 378
118 156
118 364
118 199
118 455
118 258
118 257
118 308
119 314
119 188
119 233
119 230
119 447
119 197
120 382
120 452
120 351
120 342
120 498
120 284
120 257
120 489
120 421
121 442
121 234
121 123
121 264
121 151
121 286
121 432
121 215
121 228
122 375
122 130
122 232
122 271
122 124
122 410
122 361
122 427
122 218
123 478
123 224
123 151
123 485
123 187
123 171
123 348
123 476
123 136
123 194
123 409
123 229
123 395
123 169
123 270
124 467
124 358
124 142
124 206
124 430
125 344
125 142
125 234
125 369
125 426
126 250
126 220
126 448
126 327
126 128
126 189
126 168
126 188
126 472
127 233
127 363
127 487
127 488
128 426
128 151
128 382
128 292
128 283
129 346
129 372
129 295
129 201
129 414
129 370
129 229
129 309
129 294
130 254
130 164
130 369
130 277
130 334
130 193
131 422
131 444
131 238
131 322
131 236
131 191
131 145
131 345
132 446
132 441
132 261
132 402
132 435
132 218
132 237
132 363
132 348
133 134
133 374
133 309
134 178
134 450
134 229
134 478
134 211
135 220
135 203
135 141
135 153
136 467
136 320
136 423
136 215
136 429
136 446
136 263
136 393
136 367
136 334
137 339
137 459
137 398
137 354
137 324
137 471
137 307
137 427
137 493
137 346
138 495
138 489
138 234
138 184
138 371
138 299
138 472
139 144
139 181
139 362
139 148
140 356
140 223
140 184
140 387
140 189
140 272
140 344
140 444
140 468
141 434
141 333
141 379
141 499
141 228
141 356
141 479
141 167
141 230
141 395
142 210
142 413
142 308
142 466
143 485
143 348
143 492
143 439
143 162
143 213
144 427
144 336
144 424
144 339
144 455
144 251
144 190
144 292
144 203
144 196
145 154
145 319
145 396
145 200
145 384
145 422
146 294
146 353
146 382
146 199
146 358
146 440
147 479
147 495
147 316
147 172
147 451
148 326
148 254
148 287
148 485
148 446
148 212
148 408
149 174
149 433
149 241
149 231
150 247
150 301
150 331
150 480
150 488
150 265
150 231
151 213
151 399
151 491
151 378
151 241
152 379
152 275
152 353
152 260
152 207
152 271
153 304
153 270
153 246
153 355
153 155
153 356
154 482
154 324
154 353
154 164
154 201
155 269
155 274
155 260
155 340
155 314
156 395
156 406
156 465
156 163
156 428
156 468
156 322
157 273
157 417
157 217
157 236
158 309
158 280
158 472
158 200
158 306
158 298
158 282
159 302
159 498
159 481
159 344
159 322
159 474
159 232
159 332
159 188
159 214
159 488
159 329
159 393
160 165
160 296
160 268
160 275
161 377
161 207
161 320
161 212
161 165
161 454
162 329
162 263
162 305
162 445
162 176
162 292
162 204
162 335
162 381
162 359
162 462
163 297
163 445
163 258
163 479
163 496
163 230
163 170
163 456
164 232
164 369
164 368
164 236
164 211
164 292
164 193
165 324
165 223
165 416
165 169
165 463
165 462
166 329
166 261
166 326
166 336
166 263
166 382
166 242
167 395
167 173
167 437
168 233
168 319
168 268
168 264
168 383
169 246
169 352
169 428
169 265
169 453
169 346
169 200
170 237
170 241
170 462
170 382
170 328
171 176
171 424
171 381
171 179
171 351
171 339
172 372
172 226
172 457
173 384
173 210
173 314
173 369
173 351
173 367
173 274
174 226
174 346
174 331
174 469
174 208
175 310
175 260
175 232
175 300
175 253
175 239
175 380
175 346
175 291
175 227
175 270
176 438
176 354
176 403
176 274
176 217
176 201
176 430
177 395
177 481
177 377
177 318
177 298
178 218
178 408
178 356
178 277
178 198
178 193
178 400
179 336
179 332
179 498
179 353
179 330
179 483
179 287
179 311
179 200
179 338
180 228
180 465
180 449
180 332
180 343
180 367
181 382
181 452
181 448
181 281
181 403
181 342
181 300
181 458
182 455
182 252
183 278
183 390
183 197
184 314
184 284
184 377
184 361
185 360
185 459
185 200
185 301
185 292
186 365
186 206
186 308
186 335
187 481
187 399
187 476
187 407
187 442
187 405
188 213
188 479
188 450
188 297
189 207
189 321
189 400
189 202
189 244
189 213
189 453
189 293
189 224
189 336
189 442
189 273
189 344
189 350
189 428
189 436
190 382
190 288
190 285
190 484
190 335
190 387
191 338
191 421
191 308
191 387
191 400
191 491
191 469
191 194
192 381
192 437
192 318
192 442
192 434
192 347
192 488
192 473
192 193
193 272
193 305
193 241
193 273
193 388
193 410
193 445
194 498
194 411
195 246
195 403
195 286
195 269
195 288
195 435
196 297
196 347
196 311
196 328
196 282
196 418
196 352
196 384
196 397
196 200
196 409
196 243
197 359
197 415
197 331
197 258
197 405
197 358
197 243
198 482
198 215
198 491
198 347
198 406
198 382
198 298
198 315
198 309
199 237
199 348
199 303
199 458
199 434
199 419
199 490
200 444
201 328
201 303
201 269
201 387
201 445
201 342
201 207
201 486
202 212
202 281
202 415
202 206
202 488
202 397
203 217
203 435
203 433
203 224
203 228
204 443
204 244
204 418
204 404
205 374
205 241
205 395
205 497
205 218
206 325
206 377
206 312
206 418
206 399
207 311
207 231
207 374
207 349
207 280
207 255
207 297
207 250
207 372
207 386
207 273
207 305
207 482
208 401
208 382
208 315
208 363
209 322
209 461
209 265
209 430
209 269
209 315
209 400
209 374
210 421
210 464
210 224
210 284
210 454
210 268
210 329
211 467
211 375
211 355
211 450
211 403
211 270
211 309
211 276
211 418
212 455
212 234
212 372
212 232
213 266
213 487
213 310
213 327
213 454
213 281
214 307
214 291
214 455
215 453
215 264
215 240
216 243
217 348
217 273
217 319
218 452
218 300
218 436
218 289
218 261
218 221
219 341
219 430
219 366
219 369
219 255
219 324
220 432
220 320
220 328
221 466
221 224
221 439
221 290
222 342
222 406
222 304
222 393
222 338
222 303
223 462
223 448
223 274
223 427
223 314
223 227
224 344
224 253
225 468
225 372
225 353
225 489
225 239
225 247
225 475
225 384
226 361
226 421
226 384
226 326
227 350
227 388
227 380
227 330
227 311
227 471
227 456
227 403
228 296
228 274
228 291
228 297
228 417
228 337
228 360
229 349
229 419
229 461
229 295
229 429
229 368
229 261
230 392
230 293
230 394
230 269
230 467
231 490
231 340
231 378
231 363
231 433
231 332
232 381
232 312
232 393
232 434
232 369
232 478
232 425
232 304
232 345
233 270
233 373
233 384
233 296
233 334
233 343
234 357
234 328
234 273
234 393
234 435
234 480
235 379
235 266
236 238
236 326
237 337
237 406
237 263
237 452
237 360
238 481
238 374
238 467
239 321
239 418
239 372
239 284
239 429
239 285
239 395
239 275
240 260
240 401
240 288
240 373
240 431
240 363
240 290
240 458
241 425
241 289
241 320
242 459
242 279
242 482
243 488
243 483
243 419
243 475
243 490
243 354
243 289
244 318
244 498
244 312
244 458
245 473
245 332
245 494
246 423
246 356
246 491
246 357
246 458
246 497
247 418
248 331
248 474
248 335
248 308
248 473
248 476
248 393
248 464
248 301
249 429
249 271
249 320
249 396
249 470
249 477
249 398
250 385
250 356
251 448
251 432
251 418
251 359
252 354
252 450
252 415
252 392
253 420
253 383
253 410
253 486
253 424
253 401
254 451
254 310
254 329
255 461
255 364
255 393
255 302
255 417
255 475
255 398
255 267
256 397
256 406
256 316
256 295
256 373
256 484
256 262
256 403
257 485
257 336
258 450
258 496
258 409
258 449
259 278
259 483
259 310
260 473
260 370
260 275
260 444
260 368
261 377
261 397
261 372
261 426
261 449
261 352
261 496
262 343
262 347
262 341
262 493
263 360
263 387
263 467
263 484
263 273
263 435
263 323
263 288
264 309
264 411
264 387
264 379
265 409
265 471
265 497
265 427
265 488
265 351
265 282
266 454
266 411
266 465
266 271
266 369
266 419
266 486
266 358
267 439
267 330
267 312
267 335
268 369
268 307
268 453
268 418
268 448
268 492
269 440
269 454
269 436
269 288
269 349
270 451
270 321
270 435
270 310
270 323
270 418
271 499
271 457
271 339
271 306
272 333
272 348
272 337
273 451
273 347
273 332
273 496
274 351
274 326
274 455
274 443
274 404
274 308
275 357
275 365
275 382
275 333
275 445
276 394
276 389
276 341
276 463
276 497
276 366
277 290
277 301
278 424
278 470
278 435
278 383
278 468
278 476
279 359
279 391
279 496
279 286
280 300
280 430
280 433
280 474
280 327
280 493
280 310
280 329
280 427
281 339
281 319
281 350
281 467
281 346
282 405
282 470
282 396
283 466
283 433
283 408
283 418
283 308
283 327
283 335
284 363
284 405
284 452
284 357
285 344
286 308
286 352
287 482
287 308
287 322
288 333
289 373
289 305
289 482
289 452
290 497
290 391
290 325
290 409
290 368
290 291
291 383
291 296
291 371
292 406
292 428
292 493
293 324
293 375
294 457
294 308
294 302
294 361
294 352
294 428
295 497
295 330
296 356
296 460
296 319
296 414
296 376
297 420
297 306
298 485
298 482
298 388
299 314
300 406
300 472
301 391
302 434
302 351
302 488
302 487
303 467
303 460
303 309
303 431
303 362
304 391
304 317
304 467
304 382
304 412
305 466
305 393
305 371
306 459
306 398
306 407
306 323
306 497
306 498
306 422
307 449
307 330
307 400
307 376
307 471
308 449
308 468
308 362
308 372
308 494
309 326
309 487
309 425
309 377
310 339
310 437
310 496
311 345
311 371
311 400
311 445
311 497
311 391
312 483
312 446
312 435
312 458
313 499
313 355
313 492
313 434
313 347
313 398
314 372
314 378
314 393
314 439
314 400
315 432
315 481
315 372
315 354
315 369
315 429
316 354
316 443
316 324
317 493
317 488
317 483
317 391
318 357
318 368
318 366
318 472
318 467
319 490
319 420
320 337
320 448
320 360
320 390
321 449
321 346
321 473
321 451
321 471
321 494
322 337
322 483
322 339
323 359
323 466
323 420
323 422
323 379
323 431
323 391
323 348
324 480
324 346
324 401
324 418
325 390
325 461
325 477
325 483
325 348
326 390
327 399
327 462
327 364
327 457
328 479
328 356
328 330
328 495
328 335
328 426
329 493
329 439
330 350
330 498
330 475
330 398
330 494
330 345
330 472
331 461
331 494
331 410
331 470
331 427
332 484
332 369
333 413
333 434
334 387
334 404
334 451
334 421
334 437
335 426
336 410
336 467
336 461
336 405
336 369
337 438
337 380
337 412
337 425
338 413
338 408
339 371
339 436
340 401
340 368
340 384
340 364
341 475
341 480
342 454
342 377
342 387
342 480
343 444
343 393
343 477
343 461
343 419
344 477
344 461
344 363
344 433
345 356
345 410
346 444
346 469
347 499
347 490
347 419
347 467
348 401
348 362
348 473
349 385
349 461
349 412
349 399
350 481
350 440
351 438
351 433
351 452
351 421
352 406
352 457
352 418
352 388
353 383
353 376
354 459
354 464
355 409
355 469
355 401
356 480
356 494
356 360
356 492
356 387
357 477
357 416
358 403
358 478
358 377
358 484
358 415
359 435
359 412
360 449
360 463
361 398
361 367
361 420
362 395
362 387
362 448
362 498
362 436
364 394
364 423
366 399
366 475
366 404
366 377
366 386
366 369
367 438
367 464
367 405
367 379
368 473
368 409
369 430
369 485
369 376
369 384
369 385
370 443
370 479
371 395
371 462
372 477
373 395
373 394
373 398
373 388
373 486
374 386
374 384
374 468
374 499
375 400
376 466
376 398
376 397
376 447
376 490
377 393
377 411
377 471
377 428
377 426
378 381
378 457
379 420
381 436
382 397
382 467
382 396
382 450
383 437
383 494
383 395
383 398
383 461
384 456
384 472
384 498
384 458
385 411
385 447
385 406
385 494
385 403
385 486
386 404
386 410
387 494
387 432
388 437
389 426
389 438
389 445
389 397
390 469
390 424
392 410
392 428
392 470
392 498
393 471
393 484
394 446
394 442
394 434
395 468
395 466
395 477
396 490
398 439
398 411
398 478
399 481
399 472
399 465
399 426
400 438
400 449
402 484
403 493
403 413
404 446
404 408
404 415
406 409
407 482
408 493
408 414
410 469
410 413
410 414
412 459
412 434
412 453
413 480
414 470
414 467
415 493
416 496
416 497
416 495
417 426
417 453
418 433
419 442
419 421
420 470
422 445
423 434
424 430
424 497
425 485
425 440
426 437
427 457
429 470
430 496
431 482
431 455
431 498
431 434
432 455
432 447
432 449
432 460
433 462
435 443
435 447
435 492
436 447
436 489
437 470
438 490
438 480
438 493
438 469
439 473
441 453
441 493
443 474
444 448
444 465
444 476
445 482
447 479
448 495
449 482
449 465
450 472
452 484
452 492
453 485
455 478
456 461
457 475
457 477
458 499
458 466
461 491
463 488
463 467
463 497
463 492
464 496
467 493
467 492
467 496
471 484
472 485
478 499
481 487
493 495
494 498
