VERTICES = 500
EDGES = 3000
0 159
0 426
0 196
0 5
0 113
0 168
0 79
0 254
1 235
1 283
1 445
1 392
1 50
1 185
1 130
1 134
1 264
1 109
1 83
2 213
2 42
2 108
2 63
2 291
2 153
2 67
2 55
2 323
2 303
2 17
2 266
2 468
3 418
3 318
3 43
3 311
3 303
3 494
3 224
3 471
3 230
3 8
3 406
3 272
3 317
3 208
4 233
4 56
4 369
4 27
4 154
4 38
4 296
4 48
5 293
5 411
5 47
5 234
5 354
5 384
5 123
5 255
5 102
5 391
5 473
5 245
5 371
5 263
6 253
6 104
6 482
6 244
6 360
6 355
6 49
6 321
6 423
7 431
7 486
7 82
7 481
7 57
7 83
7 330
7 280
7 403
7 195
7 80
7 399
7 496
8 17
8 443
8 263
8 412
8 357
8 116
8 356
8 481
8 302
8 270
8 361
8 355
8 136
9 220
9 331
9 189
9 165
9 267
9 42
9 284
9 81
9 484
9 396
9 378
9 170
10 177
10 55
10 489
10 230
10 77
10 468
10 464
10 102
10 100
11 156
11 278
11 397
11 461
11 244
11 317
11 136
11 72
11 191
11 163
11 477
11 497
11 393
11 188
11 413
11 123
11 414
11 400
12 448
12 249
12 112
12 206
12 114
12 67
12 207
13 35
13 397
13 178
13 117
13 109
13 151
13 239
13 370
13 305
14 486
14 262
14 83
14 297
14 180
14 364
14 59
14 271
14 101
14 275
14 331
14 359
14 23
14 17
14 321
14 285
15 39
15 403
15 70
15 296
15 58
15 40
15 338
15 343
15 248
15 140
15 247
15 153
15 289
16 88
16 161
16 30
16 442
16 481
16 356
16 23
16 461
16 39
16 296
16 298
16 168
16 255
17 61
17 44
17 380
17 376
17 74
17 313
17 322
17 285
17 300
17 37
17 138
17 165
17 263
17 333
18 380
18 87
18 415
18 393
18 357
18 271
19 38
19 296
19 207
19 70
19 267
19 220
19 298
20 325
20 89
20 293
20 272
20 98
20 497
20 190
20 61
20 57
20 451
20 387
20 456
20 337
20 141
20 232
20 253
21 315
21 134
21 427
21 269
21 422
21 425
21 428
21 365
21 263
21 491
21 202
21 321
21 135
22 313
22 418
22 51
22 440
22 52
22 83
22 24
23 178
23 376
23 193
23 35
23 144
23 364
23 245
23 438
23 209
23 234
23 180
23 449
23 464
24 350
24 189
24 31
24 496
24 26
24 216
24 294
24 37
24 262
24 53
25 497
25 453
25 80
25 58
25 304
25 195
25 148
25 461
25 238
25 28
25 173
26 483
26 412
26 294
26 369
26 395
26 198
26 186
26 90
26 210
26 427
26 327
26 157
27 460
27 44
27 455
27 267
27 104
27 60
27 381
27 250
27 193
27 191
27 376
27 444
27 473
28 70
28 188
28 193
28 272
28 367
28 250
28 311
29 115
29 381
29 373
29 56
29 88
29 195
29 40
29 219
29 243
29 299
30 47
30 435
30 219
30 466
30 152
30 363
30 61
30 188
30 105
30 313
30 441
30 406
30 337
30 174
30 186
30 438
31 333
31 220
31 270
31 179
31 272
31 251
31 88
31 299
31 249
32 494
32 104
32 220
32 397
32 414
33 471
33 96
33 443
33 343
33 393
33 454
33 342
33 101
33 185
33 275
34 413
34 362
34 386
34 488
34 378
34 283
34 165
35 38
35 224
35 73
35 74
35 375
35 182
35 465
35 68
35 379
35 476
36 179
36 97
36 98
36 497
36 384
36 310
36 102
36 288
36 335
36 138
36 396
37 70
37 424
37 265
37 195
37 496
37 355
37 82
37 328
37 63
37 211
38 263
38 296
38 233
38 406
38 321
38 433
38 48
38 489
38 50
38 190
38 65
38 287
38 71
39 121
39 114
39 410
39 99
39 205
39 81
39 271
39 325
39 335
39 138
39 382
39 209
39 423
40 456
40 111
40 125
40 91
40 239
40 58
40 367
40 222
41 312
41 239
41 324
41 80
41 260
41 349
41 141
41 432
41 126
41 255
41 90
42 47
42 76
42 195
42 291
42 45
42 388
42 342
42 281
42 138
42 448
42 333
42 293
43 345
43 305
43 162
43 156
43 139
43 405
43 385
43 174
43 481
43 470
43 112
43 459
43 110
43 81
43 286
43 230
43 296
44 401
44 113
44 379
44 70
44 325
44 53
44 368
44 227
44 56
44 142
45 456
45 228
45 186
45 133
45 374
45 392
45 240
45 437
45 314
45 68
45 111
45 181
45 91
45 164
45 439
46 499
46 72
46 374
46 166
46 312
46 320
46 496
46 112
46 205
46 493
46 108
47 266
47 443
47 456
47 320
47 138
47 144
47 485
47 73
47 445
47 395
47 300
47 292
48 429
48 450
48 250
48 202
48 440
48 314
48 107
48 467
48 74
48 438
48 77
49 151
49 437
49 304
49 334
49 216
49 259
49 80
49 203
49 319
49 205
49 298
49 474
49 138
50 78
50 145
50 139
50 214
50 163
50 223
50 258
50 264
50 111
50 292
50 146
50 466
50 391
50 159
50 55
50 143
51 195
51 426
51 351
51 215
51 298
51 88
51 407
52 483
52 479
52 323
52 385
52 261
52 66
52 308
52 181
52 471
52 156
52 491
52 208
52 264
52 432
52 354
52 402
53 188
53 267
53 342
53 324
53 409
53 328
54 61
54 480
54 134
54 108
54 248
54 282
54 140
54 137
54 281
54 373
54 93
54 78
54 62
54 429
54 349
55 126
55 63
55 337
55 125
55 232
55 437
55 79
55 411
55 227
55 379
55 92
55 396
56 237
56 483
56 139
56 247
56 192
56 120
56 69
56 288
57 462
57 351
57 115
57 364
57 241
57 485
57 143
57 315
57 295
57 248
57 133
57 381
58 371
58 315
58 391
58 380
58 308
58 422
58 251
58 389
58 497
58 374
59 120
59 422
59 234
59 237
59 238
59 425
59 298
59 462
59 317
59 254
59 184
59 405
60 469
60 134
60 270
60 324
60 301
60 107
60 232
60 220
60 371
60 170
60 332
60 482
61 109
61 456
61 215
61 197
61 483
61 123
61 74
61 291
62 404
62 67
62 138
62 320
62 160
62 420
62 402
62 205
62 416
62 199
62 158
62 166
63 204
63 70
63 163
63 372
63 488
63 434
63 375
63 459
63 246
64 163
64 136
64 111
65 99
65 451
65 182
65 422
65 212
65 420
65 151
65 306
65 349
65 75
65 219
65 447
65 386
65 470
66 176
66 232
66 428
66 136
66 494
66 97
66 306
67 219
67 458
67 193
67 288
67 182
67 482
67 371
67 150
67 340
67 405
67 387
67 353
67 303
67 135
67 390
67 228
67 155
67 195
68 175
68 387
68 322
68 259
68 114
68 338
68 194
68 405
68 386
68 359
69 466
69 314
69 388
69 114
69 494
69 153
69 362
70 91
70 181
70 237
70 171
70 80
70 473
70 183
70 247
70 442
70 236
70 440
70 138
70 215
70 304
71 348
71 325
71 446
71 439
71 480
71 104
71 492
71 165
71 436
71 196
71 459
71 387
71 274
71 309
72 377
72 257
72 472
72 488
72 234
72 386
72 233
72 497
72 411
72 478
72 130
73 231
73 275
73 235
73 137
73 431
73 157
73 120
73 224
73 98
73 346
73 213
74 493
74 216
74 94
74 363
74 427
74 465
74 368
74 415
74 109
74 194
74 188
74 231
74 424
74 410
74 197
74 421
74 278
74 384
75 299
75 354
75 381
75 166
75 471
75 186
75 409
75 269
75 291
75 458
75 336
75 331
76 266
76 217
76 176
76 104
76 451
76 239
76 305
76 121
76 496
77 384
77 433
77 105
77 178
77 199
77 172
77 427
78 441
78 448
78 169
78 411
78 473
78 482
78 86
78 379
78 113
78 454
78 133
78 348
78 499
78 322
78 239
78 211
78 424
78 333
79 313
79 91
79 445
79 343
79 119
79 196
79 472
79 223
80 355
80 311
80 443
80 84
80 485
80 461
81 144
81 480
81 300
81 219
81 417
81 278
81 325
81 312
81 348
82 400
82 279
82 202
82 244
82 378
82 350
83 305
83 288
83 174
83 428
83 356
83 88
83 200
83 164
83 280
83 91
84 278
84 111
84 148
84 291
84 245
84 239
84 242
84 179
84 424
85 435
85 242
85 115
85 259
85 312
85 438
85 295
85 442
85 444
85 452
86 301
86 396
86 211
86 144
86 152
86 290
86 399
86 263
86 206
86 424
86 275
86 100
87 483
87 365
87 133
87 221
87 249
87 462
87 227
87 212
87 349
87 420
87 316
87 105
87 231
88 487
88 396
88 316
88 93
88 162
88 239
88 106
88 326
88 269
88 134
88 426
88 116
89 335
89 412
89 432
89 285
90 290
90 480
90 314
90 364
90 479
90 205
90 292
90 356
90 379
91 286
91 183
91 175
91 376
91 283
91 141
91 333
91 299
91 496
91 364
91 214
91 338
92 202
92 452
92 461
92 243
92 181
92 457
92 203
92 154
92 161
92 177
92 372
92 338
93 193
93 149
93 163
93 183
93 339
93 263
93 380
93 169
94 97
94 302
94 404
94 203
94 403
94 362
95 458
95 356
95 253
95 325
95 213
95 163
95 219
95 196
95 311
95 128
95 223
95 270
96 464
96 98
96 216
96 425
96 227
96 132
97 283
97 230
97 493
97 210
97 313
97 126
97 247
97 165
97 394
98 205
98 270
98 469
98 495
98 278
98 408
98 202
98 340
98 378
98 251
98 168
99 424
99 269
99 249
99 124
99 314
100 451
100 220
100 122
100 476
100 398
100 464
100 150
100 196
101 195
101 369
101 169
101 221
101 125
101 298
101 373
101 382
102 357
102 299
102 105
102 176
102 194
102 215
102 398
102 254
103 340
103 130
103 323
103 477
103 126
103 112
103 348
103 136
103 153
103 463
103 172
104 262
104 235
104 295
104 210
104 146
104 450
104 164
104 383
105 213
105 375
105 297
105 469
105 223
105 292
105 179
105 366
105 122
105 164
105 166
106 172
106 389
106 142
106 342
107 170
107 291
107 482
107 297
107 265
107 122
107 312
107 395
107 322
107 363
107 286
107 351
107 305
107 185
107 455
108 205
108 493
108 407
108 402
108 359
108 449
108 435
108 456
108 231
108 274
108 369
109 234
109 159
109 473
109 339
109 229
109 378
109 379
109 288
109 120
110 150
110 421
110 397
110 344
110 294
110 323
111 338
111 353
111 398
111 156
111 430
111 221
111 439
111 465
111 250
111 265
111 364
112 192
112 161
112 456
112 217
112 240
112 149
112 383
112 431
113 334
113 134
113 444
113 328
113 484
113 366
113 121
113 280
114 292
114 291
114 352
114 127
114 296
114 166
114 183
114 248
114 262
114 161
114 216
114 427
114 171
115 289
115 207
115 484
115 145
115 358
115 498
115 422
115 174
116 436
116 382
116 236
116 491
116 453
117 209
117 408
117 174
117 342
117 226
117 137
117 252
117 223
117 334
117 397
117 330
117 433
118 292
118 340
118 389
118 146
118 130
118 461
118 267
118 291
118 378
118 429
118 491
119 322
119 477
119 437
119 272
119 360
119 397
119 164
119 183
119 391
119 400
119 405
119 308
119 256
120 390
120 286
120 415
120 164
120 269
120 237
120 301
120 476
120 263
120 287
120 171
121 422
121 251
121 348
121 499
121 240
121 204
121 185
121 429
122 491
122 408
122 261
122 484
122 410
122 401
122 370
122 480
122 247
123 393
123 498
123 221
123 392
123 133
123 323
123 289
123 259
123 253
123 224
124 144
124 458
124 243
124 343
124 487
124 499
124 348
124 374
124 315
125 397
125 398
125 245
125 167
125 403
125 197
125 179
125 330
125 309
125 181
125 247
125 313
126 163
126 313
126 246
126 437
126 426
126 141
126 400
126 304
126 257
126 372
126 458
127 152
127 160
127 128
127 444
128 255
128 302
128 274
128 254
128 395
128 385
128 310
128 389
128 326
128 178
129 413
129 469
129 149
129 146
129 346
130 251
130 417
130 367
130 398
130 457
130 180
130 497
130 155
130 456
130 454
130 347
130 166
131 288
131 453
131 447
131 238
131 331
131 285
131 164
131 339
132 359
132 381
132 182
132 435
132 475
132 229
132 489
132 421
132 312
132 301
133 353
133 156
133 241
133 390
133 144
133 239
133 347
133 186
134 138
134 169
134 433
134 193
134 488
134 236
134 479
134 203
135 196
135 321
135 240
135 443
135 346
135 427
135 269
136 379
136 353
136 359
136 270
136 457
136 289
136 330
136 415
136 239
136 159
137 493
137 214
137 365
137 271
138 223
138 307
138 370
138 441
138 140
138 366
138 175
138 333
138 419
138 465
138 435
138 444
138 377
138 304
138 188
139 395
139 367
139 396
139 206
139 282
139 345
139 275
139 384
139 383
139 295
140 325
140 244
140 219
140 266
140 223
140 285
140 313
140 425
140 331
140 278
141 321
141 316
141 270
141 304
141 313
141 276
141 230
141 244
141 424
141 325
141 189
142 243
142 435
142 399
142 149
142 208
142 459
142 255
142 258
143 164
143 459
143 486
143 461
143 402
143 253
143 384
143 477
143 450
143 203
144 227
144 331
144 171
144 267
144 212
144 260
144 283
145 469
145 180
145 466
145 493
145 253
145 154
145 456
145 429
145 363
145 482
146 169
146 287
146 454
146 389
146 157
146 283
146 198
146 167
146 479
146 432
146 267
146 328
146 467
146 302
147 348
147 416
147 222
147 334
147 357
147 436
147 178
147 499
147 302
148 232
148 477
148 494
148 397
148 383
148 261
148 325
148 189
148 445
148 326
149 302
149 259
149 244
149 188
149 479
149 475
150 486
150 359
150 197
150 440
150 352
150 286
150 290
150 265
150 232
151 474
151 202
151 158
151 430
151 308
151 234
151 237
151 152
152 224
152 473
152 459
152 407
152 319
152 312
152 233
152 334
152 187
153 324
153 493
153 196
153 473
153 453
153 207
154 242
154 406
154 386
154 295
154 170
154 287
154 377
154 283
154 201
154 418
155 442
155 234
155 373
155 337
155 466
155 176
156 397
156 406
156 390
156 220
156 191
156 219
156 434
156 487
156 489
157 382
157 437
157 416
157 479
157 254
157 287
157 347
157 467
158 249
158 385
158 193
158 493
158 250
158 417
158 492
158 340
158 209
159 404
159 332
159 213
159 347
159 376
159 366
159 271
159 212
159 170
159 228
160 367
160 371
160 485
160 238
160 233
160 380
160 396
161 485
161 475
161 174
161 464
161 212
161 369
161 305
161 320
161 272
161 324
162 201
162 295
162 179
162 416
162 498
162 262
162 419
162 489
162 364
162 243
163 167
163 354
163 315
163 275
163 222
164 341
164 168
164 166
164 201
164 466
164 428
164 307
164 440
164 396
164 491
165 181
165 392
165 457
165 486
165 316
166 432
166 342
166 474
166 446
166 461
167 326
167 482
167 264
168 222
168 268
168 499
168 420
168 218
168 492
168 175
168 213
168 437
168 327
168 259
168 242
169 320
169 208
169 454
169 372
169 303
169 261
169 256
169 210
170 493
170 276
170 425
170 232
170 481
170 328
170 209
170 307
170 495
170 215
170 275
171 406
171 291
171 365
171 384
171 438
171 228
171 363
171 217
172 390
172 430
172 442
172 223
172 211
172 461
172 434
172 204
172 213
172 279
172 477
172 334
173 474
173 356
173 275
173 449
173 369
174 325
174 269
174 321
174 222
174 178
175 269
175 268
175 400
175 287
175 416
175 233
175 354
175 176
175 331
176 437
176 339
176 458
176 341
176 196
176 403
176 350
176 329
176 428
177 339
177 385
177 282
177 435
178 467
178 187
178 436
178 387
178 323
178 370
179 249
179 382
179 456
179 422
179 387
179 267
180 437
180 395
180 282
180 366
180 277
180 440
180 356
180 495
181 187
181 452
181 322
181 454
181 208
182 234
182 368
182 410
183 231
183 445
183 326
183 494
183 200
183 420
183 308
184 421
184 489
184 351
184 474
184 468
184 411
184 408
185 207
185 390
185 428
185 404
185 261
185 230
185 213
185 228
185 347
185 431
186 289
186 245
186 471
186 323
186 286
186 446
186 412
186 249
186 278
187 323
187 446
187 487
187 340
187 188
187 463
188 341
188 196
188 482
188 398
188 293
188 430
188 216
188 233
189 354
189 394
189 490
189 372
189 414
189 464
189 201
190 443
190 252
190 272
190 437
190 274
190 280
190 270
190 228
191 439
191 283
191 266
191 291
191 324
191 309
192 490
192 277
192 458
192 474
192 367
192 302
192 366
192 270
192 239
192 466
192 295
192 286
192 240
193 458
193 281
193 295
193 362
193 405
193 232
193 305
193 374
193 431
194 344
194 288
194 498
194 334
194 276
194 358
194 374
194 275
195 335
195 317
195 201
195 198
195 459
195 404
195 220
196 325
196 271
196 334
196 215
196 270
196 312
197 277
197 305
197 230
198 258
198 445
198 339
198 379
198 346
198 269
198 498
199 404
199 274
199 369
199 478
199 257
199 429
199 461
199 279
199 361
199 491
199 228
199 425
199 304
199 334
199 436
199 261
200 251
200 269
200 284
200 376
200 425
200 388
201 229
201 276
201 340
201 408
201 350
201 308
201 468
201 296
201 428
202 234
202 374
202 320
202 271
202 444
203 377
203 232
203 320
203 350
204 218
204 477
204 473
204 397
204 276
204 386
205 474
205 365
205 462
205 330
205 454
205 471
206 297
206 245
206 223
206 211
206 423
206 470
206 254
207 412
207 277
207 304
207 348
207 254
207 344
208 290
208 463
208 264
208 335
208 419
208 319
208 448
209 483
209 333
209 322
209 321
209 258
209 396
209 311
209 284
210 489
210 378
210 218
211 411
211 285
211 259
211 342
211 426
211 487
211 277
212 236
212 422
213 235
213 296
213 332
213 289
213 444
214 403
214 392
214 461
214 240
214 370
214 254
214 453
214 469
214 280
214 495
215 376
215 460
215 475
215 340
215 459
215 472
215 304
216 375
216 377
216 267
216 497
216 494
217 315
217 496
217 336
217 258
217 446
217 490
218 392
218 379
218 240
218 284
219 462
219 425
219 456
219 312
219 334
220 288
220 361
220 355
220 320
220 257
220 264
220 404
221 271
222 244
222 473
222 472
222 372
222 465
222 286
222 350
222 410
222 237
223 471
223 313
223 386
223 426
223 488
223 316
223 434
223 279
224 291
224 364
224 386
224 305
224 454
224 322
224 324
225 319
225 452
225 499
225 241
225 304
225 307
225 327
226 312
226 351
226 487
226 313
226 399
226 367
226 435
227 293
227 472
227 247
227 478
227 341
227 380
227 238
227 287
227 432
227 245
227 282
228 298
228 337
228 376
228 361
228 244
229 430
229 244
229 308
229 300
229 489
229 274
229 437
230 293
230 378
230 291
230 475
230 256
230 447
230 497
230 466
231 479
231 488
231 333
231 359
231 269
231 347
231 385
231 371
232 339
232 406
232 311
232 438
232 260
233 330
233 426
233 375
233 485
233 431
233 358
233 382
233 319
233 420
233 403
234 443
234 472
234 297
234 340
234 354
234 372
234 459
234 358
235 384
235 432
235 320
235 377
235 258
235 485
235 424
236 445
236 440
236 284
236 374
236 361
236 394
237 251
237 450
237 399
237 387
237 473
237 495
237 434
237 406
237 350
237 449
238 408
238 440
238 348
238 288
238 248
238 421
239 242
239 368
239 402
239 438
239 330
239 331
239 435
240 312
240 447
241 303
241 255
241 285
241 355
241 386
241 368
241 307
241 425
242 314
242 446
242 490
242 375
242 309
243 493
243 245
243 459
243 432
243 246
243 437
244 366
244 374
244 323
244 449
244 412
244 274
245 257
245 373
245 318
245 463
245 322
245 496
246 263
246 347
246 394
247 350
247 314
247 402
247 495
247 493
247 308
247 442
247 277
247 315
247 335
248 413
248 359
248 384
248 373
248 428
248 315
248 472
249 297
249 265
249 414
249 351
250 266
250 453
250 295
250 392
250 288
251 454
251 335
251 442
252 359
252 272
252 443
252 282
252 435
252 397
252 437
252 468
252 307
252 478
253 372
253 480
253 363
253 323
254 441
254 477
254 357
254 409
254 358
254 339
254 380
255 369
255 430
255 316
255 274
256 438
256 376
256 427
256 259
256 303
257 268
257 332
257 480
257 498
257 276
257 415
258 370
258 383
258 429
258 397
258 419
258 499
258 317
258 283
259 437
259 422
259 302
259 393
259 373
260 357
260 293
260 409
260 289
260 275
261 310
261 461
261 470
261 384
261 290
262 468
262 297
262 390
262 416
262 320
262 375
262 365
263 456
263 337
263 281
263 413
264 471
264 266
264 398
264 456
264 345
264 403
264 484
264 285
264 448
264 289
265 412
265 394
265 296
265 479
265 461
265 438
265 379
265 427
265 326
266 429
266 353
266 341
266 424
266 280
266 301
266 287
267 287
267 359
267 483
267 436
268 442
268 279
268 409
268 423
268 441
268 329
268 354
269 472
269 281
269 300
269 362
269 328
269 402
270 336
270 305
270 499
270 414
270 406
271 490
271 486
271 352
271 308
272 398
272 331
272 406
272 310
273 452
273 477
273 404
274 456
274 314
275 406
275 434
275 361
276 280
276 430
276 489
276 295
277 379
277 370
277 465
277 309
277 473
277 279
278 339
278 388
278 475
278 346
279 381
279 312
279 379
279 361
280 450
280 436
280 300
280 430
280 451
280 373
280 337
281 472
281 412
281 452
281 372
281 300
282 285
282 385
282 382
282 350
282 364
282 322
283 374
283 485
283 442
283 437
283 314
284 368
284 323
284 380
284 391
284 475
284 441
285 304
285 335
285 360
285 401
285 488
286 486
286 489
286 306
286 390
286 476
286 412
286 435
286 327
287 414
288 402
288 333
288 385
288 415
288 435
288 489
288 328
289 301
289 436
289 386
289 482
290 412
290 435
291 300
291 384
291 342
291 450
292 378
292 486
292 482
292 308
292 382
292 377
292 296
292 371
293 497
293 327
293 342
294 352
294 398
294 296
295 374
295 383
295 317
296 368
296 299
296 360
296 481
296 330
297 409
297 351
297 420
297 373
297 348
297 396
297 474
298 476
298 346
298 484
298 416
298 400
299 449
299 457
299 434
299 439
299 350
299 404
300 465
300 317
300 357
300 354
300 462
300 491
301 394
301 345
301 408
301 362
301 463
302 306
302 376
302 428
302 395
302 480
302 388
302 379
303 330
303 471
303 344
303 474
303 359
303 489
303 358
304 406
304 408
305 422
305 313
305 377
305 479
306 409
306 408
307 498
307 394
307 457
307 345
307 399
307 341
308 386
308 489
308 394
309 396
309 359
309 383
309 467
309 395
310 431
310 379
310 422
310 477
310 438
310 344
311 337
311 328
311 344
312 359
312 390
313 414
313 388
313 498
314 387
314 332
314 333
314 358
315 339
315 332
315 412
315 492
316 346
316 453
316 341
316 457
317 427
317 404
317 368
317 492
318 434
318 352
318 425
318 492
318 388
319 483
319 365
319 424
320 360
320 481
320 454
320 384
320 469
320 492
320 458
320 389
321 494
321 467
321 412
321 407
321 399
321 398
321 403
321 497
321 389
322 486
322 395
323 492
323 432
324 432
324 481
324 443
324 407
324 352
324 434
325 427
325 482
325 412
326 475
326 433
326 368
326 385
326 492
327 419
327 420
327 467
327 479
328 347
328 357
328 451
328 454
329 465
329 349
329 393
329 410
330 495
330 347
330 333
331 442
331 401
332 491
332 417
332 338
332 452
332 418
332 425
333 426
333 397
333 459
333 469
334 466
334 406
334 391
334 398
334 404
335 342
335 487
335 452
335 336
335 441
336 338
336 497
337 371
337 438
337 400
337 468
337 475
338 354
338 357
338 460
339 461
339 484
339 408
339 381
340 490
340 461
340 400
340 446
340 477
340 413
341 417
341 393
342 391
342 423
342 470
342 474
342 464
343 448
343 359
343 485
343 450
343 429
344 402
344 369
344 411
344 444
344 396
344 405
345 401
345 389
345 399
345 367
346 478
346 360
346 409
346 453
346 365
346 464
346 430
347 435
347 472
347 484
347 427
347 449
348 387
348 417
348 485
349 470
349 474
349 417
349 438
350 461
350 418
350 495
350 422
350 419
350 438
351 440
351 422
351 487
351 479
351 476
351 496
352 413
353 390
353 466
354 435
354 413
354 355
354 369
355 448
355 441
355 462
355 444
357 480
357 374
357 442
357 418
357 427
357 391
357 404
358 419
358 379
358 456
359 389
359 404
360 438
360 365
360 380
361 388
361 433
361 469
361 453
361 463
361 464
362 476
362 374
362 441
363 489
363 415
363 436
363 477
364 442
364 373
365 452
365 421
366 377
366 392
366 439
367 403
368 443
368 458
369 387
369 377
369 429
370 417
370 445
370 379
371 373
371 425
371 390
371 385
372 475
372 408
372 373
372 441
372 479
373 473
373 445
373 462
374 465
374 385
374 491
375 384
375 385
376 435
376 454
376 469
377 447
377 414
377 482
377 406
378 448
378 382
378 411
378 408
379 454
379 484
379 395
379 475
379 433
380 490
381 469
381 463
381 417
383 384
384 469
384 422
384 427
384 419
384 467
385 402
385 452
385 417
385 392
386 449
386 420
387 443
387 419
388 458
388 407
389 422
389 413
390 423
391 423
391 491
391 426
392 393
392 455
392 480
393 410
393 450
393 498
393 433
393 454
394 469
394 445
395 408
396 486
396 464
397 461
397 415
397 436
397 488
397 491
398 416
398 418
398 486
398 420
399 401
402 418
402 443
402 456
403 435
403 443
403 431
403 463
403 478
404 461
404 466
404 443
405 412
405 442
406 442
406 479
408 472
408 494
408 492
409 467
409 493
410 467
411 465
411 494
411 425
411 438
412 437
413 478
414 478
415 429
415 432
415 441
416 466
417 467
417 432
417 441
417 446
418 479
418 460
418 486
418 428
418 452
419 461
419 478
419 422
420 428
420 475
420 488
421 434
421 444
423 498
423 458
423 446
424 472
424 476
424 482
425 454
425 446
425 457
425 427
426 490
427 450
427 484
427 478
427 464
427 493
428 431
428 469
430 445
430 496
432 443
432 440
432 495
433 446
433 458
433 448
433 491
433 466
433 461
434 496
435 455
435 443
435 486
436 491
436 487
436 448
437 465
441 495
441 444
441 448
441 455
442 461
444 454
444 498
445 497
446 450
446 454
447 486
448 483
448 457
448 481
449 452
452 488
452 480
453 490
454 457
454 462
455 456
457 458
458 471
459 497
459 470
461 483
463 487
463 482
463 475
468 481
470 489
471 473
477 484
477 491
477 480
480 491
484 486
