VERTICES = 500
EDGES = 3500
0 220
0 331
0 407
0 170
0 78
0 216
0 46
0 45
0 33
0 385
0 211
0 131
1 159
1 127
1 135
1 367
1 499
1 298
1 329
1 77
2 448
2 18
2 457
2 12
2 254
2 207
2 116
2 65
2 396
2 179
2 33
2 320
2 8
2 489
2 237
2 104
2 360
2 169
2 399
2 19
3 190
3 193
3 140
3 416
3 385
3 44
3 235
3 273
3 322
3 195
3 335
3 21
3 74
4 180
4 172
4 74
4 382
4 431
4 471
4 337
4 96
4 329
4 168
4 30
4 475
4 286
5 236
5 251
5 45
5 457
5 172
5 442
5 274
5 56
5 18
5 127
5 8
5 91
5 46
5 428
6 44
6 142
6 468
6 254
6 212
6 126
6 240
6 371
6 447
7 87
7 150
7 408
7 340
7 385
7 90
7 250
7 298
7 437
7 123
7 120
7 152
7 28
8 466
8 162
8 247
8 388
8 190
8 258
8 448
8 307
8 386
8 420
8 52
8 277
8 90
9 444
9 210
9 175
9 112
9 141
9 439
9 261
9 415
9 318
9 455
9 433
10 301
10 124
10 325
10 13
10 83
10 275
10 362
11 485
11 208
11 243
11 77
11 329
11 15
11 99
11 41
11 267
11 146
11 89
11 301
11 204
12 18
12 362
12 264
12 412
12 488
12 337
12 472
12 420
12 347
12 193
12 464
12 251
12 261
12 308
12 75
12 177
12 457
13 499
13 395
13 25
13 158
13 406
13 33
13 473
13 396
13 438
13 319
13 293
13 306
13 22
13 276
13 46
14 460
14 136
14 222
14 193
14 230
14 391
14 353
14 381
14 144
14 54
14 450
14 16
14 256
15 437
15 225
15 43
15 344
15 324
15 213
15 224
15 218
15 178
15 353
15 465
15 376
15 428
15 475
15 402
15 62
16 289
16 331
16 134
16 392
16 151
16 462
16 148
16 395
16 357
16 307
16 254
16 176
17 360
17 62
17 352
17 125
17 323
17 334
17 320
17 67
18 487
18 216
18 359
18 427
18 378
18 30
18 371
18 445
18 340
18 113
18 468
18 441
19 25
19 381
19 432
19 150
19 218
19 65
19 162
19 345
19 497
19 329
19 30
19 282
20 230
20 477
20 44
20 233
20 313
20 203
20 41
20 110
20 381
20 24
20 220
20 195
21 478
21 63
21 441
21 273
21 168
21 38
21 317
21 352
21 436
21 296
21 276
21 25
21 268
22 476
22 293
22 311
22 408
22 279
22 387
22 69
22 248
22 162
22 94
22 266
22 221
23 328
23 254
23 391
23 71
23 132
23 303
23 335
23 77
23 97
23 40
23 457
23 122
24 143
24 392
24 302
24 460
24 285
24 133
24 156
24 102
24 53
24 237
24 206
24 443
24 369
24 316
24 90
24 226
25 158
25 385
25 314
25 154
25 159
25 261
25 61
25 134
25 168
25 473
25 235
25 42
25 237
25 184
25 425
25 165
25 436
25 149
26 188
26 132
26 131
26 338
26 141
26 41
26 285
27 251
27 205
27 275
27 135
27 389
27 82
27 410
27 350
27 167
27 277
27 104
27 158
27 128
27 499
27 87
27 31
27 211
27 114
27 300
28 191
28 116
28 279
28 343
28 424
28 162
29 104
29 423
29 194
29 472
29 213
29 265
29 66
29 181
29 392
30 306
30 332
30 476
30 233
30 116
30 377
30 270
30 415
30 389
30 451
30 190
30 186
30 52
30 174
30 416
30 264
31 144
31 221
31 258
31 352
31 196
31 129
31 77
31 53
31 373
31 85
31 496
31 58
31 36
31 432
32 368
32 482
32 81
32 369
32 183
32 201
32 41
32 63
32 193
32 454
32 93
33 498
33 152
33 137
33 319
33 92
33 226
33 331
33 104
33 464
33 88
33 333
33 229
33 431
33 51
33 79
33 236
33 298
33 451
33 214
33 131
33 112
34 139
34 367
34 176
34 455
34 55
34 279
34 472
34 326
35 338
35 286
35 277
35 399
35 452
35 275
35 492
35 327
35 168
36 225
36 125
36 328
36 151
36 55
36 414
36 188
36 91
36 123
36 484
36 436
36 360
37 201
37 191
37 252
37 360
37 290
37 414
37 169
37 209
37 337
37 106
37 120
37 488
38 436
38 267
38 366
38 88
38 341
38 474
38 418
38 137
38 364
38 123
38 105
38 450
38 331
38 479
39 116
39 420
39 71
39 269
39 101
39 473
39 410
39 279
39 300
40 220
40 202
40 400
40 139
40 204
40 106
40 231
40 451
40 49
40 135
40 316
40 487
40 411
41 387
41 255
41 375
41 174
41 364
41 489
41 58
41 318
41 420
41 80
42 382
42 395
42 344
42 148
42 201
42 288
42 284
42 141
42 179
42 268
42 199
42 64
42 213
43 320
43 299
43 100
43 85
43 226
43 238
43 341
43 143
43 317
43 374
43 358
43 243
43 356
43 455
43 324
43 44
44 86
44 148
44 307
44 275
44 325
44 119
44 285
44 371
44 374
44 390
44 294
44 178
44 429
44 447
44 372
44 384
44 404
44 207
45 482
45 149
45 411
45 115
45 481
45 415
45 277
45 333
45 191
45 488
45 331
45 258
45 367
45 454
45 496
46 345
46 375
46 304
46 388
46 353
46 78
46 454
46 187
46 275
46 263
46 377
47 159
47 204
47 411
47 453
47 177
47 278
47 124
47 377
47 475
47 407
47 449
47 113
47 153
47 288
47 366
47 79
47 471
48 370
48 259
48 150
48 145
48 371
48 230
48 332
48 480
48 474
48 498
48 283
48 213
48 90
49 417
49 180
49 222
49 121
49 116
49 394
49 468
49 117
49 463
49 461
49 443
49 396
49 379
49 143
50 257
50 87
50 239
50 265
50 102
50 466
50 191
50 420
50 361
50 372
50 490
50 95
50 260
50 127
51 448
51 59
51 297
51 85
51 214
51 474
51 406
51 195
51 441
51 123
51 178
51 414
51 270
52 379
52 468
52 346
52 451
52 437
52 69
52 204
52 496
52 269
52 220
52 490
52 489
52 77
52 486
52 184
52 364
53 201
53 352
53 110
53 98
53 167
53 270
53 475
53 163
53 425
53 233
53 469
53 125
53 431
53 408
54 301
54 432
54 60
54 452
54 370
54 114
54 352
54 396
54 213
54 238
54 103
55 313
55 348
55 425
55 199
55 297
55 459
55 363
55 383
55 343
55 109
55 81
55 261
55 399
55 452
56 98
56 274
56 295
56 419
56 315
56 337
56 403
56 373
56 488
56 420
56 240
56 351
56 265
56 146
57 91
57 295
57 352
57 107
57 171
57 177
57 459
57 491
57 105
57 260
57 371
57 150
58 497
58 410
58 175
58 286
58 214
58 166
58 101
58 268
58 340
58 68
58 263
59 320
59 278
59 411
59 466
59 425
59 454
59 338
59 243
59 199
59 337
59 374
59 488
59 72
59 397
60 498
60 208
60 228
60 167
60 138
60 176
60 442
60 244
61 150
61 305
61 467
61 250
61 78
61 223
61 370
61 282
61 172
61 376
61 379
61 403
62 141
62 322
62 246
62 303
62 471
62 188
62 262
62 460
62 235
62 490
62 338
62 189
62 389
62 288
62 423
63 320
63 112
63 220
63 76
63 242
63 301
63 108
63 147
63 176
63 145
63 127
63 454
63 156
63 236
63 461
63 207
64 71
64 498
64 98
64 445
64 410
64 131
64 363
64 264
64 372
64 163
64 176
64 296
64 236
64 65
64 388
64 311
64 256
64 387
64 179
65 477
65 185
65 433
65 219
65 350
65 398
65 253
65 333
65 243
65 121
65 414
65 282
65 387
65 157
66 434
66 228
66 408
66 176
66 472
66 229
66 394
66 173
66 430
67 125
67 445
67 363
67 289
67 448
67 164
67 102
67 156
67 190
67 404
67 140
67 346
67 368
67 425
67 187
67 151
68 397
68 392
68 85
68 413
68 341
68 360
68 317
68 196
68 390
68 213
68 498
68 418
68 318
69 351
69 362
69 214
69 121
69 211
69 485
69 443
69 445
69 350
69 449
69 309
69 97
69 215
69 100
69 220
69 395
70 72
70 477
70 491
70 166
70 435
70 365
70 81
70 193
71 86
71 121
71 399
71 229
71 211
71 158
71 72
71 478
71 140
72 469
72 287
72 326
72 364
72 126
72 128
72 205
72 188
72 88
72 325
72 87
72 148
72 130
72 170
72 313
73 240
73 319
73 438
73 140
73 118
73 427
73 380
73 159
73 261
73 349
73 179
73 371
73 388
74 116
74 197
74 439
74 105
74 207
75 416
75 236
75 237
75 77
75 486
75 298
75 144
75 249
75 469
75 393
75 330
76 324
76 127
76 237
76 203
76 312
76 180
76 420
77 289
77 137
77 313
77 331
77 404
77 388
77 328
77 303
78 292
78 164
78 333
78 93
78 261
78 398
78 83
78 150
78 304
78 148
78 271
78 387
79 394
79 142
79 111
79 365
79 292
79 287
79 244
79 456
79 215
79 86
79 200
79 480
80 433
80 201
80 438
80 98
80 161
80 378
80 267
81 167
81 314
81 110
81 217
81 373
81 362
81 380
81 223
81 303
81 423
81 265
81 473
81 463
81 168
81 390
82 327
82 287
82 466
82 436
82 365
82 361
82 114
82 309
82 428
83 328
83 160
83 193
83 178
83 125
83 344
83 313
84 466
84 323
84 422
84 146
84 370
84 403
84 484
84 392
84 378
84 394
84 169
85 264
85 106
85 341
85 437
85 173
85 123
85 98
85 416
85 495
85 144
85 434
85 431
86 298
86 454
86 105
86 103
86 96
86 274
86 420
86 190
87 190
87 349
87 229
87 414
87 467
87 103
87 417
87 457
87 169
87 387
87 353
87 476
88 233
88 162
88 467
88 429
88 242
88 428
88 108
89 197
89 424
89 175
89 196
89 388
89 150
89 167
89 254
89 131
89 262
89 206
89 398
89 337
89 174
90 390
90 393
90 282
90 234
90 284
90 391
90 416
90 321
90 332
90 409
90 414
90 425
91 155
91 253
91 362
91 156
91 490
91 470
91 111
91 430
91 270
91 453
91 438
91 135
92 363
92 251
92 140
92 99
92 424
92 125
92 473
92 288
92 204
92 462
92 231
92 116
92 295
92 368
92 266
92 315
93 386
93 464
93 318
93 156
93 334
93 395
93 466
93 261
93 233
93 400
93 105
93 481
94 237
94 266
94 280
94 239
94 318
94 271
94 373
94 445
95 270
95 96
95 419
95 134
95 184
95 360
95 388
95 322
96 280
96 424
96 170
96 364
96 481
96 333
96 390
96 305
96 342
96 484
96 439
96 148
96 288
96 282
96 202
97 351
97 430
97 454
97 98
97 471
97 291
97 265
97 325
97 437
97 165
97 168
97 160
97 446
97 425
97 169
98 99
98 173
98 429
98 180
98 157
98 493
98 266
99 115
99 138
99 476
99 413
99 463
99 328
99 420
99 364
99 104
99 435
99 252
99 222
99 251
99 125
100 382
100 465
100 364
100 444
100 413
100 403
100 385
100 407
101 254
101 196
101 436
101 447
101 499
101 409
101 479
101 489
101 344
101 358
101 425
101 288
101 306
102 419
102 430
102 438
102 405
102 226
102 497
102 146
102 108
102 458
102 124
102 178
102 227
102 463
103 338
103 427
103 202
103 330
103 199
103 381
103 437
103 201
103 477
103 465
103 226
103 194
104 462
104 409
104 231
104 450
104 320
104 470
104 183
104 265
104 160
104 282
104 176
104 266
104 419
104 184
104 116
105 389
105 343
105 434
105 190
105 126
105 445
105 470
105 200
105 361
105 370
105 391
105 351
106 316
106 262
106 309
106 327
106 430
106 411
107 317
107 216
107 227
107 322
107 186
107 246
107 297
107 253
107 323
107 281
107 314
108 116
108 173
108 413
108 356
108 187
108 244
108 119
108 269
108 181
108 383
108 489
108 394
109 456
109 225
109 463
109 189
109 455
109 354
109 388
109 169
109 124
109 298
109 484
109 235
109 210
109 294
110 284
110 217
110 415
110 394
110 448
110 499
110 252
110 200
110 323
110 278
110 129
110 478
110 301
110 253
110 342
111 155
111 242
111 353
111 453
111 303
111 341
111 442
111 294
111 464
111 429
111 314
112 316
112 301
112 333
112 474
112 443
112 168
112 281
112 389
112 293
112 488
112 450
112 407
112 134
112 184
112 368
112 350
113 338
113 472
113 261
113 162
113 133
113 287
113 165
113 438
113 345
113 311
114 432
114 356
114 170
114 195
114 172
114 163
114 280
114 137
114 491
114 328
114 270
114 310
114 220
114 435
115 481
115 207
115 129
115 285
115 270
115 405
115 138
115 339
115 235
115 218
115 382
115 409
115 273
115 139
116 176
116 366
116 450
116 368
116 246
116 428
116 496
116 405
116 475
116 287
116 172
116 336
116 455
117 443
117 394
117 461
117 311
117 204
117 294
117 343
117 172
118 454
118 380
118 497
118 485
118 242
118 121
118 399
118 352
118 197
118 156
118 408
118 138
118 134
119 206
119 183
119 405
119 197
119 438
119 125
119 242
119 223
119 320
119 246
119 179
120 254
120 198
120 250
120 144
120 357
120 259
120 139
120 472
120 449
121 251
121 276
121 446
121 222
121 168
121 363
121 377
121 160
121 313
121 465
121 170
121 144
121 436
121 342
121 172
121 267
121 499
122 234
122 300
122 317
122 414
122 151
122 332
122 463
122 275
122 218
122 282
123 319
123 388
123 238
123 360
123 184
123 287
123 366
123 190
123 432
123 430
123 362
124 356
124 461
124 465
124 329
124 399
124 447
124 289
124 303
124 221
124 166
124 320
124 376
124 300
124 403
124 460
125 191
125 387
125 370
125 137
125 330
125 453
125 371
126 228
126 343
126 232
126 131
126 413
126 199
126 281
126 341
126 473
127 166
127 353
127 139
127 185
127 368
127 251
127 248
127 301
128 391
128 245
128 269
128 152
128 491
128 270
128 387
128 187
128 342
129 422
129 280
129 424
129 417
129 366
129 355
129 450
129 143
129 461
129 239
129 132
130 379
130 418
130 270
130 476
130 380
130 143
130 434
130 491
130 301
130 417
130 241
131 138
131 354
131 187
131 161
131 373
131 189
131 218
131 317
131 178
131 376
131 288
131 266
131 310
132 429
132 434
132 474
132 435
132 172
132 223
132 199
132 257
133 186
133 482
133 288
133 173
133 147
133 375
133 319
133 380
133 141
133 225
133 226
134 308
134 423
134 397
134 377
134 431
134 492
134 200
134 172
134 171
134 475
134 491
135 171
135 345
135 310
135 420
135 405
136 314
136 340
136 163
136 269
136 229
136 309
136 167
137 278
137 274
137 499
137 227
137 248
137 225
137 472
137 158
137 190
137 185
137 498
137 336
137 333
137 386
138 443
138 414
138 242
138 310
138 313
139 490
139 357
139 204
139 194
139 245
139 262
139 385
140 412
140 218
140 184
140 176
140 436
140 297
140 212
140 193
140 377
140 249
141 352
141 311
141 288
141 226
141 215
141 425
141 343
141 358
141 255
142 496
142 193
142 399
142 318
142 262
142 382
142 334
142 158
142 315
142 442
143 291
143 236
143 159
143 465
143 197
143 292
143 362
143 299
143 439
143 369
143 415
144 453
144 369
144 343
144 407
144 209
144 210
144 378
145 466
145 392
145 313
145 482
145 294
145 270
145 428
145 416
145 224
145 179
145 438
145 274
145 245
145 413
145 465
146 425
146 153
146 398
146 419
146 367
146 251
146 408
146 453
146 172
146 371
147 249
147 492
147 345
147 157
147 453
147 166
147 319
147 335
147 285
148 221
148 166
148 277
148 353
148 413
148 296
148 335
149 363
149 437
149 200
149 408
149 458
149 233
149 226
149 199
149 338
149 395
149 179
150 401
150 287
150 414
150 173
150 451
150 373
150 283
150 339
150 473
150 166
150 317
150 311
150 195
150 354
150 233
150 227
150 254
151 295
151 310
151 355
151 417
151 438
151 166
151 435
151 180
151 161
151 393
151 213
151 385
151 226
151 360
151 245
152 385
152 313
152 229
152 326
152 372
152 417
152 173
152 400
152 485
152 234
152 393
153 374
153 217
153 280
153 179
153 311
153 305
153 215
153 288
153 244
153 379
154 177
154 460
154 192
154 423
154 242
154 368
155 392
155 383
155 361
155 160
155 272
155 355
155 493
155 290
156 325
156 412
156 438
156 485
156 301
156 284
156 250
157 363
157 293
157 199
157 232
157 466
157 312
157 162
158 300
158 198
158 353
158 217
158 363
158 280
158 410
158 259
158 303
158 192
158 186
159 288
159 183
159 168
159 388
159 343
160 408
160 263
160 469
160 347
160 206
160 207
160 396
160 381
161 377
161 486
161 422
161 170
161 366
161 261
161 185
161 187
161 298
161 222
161 299
161 176
161 394
162 387
162 346
162 330
162 298
162 316
162 424
163 389
163 387
163 366
163 436
163 168
163 294
163 253
163 415
163 452
163 496
163 197
163 376
163 332
163 310
164 251
164 237
164 355
164 408
164 489
164 185
164 330
164 293
164 446
164 319
164 423
165 431
165 429
165 237
165 270
165 281
165 496
165 217
165 456
165 460
165 394
165 416
165 183
166 253
166 379
166 315
166 286
166 217
166 396
166 403
166 339
166 344
167 195
167 214
167 196
167 477
167 308
167 436
167 478
167 432
167 300
167 239
167 176
167 479
167 494
168 436
168 289
168 211
168 427
168 240
168 433
168 386
168 406
168 352
168 337
168 455
168 264
168 390
169 349
169 303
169 202
169 189
169 412
169 173
169 361
169 375
169 194
170 281
170 391
170 357
171 360
171 176
171 477
171 428
171 281
171 272
171 467
171 412
172 390
172 275
172 281
172 397
172 282
172 318
172 366
172 326
172 362
172 277
172 335
172 372
173 325
173 221
173 411
173 391
173 373
173 265
173 253
173 453
174 400
174 275
174 427
174 233
174 194
174 337
174 480
174 283
175 283
175 424
175 487
175 320
175 230
175 257
176 486
176 456
176 220
176 191
176 409
176 387
176 300
176 476
176 243
177 224
177 306
177 275
177 304
177 184
177 222
177 243
178 280
178 458
178 433
178 410
178 360
178 436
178 195
178 463
178 302
179 203
179 484
179 466
179 472
179 493
179 200
179 266
180 288
180 310
180 226
180 280
180 295
180 196
180 440
180 245
180 330
180 250
181 369
181 340
181 269
181 275
181 237
181 427
181 220
181 294
181 336
181 348
182 393
182 320
182 247
182 406
182 330
182 431
182 443
183 400
183 294
183 237
183 189
183 358
183 314
183 271
183 460
184 198
184 189
184 429
184 243
184 284
184 474
184 246
184 267
184 215
185 191
185 346
185 441
185 342
185 241
185 426
185 451
185 499
185 351
185 199
185 405
185 393
185 431
186 490
186 385
186 494
186 475
186 359
187 456
187 229
187 251
187 443
187 425
187 468
187 423
187 285
187 427
188 347
188 252
188 386
188 213
189 383
189 208
189 450
189 439
189 224
189 298
189 196
190 210
190 233
190 338
190 223
190 245
191 441
191 255
191 448
191 193
191 300
191 198
191 214
191 212
191 323
191 297
191 474
191 219
192 492
192 278
192 204
192 469
192 214
192 340
192 426
192 475
192 488
192 374
193 208
193 494
193 447
193 327
193 228
193 481
193 378
193 315
194 279
194 374
194 357
194 433
194 403
194 224
195 261
195 425
195 474
195 369
195 320
196 262
196 425
196 202
196 462
196 298
196 364
196 355
196 393
196 248
196 362
196 278
196 395
196 394
196 467
197 240
197 218
197 305
197 304
197 270
197 286
197 278
197 427
198 312
198 470
198 452
198 243
198 436
198 459
199 454
199 348
199 295
199 478
199 252
199 418
199 246
200 393
200 224
200 449
200 425
200 301
200 221
200 244
200 280
200 271
201 494
201 266
201 448
201 214
201 474
201 473
201 202
201 498
201 328
201 493
201 351
201 314
201 437
201 290
202 330
202 399
202 276
202 328
202 266
202 335
203 472
203 218
203 416
203 392
203 306
203 310
203 317
204 344
204 242
204 390
204 282
204 358
204 227
204 316
204 280
204 405
204 305
205 493
205 371
205 355
205 455
205 367
205 438
205 253
205 485
206 421
206 306
206 266
206 469
206 327
206 445
207 411
207 470
207 226
207 341
207 291
207 345
207 491
207 382
207 487
207 319
207 347
208 212
208 218
208 468
208 302
208 266
208 477
208 336
209 303
209 268
209 395
209 370
209 325
209 433
209 460
209 262
209 232
209 318
209 258
210 437
210 247
210 236
210 225
210 399
210 410
210 496
210 352
210 389
211 480
211 233
211 448
211 263
211 278
211 323
211 270
211 398
212 447
212 311
212 292
212 478
212 272
212 395
212 368
212 297
212 369
212 499
212 262
213 294
213 428
213 421
213 418
213 324
213 351
213 219
213 475
213 288
213 404
213 242
213 417
213 296
213 225
213 319
214 264
214 426
215 409
215 334
215 379
215 339
215 366
215 472
215 465
215 230
215 279
215 297
216 409
216 446
216 346
216 241
216 361
216 300
216 312
216 282
216 442
216 286
217 360
217 437
217 320
217 374
217 327
217 497
217 400
217 415
217 410
217 401
217 297
218 260
218 284
218 257
218 276
218 320
218 418
218 417
219 491
219 483
219 270
219 248
219 416
219 357
220 241
220 340
220 440
220 255
220 359
220 281
220 276
220 448
220 322
220 474
220 377
220 408
220 335
220 366
221 453
221 426
221 456
221 291
221 318
221 281
222 351
222 352
222 277
222 431
223 338
223 379
223 273
223 483
223 414
223 498
223 314
224 410
224 250
224 450
224 395
224 254
224 232
224 377
225 383
225 228
225 475
225 458
225 446
225 271
225 357
225 343
225 497
225 467
225 300
226 294
226 407
226 280
226 358
226 228
226 478
226 350
227 470
227 326
227 308
227 274
227 369
227 394
227 421
227 250
227 377
228 477
228 498
228 355
228 478
228 329
228 446
228 433
228 302
229 260
229 265
229 456
230 343
230 321
230 376
230 268
230 246
230 305
231 275
231 232
231 311
231 387
231 375
231 476
231 467
231 415
231 334
232 350
232 269
232 252
232 473
232 449
232 490
232 335
232 247
233 470
233 458
233 467
233 387
233 358
234 461
234 235
234 308
234 236
234 491
234 252
234 275
235 415
235 246
235 350
235 427
235 297
235 433
236 377
236 471
236 307
236 247
236 393
236 304
236 428
236 373
236 411
237 469
237 250
237 392
238 262
238 416
238 455
238 423
239 364
239 409
239 267
239 456
239 310
239 461
239 257
239 282
239 283
239 400
240 397
240 264
240 375
240 256
240 364
240 303
240 326
241 378
241 308
241 382
241 373
241 434
241 377
241 389
241 349
241 392
242 384
242 449
242 299
242 290
242 352
242 426
242 361
242 468
243 327
243 445
243 264
243 431
243 276
243 273
244 407
244 311
244 271
244 425
244 246
244 416
244 396
244 440
245 259
245 401
245 273
245 337
245 350
245 432
245 274
246 247
246 474
246 332
246 464
246 482
246 396
246 335
246 264
246 289
247 257
247 369
247 342
247 495
247 299
247 466
248 275
248 403
248 337
248 288
248 476
248 453
248 252
248 343
248 443
248 313
249 330
249 443
249 466
249 324
249 287
249 452
249 298
250 315
250 468
250 360
250 493
250 462
250 309
251 491
251 461
251 429
251 256
251 484
251 387
251 427
251 499
252 497
252 284
252 426
252 316
252 380
252 257
252 386
253 265
253 303
253 371
253 348
253 257
253 436
254 491
254 411
254 398
254 415
254 389
254 329
254 292
254 345
254 474
254 443
255 295
255 413
255 376
255 384
255 466
256 300
256 466
256 330
256 334
256 335
256 419
256 474
256 489
256 369
256 427
256 471
256 480
256 276
256 359
257 382
257 406
257 284
257 437
257 330
257 398
257 373
257 422
257 466
257 292
257 342
258 262
258 481
258 339
258 451
258 421
258 444
258 409
258 434
259 496
259 492
259 312
259 421
260 364
260 394
260 335
260 479
260 337
260 354
261 371
261 297
261 411
262 397
262 290
262 303
262 327
262 276
262 336
262 474
263 282
263 371
263 438
263 410
263 490
264 411
264 400
264 279
264 399
264 460
264 429
264 430
265 384
265 398
266 488
266 291
266 370
266 493
267 303
267 444
267 400
267 443
267 329
267 343
268 316
268 407
269 274
269 357
269 413
269 329
269 391
269 393
270 421
270 498
270 396
270 403
270 398
270 460
270 475
270 291
270 436
270 443
271 336
271 439
271 288
271 378
271 484
272 407
272 366
272 495
272 301
272 491
272 489
273 288
273 348
273 390
273 468
273 385
273 308
274 483
274 420
274 394
275 418
275 353
275 430
275 471
276 294
276 450
276 464
276 424
276 498
276 494
276 325
277 380
277 403
277 417
277 293
277 409
277 446
278 381
278 301
278 419
278 331
278 340
278 349
279 327
279 436
279 348
279 314
279 302
279 443
279 466
279 338
279 482
280 442
280 417
280 482
280 433
280 350
280 306
280 336
280 474
281 297
281 349
281 306
282 388
282 331
282 465
282 312
282 325
282 486
283 398
284 477
284 422
284 450
284 367
285 445
285 301
285 487
285 460
286 300
286 430
286 346
286 468
286 440
286 331
287 402
287 435
287 462
287 364
287 376
287 290
288 368
288 362
288 292
288 365
288 293
288 442
288 490
289 356
289 369
289 302
289 301
289 290
289 467
289 379
289 442
290 343
290 422
290 499
290 349
290 395
290 380
291 383
291 303
291 335
291 304
291 390
291 422
292 409
292 464
292 494
292 304
292 305
293 465
293 421
293 444
293 451
293 298
293 366
293 488
294 438
294 486
294 398
294 420
295 381
295 339
295 474
295 428
295 401
295 491
296 380
296 482
296 445
296 477
297 455
297 319
297 498
297 460
297 422
297 427
297 373
298 462
298 425
298 483
299 305
299 389
299 331
299 345
300 417
300 383
300 485
300 475
300 404
300 395
300 322
300 415
301 470
301 484
301 437
301 478
301 487
302 432
302 329
302 460
302 347
302 402
302 442
303 489
303 393
303 496
303 471
303 424
303 355
304 397
304 372
304 404
305 476
305 404
305 462
305 327
305 419
305 308
305 490
306 401
306 405
307 430
307 405
307 488
307 331
307 400
308 441
308 453
308 447
308 448
308 315
308 358
309 429
309 351
309 409
310 361
310 311
310 412
310 379
310 370
310 465
310 419
311 391
311 466
311 367
311 333
312 383
312 442
312 368
312 353
312 345
312 381
313 347
313 393
313 381
314 356
314 350
314 334
314 338
314 446
314 374
315 420
315 464
315 413
315 330
315 422
315 392
316 419
316 392
316 436
316 405
316 454
317 413
317 378
317 360
317 421
318 438
318 475
318 408
318 496
318 478
318 330
318 488
319 498
319 478
319 349
319 434
319 324
319 428
319 447
319 340
320 392
320 442
320 464
320 386
320 495
320 353
320 362
321 351
321 355
321 472
321 331
321 339
321 376
321 364
321 424
322 490
322 435
322 442
322 415
322 371
323 357
323 496
323 448
323 359
324 363
324 353
324 333
325 383
325 407
325 432
325 364
325 396
325 479
325 373
325 413
326 437
326 363
326 384
326 441
326 474
326 451
326 358
327 358
327 491
327 384
327 359
327 448
328 374
328 382
328 428
328 421
328 329
329 452
329 390
329 471
330 369
330 381
330 466
330 425
330 474
331 471
331 410
331 368
331 460
332 415
333 430
333 447
333 495
333 450
333 375
334 355
334 366
335 431
335 473
335 339
335 490
335 457
336 371
336 497
336 400
336 391
336 477
336 389
336 348
337 356
337 449
337 360
337 393
337 460
337 427
338 342
338 367
338 340
338 371
338 448
339 479
340 497
340 366
340 401
341 451
341 421
342 429
342 375
342 470
342 406
342 452
342 462
342 402
343 407
343 475
343 448
343 347
343 464
343 367
344 420
344 415
344 466
344 483
344 406
345 409
345 385
345 352
345 411
346 435
346 405
346 449
346 483
347 451
347 425
347 441
347 482
348 492
348 351
349 450
349 416
349 454
349 388
350 489
350 493
350 398
351 354
351 453
352 489
352 488
352 487
352 359
352 362
353 383
353 395
353 378
353 408
353 374
353 471
353 460
354 488
354 361
354 472
355 473
355 389
355 381
356 462
356 443
356 473
357 365
357 458
357 455
357 471
358 452
358 429
358 434
358 471
358 426
359 424
359 420
359 459
359 443
359 378
360 402
360 418
360 488
360 463
360 384
361 416
361 417
361 463
361 406
361 362
362 467
362 368
362 476
362 414
362 451
362 449
362 378
362 438
363 472
363 422
363 495
364 414
364 401
364 435
364 431
364 478
365 466
365 484
365 422
365 399
366 376
366 423
366 435
366 465
366 497
367 404
367 436
367 387
367 410
367 459
368 434
368 443
368 386
369 446
369 427
369 372
370 418
370 377
370 456
370 439
371 496
371 419
371 402
371 494
371 417
371 443
371 490
372 377
372 421
373 398
373 456
374 426
374 425
374 480
374 385
374 485
374 423
375 388
375 376
375 446
375 459
376 464
376 387
377 381
377 385
379 390
379 472
379 436
379 424
379 382
379 423
379 428
379 490
379 396
379 442
380 487
380 471
380 489
381 498
381 407
382 452
382 410
382 385
382 499
383 398
383 413
383 472
384 407
385 422
385 496
385 495
386 473
386 400
386 448
386 455
386 417
387 390
387 447
387 488
387 460
388 483
388 456
388 431
389 447
389 455
389 433
390 443
390 433
391 469
391 396
391 459
392 466
392 469
392 440
392 449
393 487
393 419
394 418
394 476
394 428
394 492
395 474
395 407
396 397
396 438
396 421
397 416
397 436
397 405
397 444
398 460
398 410
399 474
399 400
399 494
400 429
400 489
401 420
401 427
401 417
401 431
401 470
401 463
401 444
402 466
402 430
402 444
402 448
402 445
403 433
403 446
403 448
404 490
404 433
405 456
405 462
405 476
405 428
405 467
406 413
406 469
406 444
406 451
406 421
407 416
407 492
407 449
407 432
408 482
409 486
409 427
409 418
410 494
410 464
411 463
411 430
411 420
411 469
412 496
413 486
413 472
413 476
414 439
414 470
414 429
415 429
415 481
415 466
415 497
416 454
417 467
417 473
417 448
417 488
417 454
417 495
419 456
419 443
419 452
420 470
420 450
421 472
421 499
422 495
422 487
423 495
423 435
423 439
423 464
424 469
424 456
424 462
424 428
424 492
425 483
425 471
425 495
425 485
426 495
426 465
426 455
429 458
429 498
430 463
431 433
433 473
433 454
433 490
433 453
434 455
434 445
434 484
436 492
436 481
436 444
436 487
436 490
436 449
437 490
437 492
437 476
437 459
437 449
439 490
439 441
441 486
442 464
442 471
443 480
443 474
444 464
445 485
445 489
446 462
446 485
447 449
447 491
448 488
448 474
448 491
448 487
448 498
448 452
449 479
450 463
450 489
451 477
452 477
452 488
453 485
453 467
454 470
454 468
455 470
456 463
456 489
458 489
458 483
460 487
460 467
461 477
464 473
464 482
465 492
465 478
466 489
467 474
469 484
470 482
474 499
477 493
479 493
481 487
484 498
484 493
485 488
487 496
491 494
