VERTICES = 500
EDGES = 4000
0 320
0 87
0 346
0 340
0 20
0 199
0 78
0 344
0 98
0 41
0 476
0 156
0 35
0 427
0 167
0 434
1 57
1 145
1 38
1 233
1 174
1 44
1 257
1 336
1 79
1 267
1 213
1 78
1 76
1 200
2 172
2 46
2 411
2 137
2 42
2 495
2 51
2 92
2 426
2 174
2 292
2 134
2 96
2 398
2 52
2 59
2 123
2 263
2 450
2 182
2 399
3 271
3 181
3 165
3 214
3 51
3 265
3 476
3 484
3 478
3 85
3 462
3 318
3 298
3 497
3 45
3 178
3 131
3 77
3 449
3 75
3 52
3 468
3 485
4 146
4 67
4 186
4 38
4 436
4 44
4 273
4 415
4 477
4 116
4 211
4 176
5 452
5 232
5 122
5 229
5 89
5 455
5 409
5 279
5 436
5 16
5 102
5 139
5 76
5 383
5 115
5 104
5 260
5 195
5 48
6 369
6 350
6 74
6 161
6 315
6 112
6 296
6 486
6 303
6 92
6 294
7 361
7 283
7 263
7 146
7 493
7 221
7 411
7 50
7 73
7 460
7 99
7 439
7 444
7 310
7 406
7 225
7 188
7 20
7 390
7 284
7 175
7 74
8 230
8 37
8 424
8 460
8 83
8 93
8 96
8 492
8 446
8 369
8 311
8 346
8 18
8 324
8 457
8 53
8 433
9 415
9 435
9 68
9 218
9 287
9 328
9 26
10 322
10 86
10 378
10 128
10 51
10 291
10 256
10 160
10 158
10 341
10 96
10 419
10 175
10 161
10 67
10 229
10 41
11 487
11 297
11 31
11 112
11 49
11 409
11 481
11 408
11 442
11 466
11 376
12 189
12 293
12 197
12 431
12 361
12 265
12 157
12 254
12 190
12 98
12 476
12 459
12 448
12 332
12 139
13 344
13 149
13 415
13 194
13 355
13 351
13 358
13 50
13 25
13 289
13 301
13 162
13 354
13 318
13 33
13 157
13 170
14 188
14 137
14 257
14 196
14 161
14 484
14 170
14 304
14 413
14 180
14 287
14 285
14 463
15 87
15 58
15 50
15 439
15 352
15 143
15 48
15 166
15 488
15 464
15 482
15 416
15 239
15 264
15 235
16 456
16 432
16 77
16 302
16 409
16 353
16 255
16 196
16 240
16 114
16 210
16 265
16 87
16 39
16 161
16 440
16 139
16 383
16 189
16 236
16 399
16 493
16 119
17 218
17 288
17 110
17 31
17 64
17 460
17 111
17 308
17 212
17 120
17 215
17 328
17 343
17 371
17 246
17 157
17 305
17 254
17 338
17 55
17 200
17 479
17 484
18 357
18 228
18 164
18 122
18 118
18 79
18 297
18 107
18 439
18 455
18 275
18 419
18 349
18 153
18 130
18 394
18 426
18 406
18 459
18 270
18 179
19 147
19 206
19 58
19 20
19 64
19 136
19 314
19 440
19 35
19 138
19 286
19 251
19 250
19 381
20 25
20 176
20 362
20 413
20 399
20 445
20 153
20 390
20 123
20 88
20 39
20 447
20 67
20 209
20 414
20 379
20 206
20 499
20 42
20 106
20 394
21 125
21 114
21 193
21 273
21 394
21 189
21 221
21 489
22 453
22 86
22 466
22 420
22 30
22 208
22 275
22 360
22 430
23 367
23 311
23 223
23 310
23 396
23 117
23 112
23 470
23 95
23 48
23 152
23 439
23 387
23 321
23 485
23 114
23 414
24 303
24 155
24 175
24 392
24 188
24 331
24 66
24 415
24 209
25 241
25 484
25 272
25 249
25 471
25 109
25 399
25 372
25 472
25 28
25 180
25 36
25 389
25 358
25 477
25 487
25 187
26 100
26 445
26 318
26 176
26 499
26 209
26 448
26 324
26 241
26 276
26 36
27 322
27 94
27 350
27 76
27 299
27 435
27 40
27 154
27 129
27 357
27 445
27 54
27 108
28 338
28 362
28 361
28 223
28 200
28 372
28 58
28 305
28 113
28 87
28 74
28 186
28 77
28 107
28 67
28 456
28 260
28 256
29 297
29 74
29 486
29 231
29 164
29 241
29 40
29 216
29 259
29 195
29 48
29 87
29 37
30 248
30 378
30 297
30 386
30 473
30 309
30 474
30 456
30 153
30 123
30 484
30 396
30 179
30 423
30 39
30 461
31 454
31 248
31 101
31 335
31 348
31 193
31 438
31 243
31 221
31 267
31 136
31 242
32 479
32 381
32 224
32 120
32 397
33 329
33 352
33 241
33 345
33 191
33 197
33 101
33 76
33 260
33 100
33 90
33 171
33 306
33 249
33 168
33 411
33 439
33 92
33 333
34 465
34 103
34 449
34 357
34 464
34 71
34 165
34 168
34 241
34 441
34 361
34 270
34 188
34 49
34 92
35 153
35 422
35 475
35 124
35 349
35 444
35 269
35 432
35 385
35 235
36 436
36 288
36 120
36 425
36 192
36 453
36 375
36 187
36 119
36 245
36 45
36 216
37 99
37 361
37 233
37 367
37 77
37 309
37 218
37 422
37 268
37 404
37 286
37 172
37 292
37 187
37 340
37 432
37 84
37 392
37 244
37 482
37 302
37 227
37 427
37 474
38 61
38 330
38 209
38 249
38 139
38 304
38 216
38 128
38 109
38 98
38 262
38 367
38 328
39 498
39 209
39 400
39 154
39 194
39 210
39 489
39 238
39 430
39 64
39 65
39 287
39 320
39 470
39 227
40 179
40 108
40 454
40 487
40 88
40 250
40 58
40 140
40 178
40 62
40 278
40 369
40 206
40 57
40 102
40 333
40 359
41 221
41 322
41 204
41 44
41 128
41 436
41 486
41 250
41 337
41 181
41 119
41 121
41 430
41 370
41 138
41 224
41 54
41 232
41 135
42 146
42 50
42 370
42 168
42 321
42 74
42 399
42 108
42 324
42 489
42 482
42 120
43 412
43 234
43 173
43 266
43 55
43 133
43 257
43 378
43 450
43 342
43 87
43 262
43 187
43 243
44 170
44 280
44 245
44 477
44 367
44 435
44 176
44 115
44 499
44 276
44 248
44 332
44 402
44 452
44 202
44 147
44 81
44 171
45 275
45 280
45 273
45 486
45 276
45 173
45 75
46 368
46 258
46 423
46 163
46 289
46 192
46 308
46 153
46 410
46 60
46 85
46 302
46 376
46 140
46 427
46 249
47 156
47 298
47 405
47 354
47 315
47 377
48 184
48 58
48 56
48 487
48 214
48 385
48 130
48 127
48 76
48 201
48 413
48 433
48 233
48 430
48 427
48 232
48 195
48 372
48 128
48 69
48 474
49 491
49 160
49 497
49 220
49 310
49 62
49 111
49 311
49 297
49 396
49 71
49 251
49 207
49 440
49 258
49 229
49 408
49 423
49 116
49 199
49 234
49 123
50 350
50 239
50 470
50 376
50 105
50 310
50 496
50 249
50 225
50 133
51 219
51 383
51 217
51 88
51 422
51 55
51 229
51 253
51 321
52 145
52 93
52 336
52 478
52 262
52 394
52 151
52 84
52 245
52 346
52 150
52 283
52 492
52 488
53 390
53 262
53 250
53 353
53 447
53 117
53 330
53 437
53 406
53 404
53 460
53 193
53 280
53 142
53 453
53 109
54 457
54 282
54 113
54 321
54 350
54 220
54 319
54 212
54 181
54 343
54 160
54 234
54 72
55 67
55 479
55 136
55 240
55 110
55 311
55 341
55 238
55 364
55 453
55 267
55 168
55 115
55 483
55 282
55 343
55 461
56 420
56 368
56 89
56 289
56 326
56 429
56 218
56 478
56 172
56 244
57 401
57 390
57 484
57 297
57 485
57 72
57 68
57 305
57 284
58 323
58 139
58 461
58 127
58 256
58 462
58 263
58 452
58 378
58 244
58 355
58 488
58 312
58 300
58 460
58 219
59 178
59 417
59 136
59 319
59 463
59 278
59 145
59 385
59 217
59 196
59 415
59 261
59 95
59 256
59 106
59 327
59 368
59 246
59 223
59 160
59 363
60 465
60 268
60 474
60 85
60 475
60 365
60 476
60 136
60 180
60 432
60 115
61 374
61 159
61 100
61 292
61 397
61 184
61 283
61 140
61 150
61 281
62 310
62 246
62 224
62 153
62 471
62 94
62 345
62 184
62 80
62 465
62 375
62 329
62 411
62 96
62 490
62 83
63 299
63 310
63 282
63 251
63 139
63 65
63 354
63 227
63 425
63 245
63 259
63 327
63 381
63 134
63 364
63 220
64 476
64 345
64 284
64 221
64 80
64 118
64 76
64 239
64 398
64 475
64 438
65 205
65 352
65 88
65 77
65 163
65 453
65 85
65 339
65 199
65 261
65 415
65 93
65 91
65 225
65 115
66 144
66 180
66 97
66 192
66 442
66 296
66 318
66 272
66 338
66 178
66 166
66 170
66 329
66 79
67 365
67 100
67 290
67 144
67 176
67 362
67 111
67 394
67 188
67 345
67 279
68 264
68 119
68 271
68 257
68 99
68 487
68 361
68 299
68 232
68 472
68 147
68 480
68 155
68 493
68 465
68 163
68 462
69 163
69 421
69 347
69 466
69 366
69 125
69 91
69 122
69 130
69 248
70 253
70 123
70 498
70 293
70 384
70 440
70 119
70 184
70 322
70 98
70 139
70 294
70 100
70 206
70 233
70 448
70 236
71 274
71 212
71 87
71 105
71 406
71 136
71 491
71 465
71 365
71 213
71 216
71 270
71 416
72 125
72 472
72 444
72 418
72 414
72 208
72 204
72 166
72 455
72 452
73 236
73 279
73 104
73 195
73 426
73 280
73 209
73 128
73 355
73 116
73 379
73 347
74 134
74 209
74 483
74 259
74 248
74 142
74 457
74 354
74 288
74 309
74 466
74 227
74 366
74 365
74 488
74 151
74 93
74 292
74 445
74 477
75 246
75 425
75 145
75 263
75 383
75 102
75 132
75 468
75 201
75 317
75 485
75 439
76 492
76 169
76 387
76 404
76 134
77 489
77 144
77 140
77 176
77 304
77 88
77 109
77 453
77 464
77 78
77 257
77 340
77 165
77 406
78 95
78 374
78 155
78 103
78 191
78 449
78 289
78 181
78 466
78 80
78 284
78 429
78 458
78 357
78 322
78 248
78 302
78 81
78 295
79 192
79 267
79 486
79 390
79 84
79 241
79 284
79 456
79 394
79 353
79 338
79 363
79 181
79 473
80 140
80 440
80 282
80 398
80 143
80 349
80 422
80 112
80 264
80 81
80 417
80 154
80 95
80 220
80 337
80 338
80 402
80 258
81 277
81 261
81 102
81 465
81 171
81 211
81 372
81 305
81 308
81 124
81 370
81 472
81 280
81 419
81 83
81 406
81 222
81 159
81 332
82 329
82 462
82 249
82 438
82 100
82 266
82 144
82 432
82 131
82 225
82 453
82 359
83 373
83 411
83 395
83 255
83 484
83 153
83 389
83 112
83 185
83 159
83 485
84 324
84 274
84 259
84 302
84 372
84 367
84 229
84 131
84 342
84 193
85 494
85 347
85 191
85 199
85 374
85 310
85 475
85 218
85 101
85 450
85 421
85 480
86 374
86 268
86 135
86 137
86 168
86 231
86 191
86 351
86 405
86 348
86 308
86 430
86 329
86 356
86 427
86 444
86 177
86 148
87 155
87 146
87 131
87 137
87 226
87 209
87 291
87 220
87 468
87 391
87 244
87 367
87 393
87 89
87 258
88 363
88 290
88 257
88 377
88 309
88 131
88 347
88 472
89 207
89 217
89 163
89 243
89 417
89 116
89 157
89 150
89 279
89 119
89 177
89 339
89 199
90 263
90 427
90 414
90 421
90 174
90 139
90 332
90 476
90 458
90 234
90 498
90 216
90 404
91 146
91 269
91 480
91 427
91 279
91 270
91 305
91 107
91 284
91 365
91 245
91 312
91 141
91 458
91 385
91 475
92 335
92 239
92 108
92 310
92 176
92 156
92 255
92 492
92 336
92 307
92 140
92 291
93 311
93 348
93 203
93 279
93 228
93 499
93 245
93 137
93 155
93 345
93 429
93 415
93 288
93 346
93 213
93 344
93 239
93 423
93 421
94 478
94 164
94 333
94 324
94 243
94 149
94 310
94 496
94 372
94 363
94 107
95 222
95 376
95 264
95 148
95 461
95 160
95 235
95 300
95 216
95 387
96 134
96 442
96 368
96 429
96 206
96 335
96 300
96 148
96 304
96 334
96 398
96 120
96 208
96 296
96 286
96 324
96 285
96 413
96 343
96 457
96 295
96 455
97 160
97 409
97 151
97 284
97 483
97 354
97 210
97 218
97 163
97 300
97 496
97 106
97 292
97 329
97 235
98 380
98 131
98 231
98 104
98 338
98 102
98 397
98 135
98 457
98 278
98 343
98 251
98 286
99 304
99 116
99 495
99 272
99 307
99 269
99 179
99 147
99 387
99 377
99 213
99 117
99 160
100 473
100 281
100 146
100 152
100 208
100 458
100 450
100 416
100 445
101 133
101 418
101 214
101 204
101 320
101 179
101 356
101 143
101 348
101 254
101 120
101 385
101 116
102 186
102 340
102 385
102 471
102 322
102 346
102 151
102 170
102 380
102 493
103 204
103 338
103 168
103 380
103 253
103 170
103 375
103 197
103 243
103 466
103 487
103 395
103 332
104 145
104 460
104 233
104 307
104 299
104 224
104 154
104 240
104 157
104 204
104 173
104 206
104 237
104 386
104 378
104 358
104 402
105 363
105 142
105 402
105 399
105 334
105 474
105 185
105 166
105 392
105 178
105 226
105 299
105 145
106 468
106 451
106 153
106 333
106 354
106 108
106 341
106 266
106 370
106 252
106 342
106 207
106 437
106 408
107 445
107 210
107 318
107 171
107 393
107 343
107 341
107 288
107 365
107 160
107 306
108 484
108 164
108 240
108 424
108 202
108 213
108 251
108 132
108 287
108 414
108 149
108 137
108 255
108 299
109 409
109 140
109 138
109 440
109 407
109 250
109 284
109 155
109 181
109 218
109 152
109 495
109 414
109 437
109 244
110 307
110 250
110 368
110 471
110 240
110 125
110 393
110 155
110 151
110 252
110 111
110 400
111 370
111 314
111 329
111 143
111 353
111 417
111 496
111 205
111 461
111 378
111 206
111 478
111 460
111 288
111 498
111 395
111 187
111 311
111 340
111 180
112 487
112 363
112 386
112 187
112 237
112 225
112 355
112 398
112 268
112 445
112 208
112 164
112 303
112 308
113 471
113 204
113 380
113 239
113 171
113 141
113 268
113 375
113 383
113 133
113 388
113 421
113 254
113 464
114 428
114 398
114 171
114 381
114 466
114 135
114 358
114 368
114 380
114 260
114 483
114 228
114 366
114 145
114 336
114 487
114 323
115 405
115 499
115 384
115 273
115 309
115 426
115 125
115 461
115 481
115 410
115 157
116 335
116 153
116 133
116 212
116 134
116 389
116 313
116 374
116 372
116 403
116 287
116 261
116 189
116 252
116 440
116 139
116 331
117 338
117 293
117 294
117 368
117 130
117 398
117 483
117 475
117 271
118 125
118 384
118 480
118 220
118 293
118 465
118 470
118 391
118 349
118 255
118 188
118 143
118 156
119 442
119 402
119 440
119 242
119 420
119 323
119 367
119 124
119 143
119 436
120 401
120 389
120 460
120 349
120 245
120 228
120 357
120 150
120 346
120 316
120 318
121 207
121 135
121 298
121 495
121 226
121 497
121 422
121 382
121 330
121 186
121 281
121 375
121 151
121 341
121 408
121 357
122 251
122 250
122 444
122 186
122 300
122 340
122 451
122 470
122 204
122 260
122 479
123 319
123 371
123 357
123 354
123 455
123 255
123 397
123 232
123 442
123 454
124 429
124 152
124 491
124 160
124 337
124 283
124 331
124 225
124 450
124 208
124 472
124 440
124 216
125 329
125 412
125 190
125 402
125 399
125 292
125 159
125 227
125 192
125 152
125 260
125 378
125 391
125 235
126 254
126 164
126 470
126 472
126 287
126 455
126 363
126 414
126 188
126 467
126 311
127 420
127 138
127 151
127 370
127 394
127 258
127 228
127 483
127 129
127 443
127 162
128 196
128 352
128 249
128 364
128 199
128 424
128 152
129 217
129 394
129 491
129 283
129 441
129 175
129 190
129 493
129 472
129 461
129 463
130 359
130 497
130 166
130 258
130 298
130 204
130 351
130 345
130 449
130 399
130 373
130 241
130 168
130 146
131 388
131 362
131 298
131 481
131 208
131 389
131 304
131 443
131 491
131 456
131 343
131 422
131 414
131 385
131 395
131 223
131 285
132 144
132 245
132 137
132 378
132 417
132 296
132 169
132 480
132 434
132 452
132 165
132 455
133 490
133 348
133 225
133 381
133 492
133 301
133 248
133 263
133 390
133 357
133 449
133 193
133 368
133 426
133 164
133 221
133 276
134 143
134 429
134 451
134 490
134 272
134 417
134 249
134 367
134 281
135 261
135 308
135 221
135 215
135 313
135 411
135 176
135 380
135 252
135 412
135 426
136 498
136 253
136 148
136 272
136 342
136 329
136 275
136 454
136 180
136 421
136 175
136 215
136 331
136 281
137 238
137 147
137 372
137 339
137 225
137 231
137 437
137 150
137 338
137 366
137 271
137 449
137 464
137 496
137 457
137 202
137 206
137 463
138 249
138 182
138 272
138 336
138 476
138 260
138 188
138 255
139 378
139 454
139 143
139 497
139 367
139 284
139 433
139 369
139 232
139 265
139 183
140 334
140 246
140 204
140 379
140 426
140 366
140 412
140 211
140 297
140 256
140 208
141 317
141 151
141 305
141 358
141 419
141 384
141 345
141 456
141 327
141 311
142 474
142 468
142 406
142 338
142 219
142 300
142 269
142 492
143 158
143 371
143 197
143 287
143 234
143 392
143 160
143 494
143 465
143 360
143 490
143 350
143 396
144 470
144 350
144 217
144 235
144 176
144 268
144 287
144 464
144 478
144 369
144 461
144 279
145 457
145 458
145 482
145 201
145 370
145 241
145 267
145 260
145 217
145 475
145 312
145 288
145 451
145 212
145 184
146 421
146 147
146 349
146 294
146 486
146 471
146 446
146 228
146 372
146 460
146 243
147 434
147 405
147 433
147 190
147 424
147 477
147 442
147 397
147 394
147 194
148 221
148 388
148 362
148 267
148 343
148 225
148 418
148 250
148 367
148 319
148 318
148 214
148 344
149 359
149 388
149 275
149 367
149 408
149 386
149 465
149 286
149 229
149 351
149 479
149 373
149 250
149 375
149 247
149 258
149 274
150 435
150 255
150 177
150 381
150 210
150 216
150 190
150 196
150 201
150 318
150 369
150 253
150 489
150 314
150 344
151 190
151 222
151 479
151 475
151 438
152 472
152 499
152 406
152 458
152 217
152 231
152 187
152 316
153 472
153 185
153 306
153 193
153 194
153 181
153 420
153 197
153 157
153 295
153 267
154 352
154 236
154 237
154 366
154 324
154 463
154 239
154 249
154 335
155 306
155 175
155 162
155 181
155 262
155 279
155 399
155 479
156 495
156 408
156 395
156 312
156 184
156 322
156 288
156 475
156 482
156 326
156 208
156 422
156 373
157 223
157 335
157 161
157 389
157 268
157 165
157 256
157 312
157 224
157 365
157 193
157 237
158 447
158 497
158 475
158 248
158 361
158 291
158 379
158 487
158 302
158 496
158 189
158 425
158 490
158 387
158 160
158 390
159 284
159 371
159 334
159 449
159 285
159 353
159 460
159 373
159 247
159 179
159 349
159 313
159 316
159 485
159 387
160 432
160 391
160 428
160 293
160 184
160 392
160 353
160 295
160 324
160 277
160 246
160 472
160 368
161 207
161 265
161 362
161 284
161 472
161 317
161 193
161 241
161 483
161 195
161 481
162 270
162 447
162 464
162 310
162 170
162 229
162 178
162 311
162 432
162 397
162 413
163 470
163 203
163 200
163 434
163 491
163 424
163 264
163 304
163 185
163 433
163 370
163 229
164 305
164 395
164 498
164 292
164 449
164 254
164 325
165 467
165 239
165 174
165 214
165 389
165 205
165 468
165 325
165 196
165 489
165 168
165 340
166 263
166 362
166 274
166 390
166 188
166 358
166 230
166 183
166 221
166 229
166 377
166 375
166 332
166 216
167 254
167 333
167 298
167 268
167 403
167 359
167 353
167 461
167 495
167 405
167 413
167 467
167 191
167 230
167 318
168 361
168 429
168 473
168 249
168 241
168 186
168 456
168 385
169 413
169 450
169 373
169 347
169 377
169 289
169 369
169 463
170 312
170 381
170 245
170 484
170 382
170 423
170 435
171 353
171 275
171 268
171 416
171 228
171 231
171 399
171 184
172 300
172 292
172 297
172 405
173 314
173 474
173 496
173 457
173 321
173 357
174 237
174 332
174 485
174 302
174 358
174 231
174 288
174 303
175 392
175 435
175 479
175 255
175 200
175 426
175 278
175 319
175 449
175 277
175 320
175 225
175 411
176 183
176 259
176 263
176 371
176 258
176 261
176 295
176 483
176 271
176 482
176 180
176 387
176 459
176 331
177 280
177 284
177 231
177 440
177 471
177 299
177 223
177 397
177 396
178 498
178 417
178 210
178 489
178 420
178 232
178 321
178 241
178 454
178 407
178 386
178 395
179 392
179 414
179 301
179 416
179 295
179 463
179 474
179 420
179 277
179 395
179 204
179 357
180 280
180 266
180 234
180 300
180 433
180 357
180 319
180 323
180 355
180 287
180 333
180 267
181 403
181 480
181 414
181 278
181 255
181 459
181 245
181 250
182 439
182 377
182 227
182 487
182 486
182 446
182 226
182 302
182 391
182 388
182 455
182 243
182 359
183 449
183 257
183 256
183 277
183 434
183 499
184 304
184 224
184 486
184 274
184 198
184 376
184 278
184 233
185 291
185 323
185 335
185 484
185 491
185 209
185 400
185 312
185 271
185 212
185 314
186 254
186 424
186 372
186 188
186 353
186 207
186 237
186 404
186 219
186 361
186 276
186 344
186 498
186 464
187 365
187 452
187 350
187 445
187 313
187 336
187 252
187 495
187 328
188 468
188 460
188 469
188 194
188 330
188 374
188 245
188 466
188 295
188 421
189 495
189 199
189 220
189 381
189 402
189 328
189 208
189 254
190 480
190 214
190 380
190 311
190 226
190 422
190 260
190 320
190 330
190 329
190 303
190 314
190 219
191 470
191 349
191 334
191 246
191 293
191 394
192 475
192 265
192 204
192 450
192 351
192 446
192 425
192 318
192 234
192 310
192 275
193 310
193 245
193 418
193 378
194 309
194 483
194 257
194 399
194 433
194 241
194 314
194 278
194 263
194 371
194 490
195 320
195 419
195 296
195 465
195 421
195 291
195 334
195 392
195 196
195 440
195 426
195 434
195 368
195 352
195 348
195 235
195 429
196 296
196 288
196 201
196 289
196 424
196 389
196 260
197 253
197 457
197 331
197 414
198 408
198 448
198 302
198 341
198 487
198 491
198 413
198 231
198 422
198 242
198 207
199 485
199 253
199 457
199 473
199 285
199 339
199 475
200 427
200 226
200 309
200 209
200 382
200 241
201 414
201 395
201 484
201 393
201 465
201 482
201 312
202 242
202 222
202 249
202 425
202 344
202 471
202 391
202 217
202 262
202 320
203 309
203 430
203 444
203 393
203 209
203 439
203 407
203 433
203 245
204 289
204 277
204 311
204 287
204 373
204 243
204 473
204 452
205 358
205 357
205 303
205 414
205 243
205 311
205 260
205 470
206 241
206 256
206 407
206 258
206 209
206 320
206 465
207 279
207 232
207 318
207 334
207 270
207 462
207 389
207 299
207 416
207 445
207 362
207 381
207 273
208 332
208 467
208 481
208 260
208 424
208 428
208 465
208 322
208 397
208 239
208 302
208 226
208 309
208 449
209 283
209 436
209 476
209 271
209 221
209 432
209 356
210 366
210 375
210 363
210 245
210 414
210 416
210 426
210 391
211 429
211 361
211 402
211 410
211 379
211 274
211 343
211 318
211 315
211 337
211 433
212 450
212 264
212 273
212 400
212 429
212 464
212 341
212 318
212 289
212 343
212 441
212 493
213 242
213 421
213 422
214 472
214 376
214 409
214 227
214 434
214 348
214 265
214 447
215 294
215 328
215 289
215 297
215 282
215 490
215 305
216 332
216 412
216 421
216 349
216 265
216 458
216 437
216 293
216 231
216 340
216 484
217 454
217 434
217 242
217 417
217 369
217 416
217 276
217 344
217 400
218 285
218 297
218 349
218 300
218 228
218 383
218 231
218 272
218 327
218 418
219 265
219 267
219 280
219 260
219 366
219 486
220 430
220 268
220 249
220 306
220 320
220 484
220 407
220 473
220 233
221 467
221 496
221 288
221 260
221 345
221 442
221 427
221 491
221 233
221 360
222 444
222 468
222 349
222 280
222 272
222 469
222 452
222 321
222 448
223 433
223 303
223 249
223 295
223 330
223 354
224 436
224 445
224 406
224 496
224 287
225 380
225 364
225 326
225 463
225 397
225 371
225 286
225 299
225 295
226 416
226 407
226 391
226 240
226 379
226 337
226 268
226 387
226 351
227 369
227 242
227 495
227 485
227 412
227 410
227 494
227 308
227 349
228 407
228 420
228 299
228 442
228 359
228 409
229 251
229 474
229 343
229 370
229 345
229 266
229 409
229 475
230 384
230 327
230 335
230 366
230 385
230 322
230 429
230 330
230 497
230 318
230 261
230 267
230 234
230 252
231 443
231 454
231 444
231 361
231 351
231 413
231 480
231 393
232 366
232 393
232 265
232 237
232 367
232 415
232 370
232 316
232 310
232 292
232 437
232 295
232 260
232 390
233 239
233 418
233 466
233 349
233 409
234 360
234 410
234 366
234 409
234 353
234 292
234 317
234 421
235 292
235 433
235 493
235 487
235 359
235 462
235 330
235 293
235 484
235 282
235 472
235 344
235 478
236 471
236 446
236 330
237 256
237 362
237 340
237 389
237 281
237 386
238 388
238 464
238 376
238 443
238 431
238 390
238 341
238 246
238 318
239 306
239 263
239 310
239 454
239 328
239 333
239 386
239 425
239 482
239 447
239 325
239 259
239 405
240 351
240 421
240 339
240 281
241 304
241 320
241 300
241 306
241 404
241 389
241 470
241 247
241 459
242 352
242 337
242 346
242 412
242 400
242 435
243 319
243 392
243 423
243 261
243 495
243 326
243 325
244 323
244 318
244 355
244 299
245 421
245 344
245 403
245 251
245 453
245 458
245 490
245 273
246 462
246 452
246 487
246 294
246 483
246 340
246 474
246 362
246 489
246 280
246 264
246 313
247 362
247 301
247 472
247 442
247 348
247 312
247 270
247 494
248 326
248 484
248 443
248 385
248 279
248 358
249 262
249 417
249 427
249 260
249 495
249 371
249 380
249 418
249 477
250 388
250 373
250 437
250 324
250 387
250 483
250 262
251 321
251 272
251 307
251 276
251 314
251 484
251 454
252 266
252 468
252 377
252 449
252 267
252 257
252 287
253 406
253 323
253 304
253 287
253 494
253 363
253 260
253 289
254 319
254 287
254 384
254 341
254 282
254 405
254 365
254 314
254 316
254 463
254 271
254 267
254 388
254 258
254 400
255 446
255 373
255 357
255 370
255 297
255 280
256 438
256 328
256 415
256 371
256 418
256 390
256 492
257 493
257 431
257 360
257 321
257 410
257 498
258 313
258 482
258 476
258 490
258 413
258 259
258 452
258 409
259 276
259 454
259 263
259 435
259 294
259 355
259 396
259 376
259 375
259 442
260 490
260 315
260 494
260 445
261 463
261 468
261 300
261 347
261 290
261 466
261 331
261 365
261 377
261 394
262 441
262 473
262 463
262 467
262 483
262 445
262 364
262 452
262 326
262 499
263 411
263 456
263 283
263 453
263 292
263 483
263 412
264 275
264 300
264 379
264 417
264 281
264 286
264 430
264 345
265 450
265 489
265 357
265 460
265 321
265 413
266 492
266 367
266 413
266 297
266 495
266 442
266 334
266 287
266 388
267 417
267 346
267 450
268 274
268 483
268 409
268 299
268 326
268 291
268 453
268 429
268 491
269 441
269 398
269 285
270 455
270 380
270 454
270 498
270 328
270 273
270 463
271 318
271 393
271 347
271 312
271 386
271 341
272 404
272 391
272 297
272 290
272 401
273 380
273 381
273 452
273 463
273 440
273 325
274 492
274 437
274 332
274 411
274 379
274 458
274 352
275 298
275 457
275 297
275 305
276 317
276 283
276 315
276 337
276 422
277 467
277 394
277 437
277 338
277 426
277 299
277 359
277 358
277 446
277 455
277 345
277 324
278 448
278 366
278 279
278 340
278 432
278 308
278 480
278 326
278 377
278 399
278 363
278 360
279 360
279 411
279 476
280 305
280 282
280 391
280 487
280 416
280 314
280 328
280 376
280 455
281 405
281 438
281 400
281 439
281 327
281 385
281 435
281 419
281 489
282 486
282 480
282 379
282 421
282 301
282 462
282 375
282 461
283 458
283 391
283 454
283 306
283 447
283 442
284 460
284 298
284 319
284 468
284 384
284 322
284 459
285 419
285 387
285 477
285 410
285 293
285 312
285 413
285 319
285 432
286 433
286 453
286 473
286 367
286 430
286 378
286 459
286 370
286 288
287 460
287 441
287 352
287 314
287 482
287 332
287 367
287 446
287 335
287 351
287 496
287 497
288 486
288 338
288 330
288 311
288 336
288 369
289 464
289 345
289 452
289 376
289 414
289 362
290 315
290 351
290 380
290 370
290 471
290 373
290 492
290 292
290 439
291 312
291 351
291 322
291 296
291 329
291 361
291 402
291 447
291 462
291 377
291 371
291 445
292 372
292 411
292 442
292 461
292 407
292 447
293 316
293 489
293 391
293 294
293 389
293 453
294 369
294 425
294 342
294 408
294 444
294 472
295 485
295 375
295 381
295 473
295 413
296 316
296 429
296 349
296 343
296 322
297 479
297 418
297 484
297 370
297 462
297 331
297 475
297 314
297 338
297 409
298 496
298 368
298 355
298 446
298 371
298 474
299 466
299 453
299 445
299 485
299 475
299 380
300 442
300 342
300 383
300 482
300 437
300 323
300 335
300 388
300 459
301 326
301 422
301 353
301 424
301 318
301 421
301 447
301 403
301 431
301 376
301 378
301 314
301 434
302 362
302 481
302 452
302 400
302 463
303 329
303 314
303 335
303 332
303 486
304 315
304 474
304 405
304 327
304 369
304 347
304 499
305 427
305 497
305 409
305 327
305 406
305 348
306 376
306 308
306 451
306 412
306 343
306 464
306 354
306 320
306 409
307 417
307 455
307 338
307 497
307 458
307 383
307 466
308 448
308 312
308 462
308 360
308 387
309 446
309 379
309 465
309 389
309 433
309 405
309 479
310 380
310 314
310 341
310 311
310 426
310 347
310 486
311 477
311 426
311 430
311 366
312 374
312 408
312 445
312 352
312 450
313 317
313 492
313 493
313 469
313 392
313 334
313 339
313 374
314 337
314 448
314 428
314 354
314 436
315 421
315 386
315 394
316 369
316 433
316 440
316 481
316 395
316 349
317 322
317 423
317 370
317 395
317 433
318 324
318 321
318 412
318 357
318 454
318 484
319 426
319 469
319 479
319 380
319 387
319 378
320 416
320 323
320 392
320 461
320 472
320 348
320 481
320 404
320 365
320 339
321 364
321 384
321 465
321 373
321 358
322 428
322 495
322 499
322 333
322 489
322 469
322 338
322 485
322 472
323 389
323 354
323 410
323 441
323 415
323 393
323 342
324 361
324 461
324 395
324 466
324 380
324 421
325 392
325 479
325 374
325 361
325 364
325 366
326 349
326 337
326 476
326 461
326 371
326 339
327 441
327 416
327 365
327 434
328 425
328 479
328 336
328 426
328 482
329 450
329 364
329 402
330 474
330 390
330 450
330 421
331 439
331 448
332 461
332 419
332 333
332 380
332 462
332 341
332 485
332 335
333 452
334 443
334 352
334 404
334 474
334 377
335 430
335 489
335 490
336 412
336 482
336 399
336 490
337 397
337 462
337 461
337 492
337 349
337 452
337 484
338 467
338 460
338 423
338 372
338 482
339 487
339 468
340 471
340 380
340 373
340 412
341 463
341 347
341 448
342 434
342 376
342 419
342 466
342 353
343 372
343 401
343 462
343 427
343 363
343 490
343 392
343 467
344 409
344 417
344 364
345 375
345 365
345 407
345 408
345 382
345 367
345 459
345 364
345 443
345 469
346 397
346 348
346 353
346 448
346 461
346 463
347 382
347 423
347 390
347 392
347 489
347 377
347 401
347 409
348 352
348 390
348 371
348 461
348 481
348 485
349 471
349 417
349 435
349 468
349 495
350 382
350 449
351 487
351 383
351 381
351 358
351 376
351 421
351 374
352 441
352 360
352 484
352 390
352 462
352 458
352 387
352 434
353 460
353 416
353 477
353 412
354 404
354 467
354 488
354 359
355 358
355 384
355 458
355 429
355 403
356 379
356 453
356 365
356 419
357 467
357 459
357 443
357 397
357 379
358 423
358 417
358 416
358 374
358 384
358 483
358 477
358 406
359 360
359 366
359 368
360 383
360 422
360 448
361 438
361 417
361 450
361 367
361 445
361 415
361 484
361 416
362 447
362 464
362 459
362 393
363 486
363 497
363 485
364 383
364 434
364 456
364 397
364 378
364 474
365 438
366 489
366 438
366 467
366 486
366 445
366 428
367 495
367 425
367 423
367 481
367 445
367 491
367 422
368 455
368 472
369 477
369 432
369 434
370 456
370 455
371 447
371 424
371 442
371 382
372 473
372 424
372 418
372 437
372 374
372 489
373 396
373 436
373 472
373 477
373 375
374 494
374 435
374 464
374 391
375 450
375 478
375 492
375 432
376 408
376 402
376 453
376 415
377 410
377 429
377 400
377 416
378 465
378 442
379 478
379 459
380 385
380 412
380 424
380 452
381 462
381 489
381 393
381 464
382 409
382 399
383 486
383 459
383 449
383 393
383 488
384 396
384 438
385 435
385 431
385 395
385 495
386 461
387 430
387 471
387 434
388 418
388 465
389 488
389 493
390 424
390 404
390 462
391 495
391 489
391 472
391 428
392 451
392 438
392 404
392 460
393 428
393 490
393 493
394 445
394 440
394 460
395 483
395 422
395 428
395 494
396 452
397 403
397 461
398 419
398 480
398 441
399 466
399 453
399 439
401 409
401 436
401 402
402 404
402 480
402 459
402 435
402 471
402 414
403 404
403 436
403 476
404 493
404 428
404 490
404 470
405 475
405 473
405 420
405 418
405 412
406 407
406 412
406 428
406 415
406 450
407 472
407 435
407 433
408 450
408 470
411 423
411 466
411 419
411 489
411 449
412 427
412 432
413 465
413 496
414 425
414 498
414 416
414 419
415 442
415 450
415 487
415 418
416 471
416 493
417 444
417 461
417 493
418 489
419 486
419 434
419 463
420 459
420 491
420 475
420 488
420 435
421 445
421 452
422 475
422 433
422 492
423 476
424 486
425 489
425 455
427 487
427 435
427 467
427 473
430 484
430 493
430 448
431 481
431 460
431 465
432 439
432 468
433 494
434 491
434 490
435 472
437 484
437 483
437 445
437 481
437 494
440 463
440 478
440 479
441 467
442 467
442 464
442 495
443 447
445 447
445 451
445 482
446 451
446 450
447 469
447 459
447 499
448 471
448 458
449 470
449 475
452 481
452 461
453 482
453 462
453 460
453 476
454 461
454 456
455 496
455 466
455 465
456 480
456 460
457 485
459 462
460 473
460 494
461 470
462 489
463 490
463 474
464 469
465 482
465 473
466 482
466 488
467 497
468 490
470 474
472 494
473 494
474 491
475 483
475 484
475 477
481 486
481 497
483 492
485 492
485 496
490 492
494 497
