VERTICES = 500
EDGES = 4500
0 300
0 230
0 228
0 35
0 231
0 208
0 481
0 311
0 142
0 36
0 179
0 77
0 437
0 331
0 283
0 218
0 214
0 21
0 475
0 174
0 472
1 237
1 262
1 131
1 331
1 245
1 150
1 454
1 178
1 256
1 125
1 499
1 326
1 177
1 32
1 16
1 460
1 165
1 292
1 151
1 80
2 450
2 258
2 69
2 453
2 253
2 30
2 373
2 146
2 334
2 210
2 474
3 376
3 76
3 107
3 161
3 401
3 291
3 332
3 148
3 445
3 468
3 57
3 412
3 86
3 343
3 89
3 447
3 7
3 339
3 308
3 229
3 237
3 84
3 110
3 192
4 64
4 72
4 256
4 307
4 298
4 58
4 342
4 464
4 446
4 261
4 353
4 413
4 71
4 238
4 303
4 207
5 282
5 277
5 121
5 93
5 320
5 15
5 54
5 140
5 443
5 284
5 350
5 270
5 486
6 307
6 87
6 384
6 39
6 157
6 358
6 214
6 236
6 82
6 498
6 308
6 24
6 16
7 66
7 255
7 259
7 357
7 231
7 111
7 162
7 448
7 167
7 154
7 124
7 33
7 493
7 202
7 161
7 484
8 305
8 101
8 196
8 240
8 119
8 13
8 83
8 346
8 382
8 45
8 231
8 455
8 142
8 66
9 25
9 440
9 274
9 189
9 315
9 200
9 465
9 375
9 175
9 208
9 156
9 303
9 328
9 243
9 118
9 127
9 324
10 259
10 414
10 186
10 452
10 474
10 279
10 396
10 261
10 29
10 94
10 145
10 31
10 365
10 131
10 426
10 83
11 327
11 426
11 101
11 395
11 223
11 392
11 33
11 87
11 404
11 394
11 342
11 31
11 306
11 460
11 237
11 225
11 421
11 367
11 441
12 489
12 230
12 264
12 110
12 303
12 304
12 406
13 16
13 41
13 101
13 281
13 199
13 151
13 479
13 154
13 94
13 454
14 34
14 253
14 62
14 63
14 167
14 222
14 306
14 494
14 78
14 397
14 210
14 131
14 38
14 290
14 211
14 111
15 369
15 38
15 360
15 471
15 221
15 104
15 241
15 483
15 414
15 224
15 195
15 327
15 245
15 178
15 190
15 239
15 349
15 62
15 469
15 99
15 191
15 396
15 389
16 143
16 254
16 206
16 454
16 297
16 233
16 398
16 214
16 130
16 230
16 364
16 337
16 231
17 158
17 473
17 88
17 396
17 304
17 318
17 311
17 103
17 250
17 445
17 253
17 484
17 209
17 159
17 423
17 287
17 325
17 81
18 192
18 239
18 201
18 379
18 129
18 243
18 418
18 182
18 354
18 376
18 83
18 81
18 79
18 85
18 498
18 181
18 225
18 183
18 214
18 33
19 319
19 173
19 330
19 315
19 466
19 165
19 236
19 234
19 271
19 128
19 416
19 37
19 486
20 388
20 215
20 428
20 304
20 445
20 257
20 61
20 452
20 475
20 100
20 58
20 245
20 91
20 389
20 403
20 324
20 402
21 208
21 87
21 31
21 187
21 64
21 344
21 496
22 255
22 97
22 213
22 383
22 63
22 381
22 429
22 372
22 446
22 288
22 124
22 26
22 493
22 396
22 419
22 349
22 484
22 261
22 410
22 314
22 475
23 184
23 168
23 486
23 166
23 323
23 64
23 374
23 167
23 35
23 40
23 98
23 438
23 102
23 26
24 490
24 44
24 52
24 296
24 160
24 48
24 461
24 259
24 258
24 489
24 101
24 465
24 288
24 351
25 221
25 125
25 97
25 162
25 284
25 124
25 364
25 184
25 204
25 483
25 421
25 404
25 228
25 396
25 358
25 88
25 475
26 231
26 154
26 467
26 244
26 187
26 46
26 282
26 493
26 449
26 285
26 360
26 108
26 422
26 198
26 495
26 327
26 211
26 131
26 287
26 481
27 90
27 496
27 111
27 348
27 262
27 493
27 58
27 110
27 459
27 470
27 338
27 256
27 464
27 396
27 268
27 245
27 279
28 350
28 242
28 138
28 470
28 212
28 209
28 124
28 116
28 263
28 223
28 136
28 89
28 391
28 197
28 73
28 446
28 241
28 293
28 331
28 315
28 114
28 292
28 301
28 425
29 312
29 64
29 116
29 489
29 393
29 138
29 269
29 306
29 480
29 285
29 105
29 155
29 124
30 349
30 213
30 356
30 290
30 456
30 241
30 236
30 280
30 401
30 368
30 155
30 79
30 316
30 468
30 324
30 483
30 421
30 118
31 406
31 371
31 46
31 279
31 45
31 297
31 283
31 238
31 201
31 341
31 97
31 111
31 161
31 112
31 187
31 399
32 460
32 391
32 240
32 247
32 70
32 383
32 326
32 179
32 382
32 230
32 251
32 42
32 111
33 159
33 59
33 73
33 234
33 396
33 265
33 81
33 425
33 199
33 124
34 79
34 234
34 58
34 180
34 492
34 77
34 78
34 428
34 217
34 264
34 153
34 147
34 226
34 343
34 177
35 282
35 405
35 338
35 321
35 157
35 303
35 354
35 57
35 54
35 347
35 43
35 290
35 99
35 250
35 236
35 463
35 202
35 119
35 61
36 420
36 282
36 118
36 438
36 126
36 70
36 466
36 168
36 177
36 71
36 487
36 106
36 493
36 138
36 456
36 198
37 57
37 304
37 297
37 410
37 95
37 384
37 319
37 451
37 217
37 286
37 151
37 163
37 493
37 358
37 121
37 235
38 477
38 126
38 107
38 226
38 217
38 76
38 238
38 178
38 136
38 325
38 83
38 165
38 409
39 161
39 420
39 495
39 466
39 365
39 268
39 347
39 83
39 180
40 114
40 180
40 229
40 496
40 338
40 291
40 206
40 283
40 104
40 358
40 475
40 439
40 53
41 477
41 248
41 361
41 483
41 410
41 42
41 242
41 432
41 70
41 344
41 151
41 429
41 161
41 325
41 169
41 72
41 491
41 320
41 478
41 380
41 253
42 70
42 211
42 242
42 343
42 441
42 120
42 317
42 172
42 199
42 71
42 344
42 337
42 484
43 332
43 161
43 422
43 284
43 487
43 200
43 119
43 414
43 180
43 335
43 225
43 357
43 399
43 301
43 480
44 311
44 136
44 178
44 423
44 408
44 85
44 290
44 273
44 168
44 289
44 268
44 58
44 124
45 292
45 387
45 105
45 391
45 367
45 424
45 320
45 412
45 363
45 188
45 200
45 112
45 393
45 357
45 288
45 208
45 218
45 407
46 144
46 252
46 301
46 282
46 223
46 436
46 151
46 497
46 390
46 121
46 165
46 104
46 451
47 114
47 388
47 161
47 153
47 263
47 304
47 142
47 307
47 133
47 95
47 279
47 305
47 82
47 74
47 206
47 436
47 83
47 346
47 238
47 117
48 306
48 88
48 300
48 58
48 472
48 213
48 410
48 291
48 379
48 215
48 477
48 270
49 129
49 499
49 147
49 331
49 243
49 236
49 260
49 320
49 145
49 257
49 420
49 362
50 54
50 402
50 204
50 473
50 145
50 380
50 153
50 230
50 214
50 149
50 340
50 438
50 76
50 273
51 74
51 480
51 312
51 118
51 462
51 128
51 101
51 224
51 409
51 401
51 343
51 443
51 408
51 395
51 164
52 303
52 121
52 289
52 457
52 411
52 136
52 371
52 293
52 488
52 155
52 78
52 116
52 473
53 471
53 469
53 71
53 352
53 340
53 461
53 484
53 203
53 426
53 456
53 67
53 226
53 267
53 460
54 332
54 256
54 243
54 466
54 263
54 378
54 369
54 241
54 349
54 386
54 204
54 86
54 302
54 367
54 292
54 102
54 480
55 428
55 120
55 380
55 358
55 411
55 151
55 398
55 221
56 247
56 377
56 350
56 378
56 357
56 270
56 332
56 218
56 328
56 463
56 433
56 198
56 150
56 283
56 351
56 249
57 193
57 222
57 290
57 382
57 447
57 365
57 273
57 345
57 104
57 152
57 329
57 134
57 67
57 106
57 356
57 278
57 496
57 354
58 477
58 367
58 192
58 401
58 172
58 412
58 308
58 226
58 488
58 197
58 452
58 78
58 122
58 71
58 291
58 484
58 391
58 393
59 360
59 367
59 153
59 371
59 205
59 467
59 377
59 226
60 154
60 492
60 150
60 475
60 199
60 216
60 163
60 265
60 86
60 384
60 297
60 92
60 462
60 324
60 142
60 143
60 91
60 284
60 61
60 430
60 95
61 204
61 351
61 105
61 477
61 92
61 281
61 77
61 198
61 468
61 197
61 174
61 289
61 136
61 286
61 141
61 440
61 284
61 473
62 92
62 461
62 357
62 366
62 183
62 251
62 497
62 67
62 382
62 297
62 245
62 490
63 438
63 384
63 163
63 478
63 429
63 157
63 398
63 158
63 362
63 140
63 111
63 447
64 167
64 161
64 494
64 171
64 114
64 191
64 302
64 244
64 108
64 429
64 219
64 111
64 408
65 195
65 83
65 335
65 66
65 82
65 461
65 331
65 326
65 209
65 234
65 180
65 255
65 166
65 145
66 323
66 87
66 232
66 400
66 342
66 185
66 117
66 272
66 380
66 245
66 264
66 409
66 464
66 211
66 394
66 469
66 288
66 252
66 318
66 374
67 466
67 215
67 345
67 462
67 159
67 299
67 494
67 165
67 363
67 474
67 184
67 264
67 115
67 324
67 231
67 277
68 392
68 353
68 84
68 475
68 375
68 269
68 411
68 87
68 162
68 441
68 323
68 99
68 131
68 479
68 322
68 349
69 246
69 486
69 451
69 379
69 184
69 229
69 386
69 253
69 333
69 418
69 214
69 447
69 350
69 153
69 183
69 452
69 195
69 399
69 435
70 353
70 439
70 332
70 472
70 474
70 453
70 195
70 251
70 292
70 203
70 218
70 170
70 248
70 104
70 401
70 320
70 284
70 101
70 257
70 204
71 330
71 372
71 321
71 453
71 327
71 259
71 214
71 210
71 101
71 246
71 443
71 490
72 124
72 239
72 77
72 474
72 256
72 242
72 75
72 166
72 169
72 158
72 137
72 435
72 341
72 387
72 160
72 417
72 313
72 119
72 466
72 103
73 389
73 286
73 156
73 332
73 143
73 248
73 319
73 118
73 264
73 480
73 316
73 358
73 365
73 401
73 311
73 238
73 278
73 86
73 105
74 193
74 394
74 186
74 373
74 210
74 112
74 279
74 125
74 119
74 76
74 140
74 162
74 155
74 260
74 452
75 365
75 491
75 267
75 318
75 139
75 495
75 494
75 301
75 195
76 264
76 138
76 143
76 285
76 461
76 318
76 374
76 367
76 147
76 270
76 363
76 135
76 423
76 499
76 281
76 257
77 216
77 414
77 454
77 394
77 408
77 489
77 402
77 225
77 299
77 80
77 110
77 289
77 208
77 108
77 427
77 413
77 410
77 147
77 279
77 193
77 232
78 224
78 140
78 285
78 319
78 172
78 324
78 332
78 176
78 88
78 169
78 174
78 118
79 199
79 93
79 81
79 167
79 165
79 392
79 353
79 335
79 201
79 417
79 342
79 313
79 482
79 324
80 386
80 131
80 461
80 471
80 318
80 203
80 492
80 394
80 404
80 278
80 137
80 91
81 329
81 237
81 121
81 174
81 244
81 146
81 480
81 242
81 87
81 221
81 290
81 317
81 322
81 140
81 271
81 162
81 210
82 202
82 354
82 375
82 230
82 318
82 479
82 408
82 310
82 233
82 108
82 121
82 368
82 120
82 403
82 201
83 393
83 125
83 351
83 91
83 136
83 332
83 415
83 299
83 442
83 266
83 105
83 258
84 132
84 495
84 233
84 446
84 253
84 263
84 242
84 417
84 355
84 105
84 119
84 399
84 226
84 85
84 342
84 102
84 129
84 101
84 223
84 176
85 244
85 271
85 330
85 492
85 448
85 205
85 235
85 377
85 150
85 262
85 89
85 123
85 357
85 430
85 258
85 478
85 138
85 484
86 405
86 319
86 293
86 276
86 391
87 161
87 449
87 213
87 332
87 462
87 184
87 483
87 482
87 128
87 406
87 131
87 387
87 199
87 306
87 386
87 210
87 356
87 322
87 420
88 431
88 165
88 341
88 107
88 399
88 306
88 334
88 312
88 338
88 176
88 125
88 177
88 251
89 365
89 90
89 200
89 136
89 285
89 214
89 393
89 247
89 400
89 231
89 286
89 95
89 498
89 478
89 234
89 206
89 413
89 456
89 463
89 141
89 497
89 227
90 459
90 351
90 453
90 485
90 394
90 195
90 239
90 155
90 244
91 224
91 255
91 179
91 252
91 265
91 477
91 424
91 486
91 472
91 200
91 171
91 199
92 285
92 329
92 472
92 94
92 145
92 294
92 490
92 197
92 136
92 144
92 267
93 352
93 311
93 255
93 327
93 141
93 105
93 394
93 262
93 450
93 282
93 243
93 489
93 270
93 290
93 263
93 410
93 139
93 181
94 274
94 406
94 216
94 280
94 451
94 467
94 475
94 273
94 117
94 164
94 428
94 359
94 281
95 342
95 329
95 276
95 491
95 477
95 106
95 260
95 484
95 309
95 301
95 308
95 430
95 181
96 415
96 368
96 313
96 382
96 169
96 203
96 375
96 338
96 226
96 296
96 254
96 125
96 132
97 355
97 238
97 329
97 474
97 325
97 499
97 114
97 438
97 413
97 152
97 463
97 354
97 134
97 179
98 213
98 200
98 404
98 113
98 426
98 399
98 467
98 400
98 459
98 346
98 473
98 134
99 129
99 212
99 438
99 401
99 279
99 172
99 191
99 325
99 335
99 412
99 221
99 402
99 332
99 407
99 186
99 130
99 492
100 196
100 104
100 222
100 255
100 140
100 355
100 185
100 146
100 201
100 256
100 226
100 426
100 453
101 490
101 351
101 341
101 250
101 285
101 115
101 137
101 481
101 176
101 286
101 444
101 125
101 403
101 159
101 261
101 299
102 421
102 171
102 342
102 361
102 170
102 238
102 295
102 323
102 122
102 319
102 152
102 449
102 162
102 357
102 423
102 198
102 306
102 409
102 300
103 383
103 351
103 382
103 169
103 356
103 242
103 120
103 198
103 133
103 432
103 484
103 146
103 285
104 184
104 107
104 446
104 131
104 105
104 389
104 160
104 314
104 231
104 491
104 230
104 179
104 141
104 281
104 325
105 114
105 191
105 243
105 485
105 324
105 223
105 247
105 256
105 413
105 250
105 125
105 316
105 199
106 162
106 125
106 231
106 144
106 139
106 273
106 195
106 412
106 172
106 483
106 210
106 284
107 303
107 150
107 413
107 338
107 279
107 352
107 152
107 412
107 289
107 285
107 294
107 350
107 370
107 450
107 178
107 123
107 136
108 400
108 182
108 341
108 306
108 232
108 384
108 144
108 356
108 278
108 140
108 312
108 394
108 147
108 229
108 169
108 419
108 371
108 164
108 391
108 213
109 330
109 230
109 337
109 129
109 246
109 393
109 303
109 359
109 350
109 482
109 425
109 453
109 133
109 110
109 149
110 275
110 155
110 212
110 380
110 123
110 284
110 366
110 181
110 364
110 253
110 283
110 461
110 146
110 475
111 133
111 372
111 307
111 207
111 276
111 443
111 127
111 162
111 132
111 479
111 150
111 318
111 382
112 215
112 222
112 221
112 113
112 162
112 232
112 453
112 404
112 168
112 339
112 418
112 471
112 310
112 247
112 145
112 204
112 476
112 422
112 474
113 351
113 422
113 248
113 272
113 175
113 360
113 117
113 390
113 471
113 374
113 189
114 277
114 171
114 310
114 380
114 372
114 153
114 252
114 293
114 192
115 387
115 170
115 237
115 427
115 413
115 249
115 228
115 343
115 440
115 283
115 247
115 179
115 221
116 336
116 176
116 394
116 262
116 396
116 392
116 418
116 136
116 344
116 375
116 419
116 367
116 427
116 422
116 329
117 217
117 431
117 273
117 423
117 407
117 230
117 187
117 149
117 460
117 441
117 282
117 159
117 314
117 495
117 330
118 485
118 478
118 266
118 347
118 470
118 289
118 292
118 263
118 421
119 355
119 396
119 315
119 248
119 331
119 461
119 257
119 213
119 406
119 373
120 296
120 343
120 351
120 184
120 268
120 214
120 344
120 321
120 416
120 482
120 202
120 167
120 183
120 415
120 471
120 218
120 255
120 125
120 467
120 477
120 157
120 131
121 431
121 254
121 262
121 307
121 496
121 217
121 224
121 257
122 199
122 137
122 427
122 255
122 282
122 388
122 322
122 302
122 193
122 183
122 178
122 397
122 325
122 330
122 200
122 337
122 165
122 465
123 449
123 259
123 157
123 280
123 178
123 274
123 239
123 441
123 408
123 389
123 234
123 238
123 498
123 300
123 252
124 131
124 441
124 217
124 379
124 403
124 326
124 318
124 140
124 202
124 493
124 194
124 429
124 223
124 254
125 240
125 339
125 153
125 127
125 205
125 425
125 364
125 432
125 478
126 224
126 263
126 463
126 282
126 317
126 471
126 287
126 192
126 450
126 264
126 283
126 174
126 393
127 132
127 481
127 353
127 448
127 485
127 416
127 285
127 169
127 286
127 321
127 407
127 344
127 210
127 281
128 209
128 214
128 353
128 167
128 451
128 137
128 211
128 208
128 336
128 420
128 400
129 374
129 289
129 402
129 242
129 182
129 396
129 147
129 393
129 266
129 386
129 222
129 297
129 460
129 341
129 492
130 205
130 271
130 323
130 254
130 194
130 454
130 405
130 249
130 438
130 161
130 286
130 461
130 480
130 347
130 357
130 350
130 318
130 179
131 169
131 188
131 181
131 272
131 412
131 259
131 233
131 177
131 351
131 301
131 176
131 139
131 315
132 168
132 256
132 394
132 198
132 271
132 304
132 472
132 450
132 283
132 420
132 498
132 327
132 213
132 465
132 230
132 338
132 289
132 225
133 437
133 285
133 210
133 219
133 359
133 248
133 282
133 288
133 385
133 406
133 313
133 448
134 473
134 255
134 260
134 153
134 350
134 317
134 368
134 383
134 447
134 355
134 216
134 139
134 419
134 315
134 374
134 313
135 143
135 460
135 157
135 175
135 443
135 323
135 481
135 280
135 182
135 391
135 241
135 329
135 459
135 412
135 417
135 161
135 380
135 378
135 239
136 308
136 321
136 406
136 239
136 466
136 392
136 383
136 495
136 198
136 442
136 149
136 400
136 393
136 240
136 189
136 142
136 209
137 298
137 475
137 410
137 227
137 304
137 386
137 175
137 474
137 448
137 152
137 242
137 496
138 394
138 426
138 422
138 204
138 232
138 464
138 282
138 216
138 306
138 219
138 202
138 366
138 186
138 252
138 437
138 236
138 315
139 159
139 405
139 415
139 217
139 429
139 236
139 192
139 455
139 255
139 409
139 147
139 470
139 494
139 313
139 185
139 461
139 362
139 406
139 462
140 468
140 153
140 498
140 168
140 411
140 286
140 373
141 326
141 280
141 391
141 418
141 228
141 425
141 396
141 306
141 241
141 489
141 442
141 479
142 155
142 265
142 280
142 170
142 177
142 451
142 218
142 193
142 198
142 345
142 450
142 278
142 182
142 386
142 187
142 467
143 488
143 227
143 288
143 318
143 365
143 480
143 446
143 229
143 404
143 313
143 166
143 290
143 276
144 283
144 409
144 496
144 433
144 213
144 449
144 466
144 422
144 444
144 440
144 237
144 338
144 425
145 303
145 313
145 178
145 221
145 155
145 420
145 397
145 498
145 458
145 263
145 482
145 444
145 425
145 207
145 384
145 497
145 254
145 438
146 459
146 493
146 202
146 207
146 212
147 339
147 412
147 392
147 239
147 164
147 335
147 362
147 325
147 408
147 346
147 458
147 449
147 430
147 400
147 171
147 396
147 475
147 244
147 389
147 344
147 338
147 326
147 187
147 415
147 153
148 396
148 458
148 404
148 278
148 224
148 421
148 411
148 339
148 264
148 494
148 202
148 176
148 491
148 366
148 414
148 171
149 444
149 164
149 357
149 478
149 367
149 381
149 475
149 190
150 393
150 185
150 355
150 249
150 310
150 404
150 424
150 331
150 340
150 266
150 426
150 227
150 462
150 335
150 224
150 265
150 182
150 256
150 177
151 264
151 393
151 496
151 257
151 207
151 483
151 262
151 369
151 367
151 272
151 413
151 359
151 404
152 269
152 476
152 211
152 463
152 340
152 174
152 470
152 307
152 444
152 216
153 385
153 253
153 489
153 484
153 382
153 170
153 470
153 323
153 460
153 239
153 365
153 416
153 257
154 422
154 381
154 481
154 451
154 339
154 308
154 224
154 191
154 213
154 411
154 405
154 356
154 419
154 161
154 364
155 407
155 232
155 484
155 165
155 312
155 247
155 296
155 385
155 341
155 224
155 189
155 180
155 366
155 373
155 173
156 496
156 481
156 403
156 230
156 452
156 311
156 396
156 305
156 233
156 408
156 401
156 194
156 411
156 188
156 231
156 436
156 389
157 307
157 295
157 388
157 476
157 442
157 227
157 465
157 298
157 490
157 364
158 290
158 299
158 354
158 190
158 489
158 210
158 431
158 427
158 269
158 474
158 412
159 187
159 328
159 349
159 377
159 436
159 454
159 305
159 292
159 335
159 197
159 372
160 220
160 174
160 485
160 285
160 459
160 340
160 366
161 396
161 263
161 178
161 456
161 328
161 426
161 347
161 194
161 344
161 233
161 413
161 241
161 280
161 204
161 459
161 363
162 292
162 344
162 452
162 377
162 217
162 245
162 177
162 418
162 489
162 237
162 482
162 499
162 180
162 202
162 428
162 200
163 444
163 294
163 419
163 367
163 371
163 291
163 304
163 387
163 167
163 179
163 390
163 199
163 316
163 164
163 257
164 297
164 277
164 194
164 291
164 445
164 414
164 300
164 389
164 282
164 259
164 314
164 205
165 313
165 493
165 416
165 386
165 425
165 377
165 397
165 351
165 482
165 458
165 345
165 344
166 459
166 343
166 389
166 402
166 230
166 188
166 392
166 187
166 388
166 465
167 460
167 201
167 375
167 223
167 230
167 305
167 378
167 403
167 249
167 390
167 456
167 346
168 324
168 228
168 214
168 199
168 406
168 412
168 428
168 315
169 210
169 342
169 376
169 296
169 387
169 196
169 435
169 192
169 212
169 266
169 239
169 454
169 388
170 458
170 478
170 372
170 388
170 439
170 335
170 320
170 299
170 451
170 481
170 208
170 316
171 333
171 191
171 361
171 197
171 206
171 296
171 413
171 323
171 326
172 391
172 218
172 477
172 199
172 454
172 258
172 402
173 271
173 446
173 445
173 341
173 442
173 460
173 432
173 193
173 175
173 478
173 235
173 185
173 184
174 291
174 238
174 398
174 487
174 384
174 323
174 338
174 223
174 328
175 269
175 191
175 355
175 176
175 375
175 418
175 357
175 434
176 222
176 186
176 303
176 295
176 235
176 185
176 415
176 447
176 264
176 365
176 300
176 429
177 494
177 303
177 340
177 454
177 438
177 428
177 423
177 468
177 349
177 346
177 469
177 266
178 405
178 484
178 478
178 347
178 437
178 225
178 383
178 380
178 481
178 376
178 270
178 366
178 183
178 485
178 317
178 453
179 466
179 411
179 406
179 471
179 461
179 365
179 189
179 400
180 465
180 462
180 305
180 346
180 300
181 468
181 204
181 438
181 206
181 356
181 473
181 319
181 396
181 481
181 254
181 190
181 244
181 297
181 450
181 401
182 431
182 329
182 475
182 480
182 446
182 349
182 399
183 456
183 329
183 309
183 299
183 265
183 263
183 493
183 306
183 431
184 271
184 351
184 442
184 192
184 194
184 331
184 293
184 272
184 353
184 193
184 255
184 474
184 195
184 386
184 191
184 346
185 491
185 484
185 281
185 205
185 421
185 450
185 439
185 380
185 212
185 476
185 415
186 257
186 370
186 386
186 446
186 389
186 471
186 254
186 196
186 479
186 428
186 406
186 431
186 439
186 414
186 464
186 303
187 208
187 190
187 416
187 318
187 375
187 354
187 386
187 373
187 350
187 309
188 372
188 402
188 311
188 337
188 277
188 190
188 474
188 406
188 307
188 293
189 218
189 376
189 328
189 300
189 237
189 243
189 474
189 442
189 341
189 491
189 411
190 370
190 250
190 461
190 248
190 212
190 472
190 437
190 448
190 406
191 487
191 369
191 360
191 205
191 258
191 492
191 362
191 413
191 481
191 371
191 330
191 378
191 309
191 223
191 444
192 336
192 401
192 236
192 323
192 212
192 223
192 414
192 329
192 463
192 469
192 366
193 295
193 265
193 322
193 351
193 422
194 449
194 408
194 299
194 499
194 300
194 363
194 219
194 466
194 464
194 310
194 386
194 303
194 319
194 482
195 323
195 234
195 470
195 410
195 281
195 250
195 274
195 348
195 454
195 455
195 344
195 272
195 265
195 236
195 283
195 220
196 225
196 296
196 211
196 209
196 326
196 458
196 361
196 234
196 440
197 328
197 213
197 495
197 395
197 206
197 380
197 292
197 435
197 382
197 284
198 249
198 449
198 245
198 489
198 494
198 410
198 311
198 232
198 284
198 354
198 448
198 270
198 355
198 468
198 408
199 272
199 372
199 487
199 454
199 484
199 276
199 315
199 415
199 405
199 221
200 323
200 463
200 344
200 425
200 212
200 386
200 243
200 399
200 291
200 372
200 385
200 314
200 235
200 388
201 270
201 264
201 410
201 391
201 484
201 450
201 288
201 207
201 496
202 474
202 439
202 363
202 270
202 315
202 295
202 253
202 331
202 244
202 254
202 409
202 234
202 292
202 479
203 484
203 419
203 435
203 261
203 380
203 369
203 432
203 455
203 389
203 295
203 445
203 410
203 323
203 361
203 283
203 272
203 301
203 409
204 485
204 209
204 428
204 273
204 493
205 295
205 333
205 332
205 361
205 255
205 352
205 338
205 277
205 262
205 313
205 257
205 298
206 289
206 207
206 362
206 333
206 478
206 270
206 379
206 369
206 460
206 262
206 320
207 423
207 309
207 231
207 387
207 481
207 413
207 299
208 210
208 346
208 382
208 342
208 456
208 335
208 261
208 380
208 438
208 446
209 359
209 427
209 302
209 335
209 421
209 433
209 493
209 474
209 364
209 456
209 308
209 367
209 220
210 376
210 466
210 475
210 213
210 348
210 399
210 260
210 448
211 225
211 219
211 292
211 242
211 478
211 347
211 488
211 330
211 434
212 394
212 313
212 484
212 227
212 469
212 376
212 367
212 381
212 306
212 289
212 322
212 371
212 467
212 418
212 415
212 369
212 398
212 268
213 458
213 269
213 330
213 454
213 388
213 300
213 402
214 490
214 262
214 242
214 343
214 403
214 249
214 472
214 324
214 357
214 400
214 469
215 276
215 470
215 427
215 490
215 449
215 353
215 396
215 459
215 309
215 498
215 219
215 318
215 332
215 469
215 455
215 485
216 263
216 449
216 403
216 435
216 285
216 434
216 424
216 330
217 316
217 293
217 219
217 345
217 287
217 233
217 410
217 422
217 231
217 341
217 237
217 306
217 373
217 262
217 416
218 221
218 410
218 332
218 429
218 296
218 491
218 426
218 300
218 272
218 471
218 407
218 271
218 264
218 438
218 476
218 342
218 229
218 368
219 472
219 405
219 286
219 320
219 226
219 440
219 487
219 363
219 486
219 341
219 351
219 377
219 297
219 231
219 289
219 312
219 302
219 317
220 438
220 240
220 237
220 377
220 443
220 286
220 371
220 230
220 450
220 484
220 283
221 317
221 258
221 488
221 309
221 403
221 311
221 234
221 391
221 448
221 259
221 305
222 292
222 314
222 445
222 285
222 290
222 436
222 276
222 318
222 234
223 368
223 462
223 350
223 484
223 313
223 294
223 335
223 432
223 248
223 416
223 499
224 486
224 307
224 288
224 361
224 431
224 398
224 384
224 455
224 432
225 387
225 468
225 354
225 413
225 381
225 229
225 249
225 295
225 392
225 306
226 438
226 436
226 491
226 447
226 289
226 290
226 400
226 389
226 364
226 311
226 281
227 443
227 411
227 241
227 343
227 425
227 418
227 405
227 340
227 353
227 352
228 359
228 454
228 390
228 466
228 312
228 283
228 350
228 273
228 382
228 404
228 403
228 268
229 389
229 421
229 391
229 301
229 455
229 271
229 286
229 363
230 454
230 393
230 373
230 329
230 265
230 487
230 280
230 391
230 331
230 419
230 416
230 338
231 333
231 424
231 376
231 289
231 233
231 312
231 410
232 257
232 429
232 374
232 318
232 363
232 273
232 415
232 409
232 305
232 398
232 499
233 456
233 391
233 412
233 353
233 235
233 408
233 373
233 361
233 450
233 319
233 364
234 253
234 365
234 281
234 313
234 307
234 417
234 263
234 358
234 302
234 266
234 400
234 257
234 404
234 397
235 402
235 490
235 472
235 289
235 367
235 268
236 433
236 291
236 247
236 341
236 474
236 357
237 251
237 397
237 423
237 485
237 302
237 333
237 359
237 321
237 442
237 428
237 318
238 295
238 318
238 251
238 408
238 265
238 423
238 403
238 322
239 493
239 404
239 382
239 286
239 284
240 487
240 421
240 371
240 374
240 325
240 397
240 377
240 417
240 401
240 267
240 465
241 447
241 362
241 410
241 248
241 246
241 488
241 271
242 430
242 399
242 333
242 428
242 486
242 289
242 271
242 450
243 360
243 486
243 455
243 415
243 474
243 267
243 282
244 495
244 366
244 335
244 307
245 454
245 398
245 440
245 425
245 318
245 484
245 443
245 369
245 314
245 449
246 300
246 364
246 330
246 461
246 369
246 435
246 354
246 356
246 450
247 375
247 406
247 369
247 374
247 482
247 469
247 347
247 383
247 343
248 473
248 357
248 253
248 489
248 456
248 450
248 258
248 287
248 464
248 487
248 411
249 297
249 436
249 418
249 466
249 339
249 378
250 383
250 402
250 282
250 398
250 469
250 275
250 300
250 417
250 321
251 274
251 419
251 367
251 380
251 428
251 255
251 488
251 498
251 312
252 423
252 328
252 320
252 270
252 481
252 473
252 273
252 407
252 350
253 284
253 376
253 362
253 257
253 312
253 265
253 365
253 440
253 389
253 270
253 479
253 456
254 419
254 362
254 405
254 408
254 263
254 281
254 448
254 482
255 338
255 487
255 482
255 289
255 337
255 416
255 318
255 300
256 295
256 357
256 432
256 257
257 269
257 372
257 459
257 464
257 383
257 498
257 465
257 453
257 380
257 400
257 429
257 264
257 468
257 304
258 330
258 404
258 467
258 295
258 353
258 347
258 479
259 442
259 411
259 462
259 473
259 421
259 334
260 333
260 462
260 454
260 302
260 456
260 361
260 346
260 371
260 468
260 405
260 331
261 467
261 377
261 434
261 379
261 347
261 389
261 435
261 391
261 438
261 453
261 289
261 313
261 451
261 358
261 403
261 322
262 438
262 268
262 326
262 405
263 276
263 391
263 437
263 413
263 328
263 348
263 311
263 275
263 289
264 466
264 286
264 423
264 283
264 444
264 269
265 353
265 465
265 344
265 293
265 295
265 466
265 279
265 358
265 405
265 299
265 272
265 452
266 458
266 344
266 275
266 446
266 383
266 409
266 420
266 340
266 489
266 492
266 473
267 352
267 438
267 307
267 449
267 409
267 329
267 334
267 474
267 463
267 316
268 312
268 384
268 376
268 318
268 289
268 454
269 276
269 439
269 376
269 411
269 388
269 493
270 353
270 304
270 330
270 420
270 415
270 272
271 272
271 400
271 343
271 469
271 332
271 282
271 388
271 476
271 340
271 392
271 381
272 434
272 298
272 477
272 389
272 283
273 443
273 347
273 342
273 416
273 426
273 322
273 372
273 413
273 289
273 456
274 296
274 405
274 475
274 286
275 493
275 296
275 352
275 422
276 301
276 362
276 366
276 343
276 356
276 432
276 473
276 423
276 342
277 452
277 498
277 485
277 376
277 333
277 338
278 412
278 312
278 483
279 433
279 401
279 288
279 308
279 380
279 399
280 346
280 360
280 457
280 476
280 357
280 373
280 313
281 429
281 438
281 283
281 401
281 391
281 327
281 446
281 436
281 480
281 368
281 385
281 400
281 352
281 325
282 421
282 416
282 391
282 485
282 498
282 314
282 468
282 352
282 301
282 381
283 318
283 425
283 392
283 286
283 439
283 465
283 327
284 406
284 292
284 356
284 465
284 466
284 400
284 391
284 477
284 460
284 458
284 380
284 417
285 318
285 369
285 302
285 440
285 380
285 293
285 306
285 325
285 327
286 314
286 409
286 325
286 483
286 310
286 294
287 315
287 430
287 478
287 400
287 294
287 363
288 289
288 312
288 355
288 476
288 442
288 481
288 294
288 446
288 457
288 445
288 378
288 402
288 305
288 423
288 473
289 335
289 414
289 494
289 397
289 415
289 290
289 428
289 409
289 315
289 492
290 383
290 331
290 353
290 313
290 489
290 398
290 380
290 415
290 478
290 362
291 486
291 445
291 359
291 476
291 412
291 454
291 433
291 394
292 487
292 435
292 488
292 406
292 438
292 307
292 413
292 445
293 310
293 481
293 438
293 365
293 387
293 382
294 443
294 423
294 368
294 371
295 372
295 319
295 321
295 323
295 340
296 374
296 459
296 309
296 460
296 444
296 499
296 336
296 413
296 481
296 462
296 316
296 351
296 349
296 317
297 400
297 403
297 318
297 410
297 352
298 480
298 324
298 478
298 448
298 438
298 367
298 376
298 300
298 335
298 427
298 419
298 382
299 490
299 400
299 436
299 365
299 309
299 411
299 392
300 454
300 475
300 427
300 464
300 313
300 409
300 350
300 355
300 406
300 429
300 391
300 416
301 337
301 437
301 424
301 457
301 415
301 481
301 476
302 327
302 336
302 339
302 331
303 444
303 341
303 387
303 489
303 326
303 321
303 333
303 452
303 486
303 363
304 351
304 468
304 356
304 470
304 376
304 349
305 443
305 315
305 411
305 444
305 330
305 318
305 397
305 317
305 414
305 360
306 389
306 321
306 403
306 487
306 475
306 450
306 463
306 473
306 323
307 377
307 491
307 321
307 447
307 386
307 476
307 398
307 418
308 324
308 438
308 432
308 373
308 449
308 465
308 367
308 443
309 454
309 321
310 420
310 489
310 488
310 347
310 354
310 334
310 411
310 438
310 455
311 490
311 378
311 376
311 445
311 333
311 405
311 465
312 419
312 465
312 353
312 493
312 428
312 432
313 386
313 449
313 380
313 440
313 398
313 439
313 412
314 321
314 392
314 426
314 489
315 434
315 472
316 346
316 325
316 392
316 402
317 418
317 417
318 488
319 373
319 498
319 422
319 337
319 473
319 477
319 342
319 387
320 336
320 416
320 331
320 436
320 323
320 450
320 446
320 362
321 446
321 496
321 425
321 384
321 459
322 383
322 339
322 444
322 384
322 450
322 357
322 327
322 328
322 452
323 376
323 339
323 385
323 481
323 326
323 475
323 437
323 360
323 391
323 379
324 356
324 389
324 460
324 430
325 386
325 373
325 345
325 475
325 383
325 476
325 344
325 328
325 464
325 477
325 453
325 381
326 354
326 356
326 449
326 344
327 456
327 466
327 428
327 434
327 359
328 461
328 464
328 499
328 377
328 437
328 425
328 414
329 380
329 455
329 335
329 407
329 446
330 387
330 478
330 442
330 345
330 488
330 406
330 421
331 384
331 440
332 397
332 343
332 375
332 479
332 490
332 440
333 362
333 342
333 424
333 469
333 489
333 451
333 358
333 492
334 356
334 380
334 453
334 405
334 492
335 394
335 339
335 470
335 359
335 465
335 478
335 454
335 336
336 342
336 446
336 354
336 489
336 427
336 353
336 369
336 415
337 365
337 458
337 371
337 390
337 398
337 358
338 399
338 351
338 353
338 428
338 495
338 397
338 393
338 342
338 418
338 370
339 488
339 383
339 436
339 423
339 361
339 478
339 491
340 380
340 389
340 430
340 433
340 353
340 343
340 369
341 438
341 443
341 403
341 499
341 430
341 424
341 480
341 370
341 348
342 422
342 385
342 355
342 475
342 478
342 483
342 470
343 383
343 421
343 367
343 467
343 452
343 475
343 457
343 419
343 430
343 412
344 376
344 404
344 436
344 399
344 491
344 373
345 498
345 456
345 404
345 365
345 359
345 386
345 481
346 363
346 468
346 386
347 403
347 351
347 379
348 356
348 474
348 453
348 479
348 447
349 497
349 446
349 464
349 421
349 424
349 350
349 414
349 467
349 415
350 361
350 365
350 460
350 402
350 439
350 378
350 461
351 467
351 465
351 446
351 415
351 396
351 418
351 404
352 445
352 440
352 470
352 434
353 401
353 358
353 359
354 460
354 461
354 436
354 493
354 443
355 407
355 449
355 399
355 366
355 357
355 427
355 374
355 492
355 376
355 472
356 466
356 373
356 456
357 389
357 442
358 432
358 360
358 398
358 472
358 485
359 400
359 447
359 477
359 433
359 428
359 458
360 370
360 420
360 378
360 366
361 495
361 424
361 462
362 395
362 411
362 465
362 456
362 476
362 432
363 472
363 409
363 496
363 408
363 378
363 374
363 411
363 424
363 397
363 454
364 487
364 476
364 419
364 499
364 466
364 490
364 462
365 377
365 479
366 403
366 367
366 412
366 380
366 451
367 496
367 405
367 388
368 453
368 425
368 488
368 391
368 404
369 404
369 372
369 436
370 414
370 411
370 381
370 491
371 448
371 470
371 400
371 392
372 466
372 449
372 435
372 498
373 420
373 381
373 456
373 464
373 379
374 408
374 499
374 457
374 442
374 378
374 375
374 440
375 421
375 483
375 465
375 389
376 461
376 418
376 491
376 402
376 399
377 400
377 422
377 459
377 430
378 494
378 459
378 391
378 428
379 389
379 392
379 458
380 387
380 410
380 430
380 461
380 455
380 388
380 436
380 480
381 461
381 479
381 455
382 389
382 485
382 454
382 423
382 452
383 387
383 405
383 441
384 497
384 499
384 465
384 414
384 482
384 498
384 434
384 416
384 435
384 495
384 475
385 475
385 400
385 424
385 476
385 420
386 410
386 426
387 407
387 483
387 404
387 419
387 482
388 476
388 440
388 485
388 449
388 451
388 497
388 398
389 399
389 403
389 481
390 457
390 436
390 470
391 394
391 425
391 487
391 438
392 429
392 476
392 439
393 400
393 407
393 480
393 449
394 411
394 419
394 466
394 476
395 471
395 468
395 485
396 402
396 499
396 439
396 495
397 402
397 493
397 431
397 448
397 443
398 420
398 399
399 413
399 406
399 435
399 424
400 446
400 428
400 441
400 435
400 445
400 420
401 473
402 404
402 422
402 448
402 481
402 439
403 429
404 471
404 476
404 487
404 458
404 494
404 485
405 495
405 496
405 446
405 478
407 442
408 422
408 449
408 499
409 418
409 424
410 429
410 452
410 447
410 493
410 473
411 450
411 433
411 440
412 453
412 422
413 420
413 460
413 450
413 422
414 474
414 434
414 459
415 458
415 471
415 465
416 443
416 472
417 465
417 447
419 472
419 474
419 479
419 442
419 471
420 457
420 452
420 460
421 477
421 479
421 488
421 470
422 451
422 487
423 497
423 480
424 483
424 432
424 461
426 433
426 485
426 463
426 475
427 474
427 443
427 434
427 494
427 432
427 430
427 475
428 457
428 461
428 442
429 431
430 486
430 459
430 441
431 435
432 490
432 486
432 491
433 495
433 498
434 462
434 486
435 477
435 446
436 476
436 438
436 462
437 496
437 451
437 450
437 477
437 470
437 457
438 460
438 487
438 447
439 457
439 469
439 462
439 461
439 459
440 441
441 476
441 475
441 485
442 450
443 451
444 494
444 499
444 460
444 491
445 460
446 460
446 485
448 467
449 472
449 484
449 485
450 474
452 491
453 491
453 455
453 464
453 480
453 490
453 487
454 469
454 480
454 495
456 462
458 487
459 484
459 498
460 486
460 489
461 497
461 471
461 476
462 474
462 482
463 466
463 472
463 470
464 497
465 471
465 494
466 470
467 476
468 479
468 485
469 499
469 488
469 498
471 493
473 478
473 488
473 489
474 475
474 479
474 490
476 480
476 489
478 479
480 486
481 499
483 497
484 490
487 494
490 495
