VERTICES = 500
EDGES = 5000
0 346
0 252
0 111
0 85
0 134
0 119
0 474
0 146
0 435
0 459
0 442
0 42
0 163
0 236
0 491
1 388
1 288
1 136
1 186
1 258
1 177
1 134
1 319
1 157
1 93
1 18
1 97
1 218
1 202
1 36
1 311
1 168
1 400
2 5
2 341
2 496
2 135
2 83
2 306
2 455
2 145
2 79
2 404
2 92
2 105
2 463
2 276
2 326
2 229
2 68
2 104
2 167
2 49
2 313
2 426
3 374
3 274
3 89
3 151
3 259
3 261
3 85
3 483
3 390
3 461
3 202
3 442
3 50
3 407
3 106
3 334
3 105
3 165
3 27
4 333
4 446
4 236
4 254
4 34
4 310
4 230
4 76
4 312
4 95
4 197
4 384
4 469
4 213
4 170
4 89
4 39
4 62
4 24
4 114
4 179
5 264
5 11
5 387
5 426
5 290
5 250
5 296
5 371
5 300
5 196
5 212
5 233
6 486
6 267
6 419
6 202
6 361
6 482
6 175
6 469
6 488
6 370
6 142
6 266
6 155
6 424
6 308
7 88
7 34
7 245
7 319
7 429
7 411
7 426
7 214
7 333
7 465
7 443
7 449
7 230
7 435
7 398
7 344
7 423
8 22
8 165
8 35
8 209
8 84
8 44
8 345
8 316
8 42
8 179
8 193
8 393
8 167
8 237
8 380
8 346
9 205
9 241
9 279
9 233
9 44
9 249
9 291
9 380
9 104
9 230
9 270
9 165
9 110
9 128
10 116
10 418
10 209
10 287
10 87
10 269
10 456
10 75
10 244
10 60
10 173
10 409
10 305
10 436
10 134
10 347
10 450
10 458
10 229
11 140
11 175
11 459
11 325
11 307
11 120
11 286
11 306
11 408
11 418
11 455
11 340
11 100
11 277
11 56
11 20
11 234
11 473
11 383
11 288
11 187
11 329
11 212
11 170
11 417
11 261
11 122
11 496
12 111
12 185
12 431
12 373
12 302
12 186
12 163
12 67
12 241
12 29
12 290
12 54
12 271
12 475
12 188
12 342
13 213
13 485
13 97
13 284
13 314
13 147
13 483
13 443
13 453
13 194
13 76
13 337
13 23
13 150
13 153
13 50
14 155
14 198
14 104
14 308
14 218
14 491
14 237
14 291
14 439
14 433
14 264
14 122
14 259
14 151
14 442
14 22
14 326
15 138
15 173
15 30
15 159
15 409
15 324
15 59
15 97
15 463
15 428
15 89
15 355
15 282
15 143
15 433
15 259
15 422
15 193
15 219
15 56
15 272
15 330
16 280
16 290
16 408
16 103
16 464
16 398
16 178
16 299
16 123
16 291
16 483
16 424
16 210
16 80
16 393
16 185
16 453
16 247
16 91
16 138
16 205
16 349
16 337
17 362
17 459
17 133
17 188
17 233
17 270
17 30
17 432
17 65
17 247
17 268
17 212
17 24
17 296
17 232
17 494
17 496
17 84
17 452
18 70
18 315
18 410
18 246
18 479
18 32
18 369
18 39
18 438
18 129
18 318
18 471
18 111
18 279
18 327
18 416
18 443
18 343
18 254
18 455
18 483
18 281
18 58
19 477
19 363
19 374
19 353
19 232
19 485
19 59
19 141
19 40
19 336
19 375
19 187
19 305
20 355
20 346
20 432
20 325
20 441
20 376
20 274
20 78
20 411
20 401
21 386
21 270
21 249
21 262
21 303
21 454
21 375
21 376
21 350
21 166
21 272
21 334
21 354
21 288
21 473
21 216
22 227
22 69
22 419
22 461
22 380
22 499
22 188
22 392
22 434
22 280
22 121
22 405
22 120
22 342
22 30
22 475
23 140
23 453
23 264
23 258
23 203
23 275
23 228
23 497
23 481
23 393
23 142
23 382
23 146
23 32
23 76
23 222
23 229
23 374
23 110
23 179
24 404
24 396
24 361
24 317
24 63
24 333
24 150
24 464
24 298
24 477
24 255
24 278
24 271
24 129
24 76
25 191
25 411
25 285
25 150
25 413
25 242
25 382
25 229
25 84
25 114
25 333
25 418
25 81
25 187
26 269
26 303
26 385
26 60
26 191
26 174
26 122
26 227
26 108
26 70
26 121
26 368
26 160
26 404
26 77
26 200
26 472
26 187
26 215
26 166
27 459
27 72
27 382
27 59
27 380
27 209
27 370
27 275
27 341
27 363
27 482
27 200
27 423
27 358
27 417
27 139
27 95
27 252
27 464
27 228
28 421
28 485
28 125
28 133
28 455
28 472
28 258
28 351
28 127
28 259
28 313
28 369
28 452
28 235
28 457
28 329
28 70
28 190
29 480
29 370
29 162
29 373
29 176
29 368
29 44
29 394
29 159
29 331
29 445
29 353
29 422
29 251
29 419
30 395
30 271
30 304
30 388
30 138
30 215
30 447
30 311
30 49
30 228
30 444
30 338
30 62
30 290
30 232
30 381
30 302
30 35
30 74
30 40
30 476
30 76
30 128
30 42
30 80
30 124
31 352
31 395
31 207
31 256
31 369
31 148
31 133
31 237
31 131
31 82
31 175
31 328
31 294
31 192
32 398
32 366
32 297
32 164
32 287
32 75
32 457
32 245
32 308
32 90
32 454
32 284
32 170
32 151
32 453
32 261
32 225
32 263
32 486
32 483
32 206
32 303
32 176
32 274
33 176
33 454
33 98
33 364
33 204
33 88
33 130
33 133
33 62
33 282
33 251
33 428
33 366
33 375
33 444
33 309
33 389
33 103
33 438
33 386
33 406
33 373
33 220
33 384
33 417
33 87
33 276
33 200
33 412
33 346
34 308
34 284
34 436
34 409
34 222
34 439
34 185
34 144
34 42
34 380
34 376
34 164
35 40
35 483
35 420
35 436
35 401
35 225
35 339
35 171
35 286
35 394
35 261
35 422
35 175
35 379
35 162
35 441
35 277
36 229
36 69
36 102
36 300
36 235
36 117
36 417
36 379
36 280
36 403
36 326
36 135
36 252
36 410
36 150
37 136
37 127
37 395
37 197
37 421
37 305
37 73
37 185
37 249
37 277
37 378
37 358
37 385
37 113
37 405
37 493
37 316
37 51
38 168
38 118
38 433
38 181
38 359
38 244
38 390
38 459
38 155
38 148
38 248
38 146
38 225
38 125
38 327
38 364
38 481
38 286
38 423
38 276
38 472
38 104
38 285
38 497
39 113
39 365
39 136
39 146
39 155
39 435
39 111
39 391
39 299
39 222
39 293
39 64
39 173
39 340
39 441
39 278
39 383
39 223
39 324
39 371
39 298
39 108
39 292
39 414
39 41
39 413
40 203
40 355
40 389
40 184
40 150
40 76
40 120
40 309
40 195
40 93
40 230
40 479
40 436
40 365
40 374
40 218
40 465
40 271
40 72
40 375
40 303
41 183
41 137
41 375
41 102
41 64
41 216
41 138
41 299
41 237
41 159
41 235
41 196
41 288
41 449
41 315
41 425
41 298
41 206
41 436
41 388
41 178
42 429
42 458
42 337
42 411
42 270
42 258
42 86
42 393
42 136
42 230
42 475
42 289
43 225
43 173
43 255
43 294
43 95
43 425
43 245
43 368
43 148
43 247
43 356
43 363
43 276
43 44
43 203
43 193
43 178
43 378
43 208
43 56
43 103
44 229
44 434
44 257
44 382
44 444
44 286
44 316
44 107
44 438
44 73
44 313
44 198
44 325
44 105
44 481
44 186
44 379
44 362
44 69
45 191
45 331
45 459
45 473
45 152
45 204
45 464
45 146
45 229
45 289
45 169
45 304
45 351
45 117
45 364
45 53
45 301
45 303
46 122
46 376
46 294
46 101
46 401
46 405
46 140
46 212
46 170
46 371
46 222
46 256
46 109
46 98
46 414
46 338
46 93
47 111
47 92
47 156
47 215
47 269
47 196
47 337
47 487
47 315
47 334
47 481
47 239
47 217
48 281
48 145
48 300
48 472
48 146
48 50
48 439
48 242
48 185
48 212
48 239
48 495
48 357
48 455
48 292
49 200
49 146
49 101
49 132
49 210
49 199
49 311
49 490
49 468
49 414
49 87
49 289
49 83
49 264
49 86
49 173
50 332
50 417
50 437
50 299
50 433
50 484
50 226
50 342
50 79
50 309
50 477
50 410
50 499
50 170
50 97
50 172
50 91
50 375
50 290
50 394
50 490
51 201
51 171
51 304
51 426
51 407
51 418
51 410
51 274
51 465
51 252
51 198
51 456
51 414
51 399
51 455
51 112
51 143
51 99
51 145
51 346
51 314
51 351
51 271
51 474
51 452
52 169
52 266
52 158
52 122
52 485
52 390
52 193
52 316
52 174
52 382
52 400
52 424
52 343
53 481
53 349
53 387
53 400
53 368
53 103
53 174
53 339
53 186
53 399
53 110
53 405
53 492
53 329
53 91
53 111
53 288
53 367
53 366
53 165
53 55
53 142
54 432
54 102
54 66
54 171
54 474
54 283
54 355
54 407
54 335
54 69
54 436
54 290
54 143
54 268
54 392
54 333
54 254
54 289
54 63
55 392
55 259
55 180
55 332
55 82
55 492
55 404
55 476
55 344
55 287
55 459
55 121
55 407
55 331
56 319
56 446
56 369
56 396
56 432
56 129
56 483
56 134
56 303
56 366
56 265
56 423
56 83
56 102
56 321
56 114
57 193
57 295
57 401
57 194
57 122
57 272
57 61
57 362
57 203
57 307
57 388
57 382
57 403
57 344
57 266
57 114
58 277
58 226
58 183
58 438
58 342
58 180
58 310
58 307
58 213
58 459
58 181
58 343
58 77
58 383
59 477
59 180
59 83
59 443
59 249
59 375
59 188
59 470
59 380
59 222
59 208
59 305
59 454
59 184
59 492
59 369
59 413
60 400
60 475
60 187
60 383
60 303
60 292
60 95
60 134
60 297
60 236
60 218
60 414
61 487
61 222
61 240
61 228
61 456
61 291
61 430
61 332
61 195
61 315
61 219
61 346
61 331
61 475
61 230
61 314
61 165
61 290
61 409
61 278
61 109
61 392
61 197
61 360
62 292
62 160
62 493
62 221
62 417
62 487
62 92
62 120
62 285
62 84
62 379
62 357
62 482
62 114
62 281
62 233
62 429
62 445
62 217
62 171
62 362
62 256
63 443
63 184
63 434
63 224
63 301
63 118
63 405
63 400
63 406
63 448
63 452
63 156
63 356
63 492
63 99
64 342
64 120
64 406
64 397
64 410
64 339
64 355
64 149
64 334
64 124
64 79
64 364
64 343
64 76
64 135
64 374
64 182
64 308
64 359
64 475
64 220
64 199
65 213
65 407
65 97
65 80
65 92
65 384
65 466
65 100
65 296
65 481
65 454
65 319
65 208
65 138
65 183
65 347
66 358
66 190
66 478
66 470
66 341
66 496
66 418
66 198
66 290
66 222
66 447
66 67
66 220
66 497
66 276
66 94
66 448
67 107
67 260
67 214
67 357
67 81
67 128
67 437
67 207
67 410
67 302
67 278
67 206
67 109
67 213
67 279
67 230
67 390
67 353
67 369
68 321
68 235
68 324
68 383
68 139
68 286
68 495
68 103
68 393
68 426
68 188
68 183
68 332
68 74
68 195
68 308
69 96
69 497
69 405
69 425
69 77
69 362
69 142
69 492
69 491
69 253
69 454
69 354
69 218
69 118
69 139
70 232
70 191
70 298
70 107
70 127
70 422
70 90
70 498
70 85
70 411
70 190
70 499
70 435
70 103
70 357
70 137
70 328
70 490
70 157
71 164
71 417
71 357
71 436
71 356
71 302
71 383
71 339
71 89
71 182
71 131
71 318
71 197
71 114
71 441
71 455
71 341
71 176
71 132
71 371
72 489
72 178
72 447
72 448
72 287
72 156
72 89
72 407
72 370
72 318
72 213
72 159
72 493
72 224
72 293
72 382
73 251
73 202
73 92
73 310
73 76
73 440
73 86
73 481
73 473
73 471
73 373
73 191
73 179
73 379
74 341
74 256
74 124
74 166
74 461
74 233
74 275
74 205
74 104
74 202
74 355
74 326
74 128
74 337
74 217
74 245
74 457
74 115
74 83
74 392
75 415
75 314
75 367
75 136
75 196
75 79
75 349
75 498
75 317
75 432
75 150
75 286
75 316
75 303
75 441
75 330
75 469
75 375
75 105
75 98
75 253
75 499
75 278
75 201
76 296
76 485
76 160
76 389
76 423
76 474
76 167
76 482
76 435
76 493
76 138
76 174
76 131
76 470
76 498
76 303
76 173
76 200
76 419
76 394
76 154
77 232
77 205
77 138
77 125
77 127
77 145
77 84
77 228
77 164
77 159
77 411
78 133
78 430
78 258
78 191
78 224
78 214
78 200
78 457
78 491
78 161
78 437
78 305
78 404
78 357
78 130
78 266
78 156
78 168
78 148
79 316
79 470
79 445
79 266
79 423
79 364
79 405
79 322
79 487
79 419
79 235
79 176
79 147
79 127
79 420
79 132
79 301
79 109
79 335
80 147
80 359
80 455
80 341
80 470
80 136
80 440
80 337
80 200
80 203
80 356
80 357
81 298
81 446
81 303
81 450
81 437
81 275
81 385
81 239
81 216
81 271
81 396
81 485
81 403
81 413
81 177
82 488
82 366
82 455
82 116
82 310
82 349
82 177
82 219
82 351
82 273
82 326
82 390
82 402
82 162
82 109
82 497
82 192
82 251
82 453
83 437
83 267
83 364
83 224
83 265
83 374
83 119
83 322
83 289
83 325
84 268
84 402
84 450
84 307
84 378
84 317
84 258
84 369
84 302
84 455
84 283
84 159
84 183
84 112
84 499
84 264
84 218
84 243
84 468
84 438
85 315
85 265
85 144
85 313
85 345
85 341
85 419
85 190
85 257
85 161
85 186
85 353
85 393
85 462
85 299
85 181
85 378
85 461
86 387
86 303
86 301
86 447
86 280
86 435
86 371
86 146
86 494
86 425
86 257
86 202
86 219
86 411
86 158
87 388
87 145
87 98
87 167
87 162
87 387
87 218
87 436
87 181
87 475
87 212
87 270
87 132
87 198
87 384
88 368
88 184
88 281
88 411
88 161
88 359
88 150
88 177
88 441
88 429
88 439
88 481
88 178
88 341
88 397
88 250
88 162
88 328
88 331
88 379
88 355
88 467
89 184
89 325
89 308
89 285
89 477
89 266
89 359
89 445
89 371
89 464
89 171
89 234
89 185
90 469
90 461
90 416
90 297
90 481
90 117
90 212
90 145
90 405
90 127
90 150
90 211
90 180
91 354
91 125
91 280
91 171
91 466
91 438
91 265
91 218
91 164
91 439
91 381
91 452
91 487
91 200
92 320
92 380
92 317
92 306
92 400
92 119
92 261
92 404
92 202
92 110
92 135
92 379
93 410
93 432
93 348
93 330
93 333
93 162
93 409
93 195
93 248
93 290
93 171
93 148
93 236
93 208
93 124
93 448
93 119
93 499
93 350
93 496
93 237
93 371
93 94
93 325
94 358
94 439
94 314
94 267
94 380
94 480
94 404
94 319
94 493
94 354
94 216
94 177
94 322
94 452
94 336
94 204
94 388
94 406
95 345
95 154
95 175
95 418
95 180
95 467
95 414
95 176
95 291
95 429
95 178
96 348
96 335
96 204
96 266
96 471
96 327
96 121
96 407
96 414
96 445
96 275
96 164
96 207
96 253
97 258
97 122
97 371
97 153
97 302
97 181
97 322
97 396
97 252
97 180
97 413
97 478
97 137
97 135
97 349
97 126
97 313
97 416
98 334
98 237
98 102
98 354
98 488
98 413
98 323
98 219
98 166
98 353
98 309
98 479
98 389
98 209
98 406
98 495
98 467
98 335
99 397
99 187
99 132
99 204
99 457
99 488
99 181
99 316
100 311
100 281
100 143
100 207
100 218
100 312
100 313
100 194
100 419
100 134
100 467
100 489
100 105
100 326
100 212
101 435
101 331
101 103
101 342
101 240
101 253
101 350
101 176
101 288
101 414
101 209
101 127
101 425
101 185
102 480
102 408
102 148
102 156
102 497
102 388
102 345
102 139
102 272
102 432
102 488
102 293
102 163
102 125
102 166
102 184
102 366
102 173
103 412
103 192
103 477
103 198
103 415
103 351
103 429
103 237
103 499
103 414
103 151
103 183
103 113
103 482
103 368
103 166
103 299
103 197
103 204
103 133
104 397
104 134
104 470
104 137
104 399
104 168
104 473
104 495
104 141
104 462
104 335
104 147
104 161
104 228
104 218
104 155
104 475
104 280
104 393
105 441
105 290
105 179
105 446
105 410
105 182
105 495
105 404
105 301
105 196
105 402
105 493
105 293
105 492
105 173
105 191
105 187
106 282
106 414
106 241
106 175
106 444
106 485
106 160
106 214
106 134
106 316
106 287
106 331
107 475
107 314
107 277
107 249
107 352
107 398
107 471
107 266
107 486
107 340
107 443
107 391
107 330
107 483
107 223
107 235
108 417
108 350
108 280
108 446
108 300
108 374
108 246
108 270
108 480
108 237
108 431
108 150
108 334
108 155
108 240
108 221
108 338
108 401
108 469
108 487
108 436
109 282
109 272
109 273
109 264
109 115
109 401
109 138
109 325
109 292
109 422
109 169
109 179
109 146
109 155
109 427
109 135
109 286
109 469
109 285
109 129
109 280
109 342
109 149
109 432
110 247
110 498
110 436
110 158
110 388
110 131
110 274
110 190
110 129
110 335
110 454
110 210
110 271
111 114
111 427
111 205
111 355
111 429
111 479
111 497
111 269
111 139
111 340
111 439
111 476
111 149
111 379
111 473
111 414
111 289
112 367
112 309
112 469
112 305
112 458
112 429
112 496
112 317
112 437
112 360
112 150
112 336
112 143
112 121
112 193
112 224
112 326
113 278
113 304
113 250
113 396
113 189
113 166
113 206
113 486
113 153
113 281
113 177
113 244
113 165
113 348
113 125
113 431
113 393
113 489
113 366
114 255
114 253
114 492
114 294
114 437
114 223
114 151
114 183
114 422
114 195
114 497
114 344
114 281
114 240
114 160
114 470
114 494
114 419
114 305
115 189
115 374
115 391
115 157
115 294
115 248
115 130
115 301
115 118
115 235
115 484
115 184
115 421
115 445
115 166
115 191
115 153
115 460
115 341
115 410
116 179
116 139
116 392
116 325
116 157
116 450
116 297
116 329
116 193
116 374
116 389
116 452
116 224
116 198
116 492
116 223
116 394
116 208
116 235
116 135
117 292
117 282
117 210
117 393
117 463
117 491
117 262
117 259
117 328
118 203
118 262
118 149
118 202
118 488
118 485
118 479
118 341
118 315
118 451
118 256
118 179
118 229
118 248
118 450
118 273
118 215
118 360
118 430
118 443
118 296
119 333
119 324
119 479
119 409
119 355
119 398
119 151
119 274
119 156
119 123
119 191
119 313
119 387
119 160
119 267
119 245
119 344
119 302
120 338
120 267
120 286
120 142
120 152
120 172
120 366
120 486
120 496
120 391
120 163
120 498
120 176
120 419
121 254
121 122
121 259
121 386
121 379
121 274
121 488
121 128
121 343
121 444
121 363
122 480
122 449
122 448
122 463
122 228
122 340
122 140
122 209
122 284
122 215
122 301
122 369
122 395
122 314
122 149
122 169
122 461
122 243
122 384
122 443
122 497
123 213
123 183
123 442
123 168
123 204
123 143
123 314
123 172
123 329
123 217
123 303
123 381
123 341
123 342
123 215
123 306
123 272
124 156
124 227
124 210
124 348
124 422
124 311
124 302
124 208
124 256
124 403
124 355
124 328
124 280
124 229
124 390
124 358
124 136
124 455
124 440
125 391
125 163
125 441
125 458
125 147
125 434
125 475
125 326
125 377
125 318
125 226
125 292
125 234
125 347
125 132
125 362
125 207
125 484
125 381
125 363
126 179
126 371
126 215
126 261
126 180
126 396
126 344
126 230
126 176
126 435
126 127
126 187
127 235
127 135
127 226
127 270
127 192
127 140
127 498
127 410
127 229
127 438
127 158
127 377
127 459
127 334
127 365
127 469
127 368
128 352
128 449
128 356
128 394
128 487
128 155
128 201
128 157
128 297
128 406
128 174
128 360
129 255
129 438
129 419
129 361
129 329
129 231
129 204
129 355
129 187
129 228
129 268
129 274
129 416
129 189
129 235
130 250
130 240
130 432
130 263
130 470
130 430
130 328
130 436
130 156
130 187
130 233
130 254
130 260
130 369
130 165
130 466
131 488
131 333
131 324
131 149
131 227
131 313
131 425
131 230
132 171
132 137
132 269
132 339
132 228
132 338
132 262
132 482
132 379
132 320
132 148
132 261
132 295
132 438
132 255
132 265
132 155
133 463
133 165
133 476
133 156
133 490
133 368
134 215
134 162
134 480
134 389
134 499
134 485
134 141
134 474
134 312
134 226
134 461
134 253
134 264
134 229
135 325
135 393
135 333
135 301
135 343
135 294
135 373
135 356
135 216
135 475
135 233
135 315
135 287
135 310
135 260
135 173
136 372
136 373
136 364
136 308
136 263
136 248
136 273
136 297
136 370
136 278
136 172
136 306
136 246
136 286
136 230
136 225
136 366
136 199
136 167
136 442
136 457
137 369
137 197
137 200
137 193
137 485
137 488
137 210
137 278
137 181
137 389
137 277
137 499
137 439
137 414
137 331
137 363
137 498
137 196
138 435
138 333
138 361
138 460
138 477
138 204
138 177
138 270
138 484
138 355
138 170
138 372
138 415
139 267
139 157
139 352
139 408
139 278
139 256
139 486
139 274
139 307
139 235
139 168
139 271
139 231
139 268
139 218
140 365
140 490
140 498
140 324
140 409
140 183
140 222
140 495
140 382
140 321
140 414
140 312
140 402
140 217
140 309
141 174
141 499
141 281
141 463
141 295
141 389
141 323
141 395
141 336
141 324
141 410
142 224
142 440
142 348
142 155
142 279
142 341
142 316
142 383
143 201
143 220
143 392
143 284
143 466
143 376
143 224
143 495
143 314
143 197
143 348
143 322
144 485
144 378
144 446
144 351
144 484
144 370
144 436
144 497
144 156
144 174
144 391
144 161
144 396
144 487
144 185
144 179
145 475
145 309
145 299
145 437
145 211
145 199
145 242
145 499
145 191
145 460
145 463
146 388
146 178
146 487
146 269
146 168
146 410
146 335
146 157
146 214
146 394
146 282
146 470
146 290
146 242
146 376
147 266
147 184
147 479
147 321
147 395
147 183
147 202
147 399
147 363
147 206
147 468
147 209
147 448
147 212
147 213
147 357
147 485
147 286
147 275
147 339
147 345
147 486
147 306
147 451
147 439
147 463
148 164
148 253
148 274
148 330
148 150
148 290
148 341
148 171
148 267
148 431
148 174
148 379
148 418
148 210
148 451
148 401
148 237
148 228
149 273
149 423
149 298
149 180
149 437
149 258
149 193
149 334
149 301
149 352
149 399
149 243
149 259
149 462
149 262
149 178
149 396
149 365
149 257
149 488
150 177
150 479
150 343
150 464
150 377
150 483
150 198
150 444
150 327
150 244
150 313
150 245
151 378
151 380
151 254
151 419
151 183
151 362
151 476
151 324
151 294
151 265
151 180
151 177
151 329
151 209
151 443
151 198
151 305
151 240
151 369
152 328
152 397
152 404
152 213
152 385
152 208
152 218
152 417
152 464
152 324
152 190
152 183
152 356
153 264
153 168
153 490
153 326
153 361
153 272
153 177
153 220
153 479
153 254
153 410
153 174
153 331
154 173
154 342
154 166
154 413
154 454
154 289
154 192
154 317
154 186
154 187
154 476
155 178
155 332
155 437
155 358
155 204
155 411
155 478
155 278
155 466
155 268
155 240
155 251
155 238
155 482
155 266
155 199
155 160
155 446
155 168
155 248
155 415
155 177
155 333
156 323
156 449
156 400
156 417
156 164
156 244
156 476
156 448
156 359
156 234
156 175
156 499
156 159
156 418
156 219
156 414
156 171
157 442
157 456
157 183
157 499
157 441
157 422
157 232
157 373
157 309
157 358
157 160
157 465
158 361
158 279
158 216
158 366
158 290
158 411
158 498
159 191
159 408
159 470
159 333
159 254
159 247
159 376
159 266
159 411
159 435
159 198
159 370
159 208
159 338
160 389
160 442
160 328
160 320
160 455
160 368
160 312
160 354
160 265
160 327
160 443
160 370
160 373
160 357
160 299
161 247
161 324
161 227
161 267
161 246
161 380
161 199
161 318
161 294
161 371
161 333
161 343
161 492
161 187
161 307
161 292
161 344
161 176
161 396
162 463
162 242
162 171
162 367
162 417
162 272
162 431
162 193
162 380
162 307
162 369
163 237
163 233
163 379
163 260
163 191
163 461
163 185
163 200
163 303
163 183
163 486
163 329
164 296
164 372
164 356
164 374
164 229
164 429
164 328
164 224
164 362
164 482
164 171
165 235
165 229
165 225
165 345
165 371
165 474
165 487
165 479
165 442
165 405
165 253
165 197
165 250
165 462
166 275
166 197
166 372
166 290
166 238
166 398
166 167
166 331
166 256
166 470
167 388
167 352
167 451
167 418
167 391
167 365
167 492
167 181
167 442
167 240
167 176
167 457
167 304
167 406
167 340
168 461
168 353
168 391
168 203
168 261
168 189
168 228
168 458
169 279
169 219
169 325
169 416
169 294
169 295
169 385
169 410
169 391
169 216
169 258
169 284
169 343
169 211
170 281
170 258
170 300
170 216
170 297
170 206
170 204
170 480
170 182
170 376
170 382
170 422
170 446
170 347
171 267
171 460
171 452
171 172
171 337
171 347
171 479
171 398
171 212
171 436
171 237
171 287
171 451
171 464
171 405
171 483
172 480
172 323
172 277
172 288
172 361
172 343
172 239
172 294
172 446
172 376
172 209
173 264
173 179
173 428
173 445
173 297
173 420
173 196
173 265
173 234
173 405
173 410
173 492
173 477
174 245
174 262
174 377
174 261
174 364
174 376
174 280
174 420
174 336
174 453
174 273
174 466
175 337
175 411
175 422
175 181
175 343
175 279
175 252
175 455
175 367
175 318
175 472
175 195
175 357
176 205
176 471
176 275
176 395
176 216
176 183
176 246
176 239
176 308
176 402
176 346
176 211
176 234
176 237
177 221
177 374
177 410
177 299
177 301
177 387
177 447
177 371
177 440
177 433
177 468
177 421
177 438
177 328
178 373
178 281
178 471
178 464
178 499
178 338
178 225
178 328
178 254
178 256
178 280
178 475
178 322
178 442
178 204
178 181
178 443
178 266
178 275
178 378
178 224
179 289
179 375
179 207
179 190
179 241
179 262
179 193
179 410
179 211
179 233
179 255
179 423
179 302
179 283
179 476
179 346
179 325
179 498
179 419
179 295
179 490
179 355
179 308
180 215
180 491
180 460
180 318
180 312
180 395
180 225
180 377
180 476
180 301
180 213
181 410
181 208
181 428
181 253
181 311
181 287
181 499
181 229
181 382
181 343
181 228
181 362
181 391
181 356
182 376
182 214
182 183
182 428
182 441
182 369
182 239
182 373
182 353
182 274
182 312
182 260
182 354
183 237
183 315
183 263
183 451
183 367
183 374
183 342
183 326
184 251
184 203
184 237
184 351
184 487
184 306
184 454
184 215
184 404
184 410
184 259
184 473
184 401
185 300
185 273
185 275
185 377
185 459
185 461
185 370
185 467
185 222
185 223
185 267
185 471
185 221
185 202
186 197
186 353
186 191
186 228
186 326
186 464
186 499
186 194
186 188
186 240
186 296
186 383
187 191
187 399
187 197
187 314
187 357
187 421
187 489
187 299
187 447
187 411
187 342
187 223
187 343
187 380
187 435
188 193
188 233
188 346
188 390
188 305
188 260
188 471
188 242
188 396
188 437
188 270
188 238
188 391
188 418
188 395
188 380
188 452
188 485
188 443
188 222
188 191
189 413
189 313
189 416
189 230
189 275
189 232
189 401
189 212
189 224
190 419
190 324
190 403
190 362
190 350
190 221
190 243
190 487
190 340
190 294
190 384
190 440
190 279
190 222
190 267
190 368
190 363
191 476
191 370
191 445
191 378
191 221
191 238
191 198
191 260
191 365
191 434
191 351
191 442
191 346
191 437
191 423
191 276
191 498
191 245
192 348
192 408
192 497
192 429
192 364
192 426
192 474
192 328
193 284
193 301
193 306
193 206
193 304
193 333
193 365
193 426
193 459
193 393
193 363
194 420
194 207
194 248
194 404
194 196
194 431
194 281
194 326
194 310
194 471
194 497
194 432
194 245
194 370
195 228
195 420
195 460
195 397
195 430
195 302
195 359
195 214
195 429
195 333
195 335
196 300
196 328
196 350
196 431
196 202
196 474
196 406
196 251
196 239
196 334
196 230
196 446
197 441
197 490
197 491
197 372
197 465
197 203
197 281
197 489
197 408
197 262
197 267
197 306
197 365
197 410
197 255
197 301
197 317
197 348
198 349
198 250
198 259
198 223
198 436
198 306
198 352
199 412
199 215
199 359
199 355
199 218
199 282
200 283
200 251
200 400
200 272
200 360
200 282
200 222
200 214
200 346
200 334
200 273
200 410
200 397
200 301
200 420
200 493
200 347
200 310
201 442
201 391
201 460
201 336
201 296
201 364
201 415
201 288
201 226
202 232
202 398
202 462
202 302
202 475
202 278
202 315
202 447
202 436
202 435
202 441
202 209
202 473
202 215
202 282
203 255
203 262
203 331
203 413
203 370
203 339
203 400
203 257
203 388
203 401
204 425
204 335
204 241
204 300
204 230
204 327
204 419
204 405
204 457
204 338
204 443
205 332
205 437
205 213
205 410
205 333
205 308
205 380
205 277
205 439
205 413
205 402
205 310
205 253
205 433
205 378
206 255
206 404
206 284
206 469
206 423
206 345
206 396
206 479
206 299
206 339
206 383
207 411
207 304
207 292
207 496
207 281
207 345
207 328
207 284
207 301
207 433
207 497
207 224
207 274
207 211
207 226
207 241
208 301
208 351
208 431
208 281
208 276
208 283
208 312
208 495
208 296
208 308
208 416
208 423
209 436
209 249
209 356
209 371
209 412
209 332
209 352
209 387
209 369
210 408
210 390
210 461
210 368
210 286
210 384
210 310
210 432
210 258
210 353
210 227
211 401
211 326
211 228
211 416
211 343
211 358
211 263
211 494
211 297
211 476
212 308
212 485
212 351
212 288
212 414
212 241
212 354
213 294
213 400
213 248
213 264
213 266
213 476
213 458
213 312
213 485
213 462
213 290
214 407
214 241
214 309
214 278
214 388
214 335
214 431
214 390
214 470
214 351
214 227
214 415
215 216
215 233
215 253
215 236
215 377
215 333
215 227
215 269
215 489
216 403
216 339
216 253
216 298
216 362
216 274
216 303
216 312
216 466
216 302
217 496
217 410
217 239
217 478
217 490
217 252
217 314
218 251
218 283
218 228
218 455
218 434
218 226
218 433
218 310
219 420
219 476
219 406
219 445
219 325
219 228
219 366
219 405
219 330
219 443
219 227
220 321
220 313
220 466
220 453
220 268
220 491
220 236
220 477
220 494
220 425
220 371
220 484
220 322
221 452
221 342
221 396
221 313
221 235
222 246
222 405
222 313
222 332
222 440
222 365
222 248
222 262
222 337
223 398
223 353
223 403
223 286
223 393
223 249
223 288
223 358
223 408
223 336
223 361
224 383
224 472
224 232
224 292
224 358
224 330
224 418
225 478
225 400
225 432
225 331
225 498
225 410
225 290
225 260
225 409
225 341
225 294
226 406
226 349
226 470
226 460
226 332
226 326
226 246
226 382
226 390
226 251
226 342
227 411
227 345
227 454
227 488
227 337
227 427
227 376
227 234
227 379
227 490
227 270
227 469
228 320
228 473
228 412
228 317
228 331
228 377
228 373
228 371
228 280
228 446
228 253
228 498
228 237
229 331
229 366
229 343
229 426
229 341
229 433
229 459
230 436
230 363
230 454
230 285
230 254
230 346
230 370
230 472
230 404
230 429
231 270
231 355
231 394
231 343
231 468
231 473
231 444
231 476
231 403
231 277
231 377
231 263
232 493
232 403
232 417
232 364
232 408
232 457
233 239
233 322
233 265
233 234
233 370
233 423
233 403
233 358
233 498
234 415
234 248
234 374
234 407
234 270
234 276
234 463
234 489
234 459
234 353
235 470
235 450
235 236
235 359
235 496
235 451
235 242
236 399
236 274
236 369
236 307
236 455
236 478
236 338
236 437
236 440
237 332
237 494
237 487
237 335
237 425
237 261
237 331
237 421
237 255
237 397
237 322
237 376
238 440
238 472
238 390
238 427
238 261
238 253
238 420
238 262
238 271
238 256
239 277
239 365
239 281
239 308
239 397
239 427
239 452
239 480
239 320
239 430
239 373
240 290
240 249
240 485
240 434
240 345
240 243
240 251
240 337
240 348
240 265
240 325
240 439
241 282
241 495
241 439
241 255
241 388
241 290
241 463
241 478
242 293
242 413
242 290
242 475
242 361
242 404
242 308
242 256
242 322
242 463
242 251
242 337
242 360
242 451
242 302
243 483
243 380
243 244
243 350
243 297
243 459
243 385
243 303
243 279
243 258
243 319
243 269
244 421
244 349
244 461
244 272
244 444
244 430
244 341
244 378
244 433
244 353
244 296
244 292
244 370
244 326
244 422
244 486
244 297
245 439
245 335
245 496
245 342
245 293
245 369
245 288
245 421
245 294
245 455
245 428
245 292
246 259
246 435
246 338
246 279
246 441
246 422
246 319
246 318
247 487
247 302
247 349
247 274
247 363
247 473
247 437
247 347
247 321
247 263
247 489
248 347
248 305
248 318
248 320
248 418
248 284
248 487
248 344
248 496
249 432
249 326
249 455
249 421
249 434
249 467
249 437
249 445
249 338
249 252
249 305
249 460
250 478
250 399
250 266
250 422
250 382
250 451
250 499
250 454
250 321
251 323
251 299
251 387
251 278
251 494
251 474
251 356
251 361
252 472
252 299
252 440
252 255
252 402
252 324
252 301
252 459
252 363
253 265
253 301
253 474
253 339
253 484
253 401
254 377
254 393
254 438
254 384
254 290
254 330
254 441
255 320
255 400
255 308
255 465
255 433
255 263
255 388
256 347
256 354
256 326
256 391
256 393
256 338
256 327
256 308
256 358
256 395
256 474
256 487
257 378
257 495
257 349
257 293
257 480
257 395
257 358
257 411
257 261
257 368
258 404
258 339
258 330
258 412
258 414
258 297
258 483
258 280
258 439
258 286
259 486
259 393
259 275
259 482
259 452
259 404
259 370
259 325
259 281
260 365
260 333
260 334
260 498
260 275
260 491
260 357
260 276
260 446
260 291
260 429
260 290
260 391
260 426
260 449
260 486
260 354
261 390
261 489
261 442
261 494
261 278
261 300
261 477
261 473
261 362
261 479
262 319
262 316
262 474
262 270
262 383
262 307
262 423
262 432
262 367
262 368
262 431
262 415
262 389
263 308
263 427
263 350
263 270
263 387
263 362
263 414
263 457
263 309
264 446
264 498
264 441
264 466
264 477
264 291
264 310
264 449
264 268
264 460
264 276
265 301
265 381
265 499
265 345
265 466
265 443
265 429
265 379
265 468
265 493
266 347
266 352
266 283
266 396
266 483
266 273
266 374
267 412
267 374
267 281
267 375
267 313
267 388
267 336
267 377
267 422
267 468
268 370
268 323
268 275
268 484
268 296
268 324
269 460
269 363
269 340
269 327
269 359
269 396
269 302
269 439
269 475
269 443
269 400
269 292
269 361
270 338
270 359
270 308
270 324
270 298
270 319
271 354
271 324
271 417
271 289
271 431
272 418
272 392
272 398
272 438
272 395
272 334
272 371
272 472
273 347
273 338
273 464
273 417
273 321
273 397
273 424
273 402
273 373
273 361
273 368
273 413
273 403
274 402
274 443
274 290
274 407
274 439
274 300
274 433
274 449
275 352
275 465
275 336
275 283
276 303
276 278
276 381
276 338
276 346
276 364
276 363
276 334
276 401
276 279
276 470
276 427
276 313
276 330
277 386
277 302
277 435
277 442
277 318
277 350
277 374
277 378
278 399
278 417
278 306
278 281
278 468
278 359
278 286
278 364
278 309
279 345
279 373
279 388
279 396
279 469
279 361
279 498
280 348
280 342
280 453
280 435
280 407
280 345
280 370
281 425
281 303
281 377
281 445
281 412
282 432
282 356
282 310
282 333
282 465
282 450
282 466
282 482
282 421
283 383
283 324
283 420
283 430
284 364
284 397
284 486
284 335
284 477
284 491
284 423
284 286
284 415
285 330
285 349
285 486
285 385
285 475
285 302
285 411
285 415
286 498
286 429
286 493
286 309
286 312
286 440
287 296
287 460
287 488
287 453
287 433
287 290
287 298
287 484
288 309
288 315
288 307
288 389
288 361
288 378
288 345
288 340
288 316
288 450
288 357
288 387
289 498
289 398
289 334
289 437
289 304
289 459
289 400
289 445
290 483
290 357
290 330
290 297
290 443
290 296
290 466
291 396
291 323
291 399
291 377
291 401
291 296
291 358
291 437
291 373
292 358
292 454
292 425
292 389
292 334
292 354
292 381
293 325
293 396
293 424
293 418
293 441
293 322
293 466
293 388
293 434
294 427
294 373
294 391
294 426
294 367
294 364
294 470
294 481
295 299
295 481
295 477
295 401
295 410
296 337
296 438
296 313
296 453
296 418
296 329
296 366
296 416
296 348
297 461
297 301
297 492
297 442
297 483
297 298
297 389
298 406
298 393
298 439
298 494
298 484
298 363
298 344
299 411
299 358
299 318
299 442
299 376
299 336
299 360
299 348
300 327
300 471
300 305
300 390
300 372
300 317
300 307
300 302
300 479
300 452
300 351
300 380
300 308
300 439
301 383
301 323
301 481
301 471
301 482
301 310
301 336
301 452
301 349
301 461
301 423
302 410
302 398
302 380
302 341
302 343
302 423
302 403
302 377
302 452
303 380
303 398
303 426
303 359
303 363
303 484
303 425
304 401
304 368
304 319
304 383
304 365
304 350
304 380
305 386
305 439
305 445
305 448
305 496
305 436
305 401
305 360
306 377
306 410
306 370
306 496
306 436
306 392
306 366
306 368
306 455
307 471
307 321
307 324
307 319
307 368
307 373
307 476
308 490
308 364
308 376
308 445
308 316
308 463
308 453
308 356
308 334
309 439
309 417
309 426
309 470
309 395
309 366
310 346
310 393
310 418
310 480
310 312
310 334
310 498
310 409
310 330
310 311
311 331
311 454
311 333
311 388
311 423
311 497
311 491
311 370
311 411
312 453
312 343
312 462
312 358
312 393
312 334
312 416
313 380
313 343
313 413
313 352
313 315
314 483
314 373
314 406
314 446
314 433
314 487
314 448
314 422
314 347
315 433
315 374
315 384
315 410
315 461
315 440
316 436
316 418
316 460
316 388
316 379
316 447
316 458
316 336
317 418
317 374
317 404
317 433
317 419
317 410
317 379
317 490
318 397
318 495
318 338
318 429
318 402
318 371
318 476
318 478
318 391
319 488
319 453
319 492
319 365
319 425
319 371
320 482
320 375
321 489
321 416
321 366
321 327
321 337
322 381
322 352
322 495
322 385
322 392
322 407
323 474
323 477
323 448
323 385
323 362
323 457
324 393
324 337
324 437
324 391
324 490
324 410
324 452
324 445
324 447
324 420
324 408
325 329
325 421
325 365
326 471
326 483
326 452
326 395
326 397
326 469
327 406
327 426
327 374
327 436
327 347
327 355
328 459
328 446
328 487
328 499
328 497
328 469
328 380
329 442
329 402
329 392
329 449
330 404
330 396
330 465
330 334
331 415
331 460
331 374
331 341
331 344
331 471
331 474
332 478
332 357
332 353
332 456
332 380
332 415
333 394
333 409
333 493
333 488
333 469
333 343
334 484
334 337
334 384
334 399
334 420
334 463
334 462
335 368
335 444
335 363
335 360
335 375
335 431
336 397
336 401
336 400
336 381
337 382
337 426
337 441
337 450
338 487
338 367
338 402
338 454
338 450
339 406
339 460
339 448
340 490
340 362
340 462
340 406
341 496
341 450
341 441
341 362
341 469
341 368
341 342
341 384
342 363
342 448
342 382
342 362
343 348
343 371
343 386
343 391
343 428
343 471
343 447
343 443
343 417
344 467
344 490
344 410
344 484
344 386
345 478
345 388
345 475
345 382
345 420
345 415
345 411
345 433
345 452
345 432
345 402
345 361
345 355
346 392
346 466
346 481
346 359
346 398
346 485
347 446
347 366
347 386
347 408
347 481
347 374
348 399
348 360
348 353
348 467
348 414
348 391
348 478
348 362
348 352
348 459
348 495
348 447
349 387
349 461
349 472
349 494
349 451
349 421
349 372
349 484
349 410
350 446
350 382
350 493
350 476
350 360
351 404
351 453
351 364
351 483
351 439
351 458
351 386
352 360
352 424
352 388
352 494
352 407
352 429
352 427
353 404
353 375
353 425
353 430
354 370
354 467
354 388
354 360
354 498
354 469
355 379
355 428
355 401
356 402
356 427
356 457
357 439
357 456
357 390
357 482
358 443
358 409
358 474
359 390
359 406
359 492
359 386
359 382
359 429
359 425
360 408
360 480
360 440
360 478
360 444
360 455
360 396
360 370
360 420
361 485
361 484
361 497
362 447
362 444
362 431
362 497
362 450
363 365
363 390
363 411
363 395
363 379
363 481
363 475
363 438
363 482
364 406
364 386
364 490
364 491
364 470
365 393
365 469
365 417
365 452
365 374
366 380
366 426
366 437
366 463
366 376
366 483
366 451
367 479
367 460
367 453
367 404
368 393
368 441
368 403
368 428
369 375
369 421
370 379
370 470
370 481
370 453
371 423
371 432
371 408
371 374
372 478
372 494
373 417
373 383
374 389
374 381
374 397
375 408
375 495
376 407
376 381
376 482
376 415
376 422
377 413
377 385
377 427
378 484
378 392
378 404
378 387
378 428
378 494
378 441
378 422
379 460
379 445
379 470
379 451
379 405
379 444
380 466
380 472
380 458
380 438
380 459
380 480
381 477
381 393
381 400
381 462
381 419
381 459
381 472
382 447
382 440
382 469
383 470
383 412
383 436
384 423
384 469
384 426
384 478
385 397
385 469
385 454
385 485
386 424
386 394
386 460
387 404
387 469
387 483
387 430
387 462
388 389
388 428
388 417
389 420
389 472
389 474
389 397
389 477
390 449
390 462
390 450
390 488
390 473
390 407
390 455
390 415
390 397
390 493
390 425
391 393
391 453
391 477
391 450
391 442
391 422
391 454
391 479
391 461
392 442
392 494
392 458
392 497
392 438
392 448
392 493
392 457
393 469
393 398
394 436
394 408
394 448
394 490
395 472
395 481
396 478
396 498
396 445
396 470
396 411
396 426
397 426
397 498
397 420
397 480
397 468
397 433
398 435
399 479
399 423
399 486
399 441
400 442
400 457
400 430
400 453
400 475
400 440
400 483
401 446
401 461
401 451
402 419
402 442
402 450
402 472
403 413
403 480
403 406
403 415
404 473
404 439
404 413
404 482
404 487
405 418
405 493
405 453
405 497
405 416
406 464
406 415
407 436
407 489
408 472
408 440
408 427
408 465
409 449
409 472
409 416
409 440
409 475
410 413
410 437
411 448
411 454
411 452
411 423
412 442
412 418
413 487
413 443
413 423
413 446
413 458
414 444
414 451
414 434
414 479
415 449
415 443
415 419
415 499
416 454
416 461
416 445
416 421
416 433
416 474
417 457
417 458
417 477
417 469
418 478
418 448
418 458
419 486
419 476
419 438
419 481
420 489
420 427
420 454
421 485
421 489
421 439
421 429
421 492
421 452
422 475
422 456
422 488
422 468
423 458
423 482
423 435
423 481
423 464
423 473
424 488
424 433
424 464
424 484
424 465
424 434
425 477
425 452
425 485
425 463
426 494
426 481
427 444
427 461
428 480
428 462
429 491
429 447
429 465
429 451
429 457
430 443
430 461
431 464
431 445
432 441
432 472
432 494
432 460
433 458
433 471
433 459
434 485
435 454
435 497
436 448
437 447
437 467
437 443
438 479
438 452
438 475
439 466
439 487
439 472
439 441
439 464
440 494
440 463
440 484
442 459
442 475
442 489
443 494
443 449
444 477
445 458
445 457
445 450
446 467
446 498
446 463
446 450
447 473
447 466
448 451
449 473
449 477
450 460
452 458
452 463
453 499
454 489
454 471
455 491
455 495
455 473
456 474
456 458
457 467
457 475
457 470
457 458
458 487
458 490
458 491
458 496
459 484
459 472
460 479
460 497
460 476
461 480
461 462
461 464
461 483
462 489
463 479
463 466
463 492
464 469
465 498
465 496
467 470
469 485
471 494
472 480
472 479
475 493
475 483
476 478
477 493
477 484
477 497
477 481
479 497
479 487
479 484
487 496
488 491
490 493
491 495
491 498
494 499
495 499
495 498
