VERTICES = 500
EDGES = 5500
0 441
0 336
0 448
0 373
0 451
0 114
0 107
0 226
0 113
0 31
0 286
0 240
0 367
0 263
0 85
0 492
0 414
0 408
0 124
0 358
1 451
1 118
1 463
1 476
1 216
1 242
1 269
1 103
1 449
1 15
1 366
1 417
1 280
1 102
1 13
1 115
1 378
1 442
1 97
1 140
1 384
1 341
1 331
1 273
1 136
2 292
2 344
2 15
2 84
2 437
2 279
2 99
2 218
2 325
2 458
2 236
2 287
2 22
2 347
2 151
2 419
3 453
3 216
3 412
3 459
3 264
3 212
3 374
3 108
3 469
3 288
3 298
3 296
3 406
3 70
3 89
3 170
3 354
3 239
3 44
3 268
3 338
3 228
4 112
4 495
4 293
4 142
4 57
4 193
4 123
4 283
4 457
4 296
4 271
4 400
4 452
4 306
4 399
4 362
4 76
4 233
4 54
4 373
5 362
5 489
5 309
5 285
5 314
5 101
5 470
5 91
5 431
5 162
5 46
5 416
5 411
5 148
5 199
5 476
5 118
5 328
5 218
5 325
5 360
5 214
5 107
5 458
5 72
5 248
5 133
5 284
6 280
6 32
6 457
6 429
6 260
6 279
6 464
6 75
6 192
6 178
6 343
6 161
6 300
6 121
6 262
6 139
6 386
6 430
6 120
6 157
6 61
6 305
6 226
7 202
7 129
7 412
7 481
7 235
7 75
7 392
7 429
7 128
7 119
7 185
7 190
7 415
7 434
7 399
7 340
7 250
7 26
8 497
8 387
8 86
8 91
8 312
8 211
8 199
8 32
8 155
8 247
8 213
8 356
8 204
8 254
8 200
8 481
8 353
9 374
9 219
9 386
9 488
9 371
9 465
9 200
9 74
9 44
9 329
9 472
9 131
9 261
9 358
9 171
9 41
9 292
9 298
9 343
9 491
9 101
9 357
9 180
9 436
9 19
9 400
9 22
10 492
10 479
10 167
10 83
10 265
10 401
10 414
10 459
10 314
10 439
10 355
10 105
10 311
10 26
10 296
10 380
10 43
10 217
10 71
11 424
11 310
11 367
11 57
11 84
11 254
11 100
11 187
11 152
11 380
11 217
11 168
11 312
11 314
11 482
11 48
11 142
11 335
11 389
11 489
11 349
12 137
12 136
12 361
12 66
12 349
12 416
12 298
12 407
12 259
12 273
12 472
12 453
12 38
12 330
12 421
12 123
12 237
12 267
12 369
13 148
13 110
13 303
13 256
13 464
13 448
13 337
13 40
13 338
13 131
13 395
13 231
13 255
13 417
13 80
13 389
14 204
14 202
14 441
14 413
14 361
14 143
14 125
14 377
14 184
14 450
14 296
14 278
14 399
14 190
14 96
14 192
14 461
14 45
14 29
14 250
14 358
14 66
14 453
14 319
14 223
15 433
15 465
15 178
15 331
15 239
15 341
15 469
15 384
15 386
15 427
15 78
15 123
15 270
15 225
15 35
15 153
15 365
15 466
16 361
16 179
16 339
16 386
16 294
16 202
16 326
16 333
16 378
16 451
16 33
16 401
16 385
16 67
16 364
16 443
16 452
16 125
17 360
17 293
17 144
17 160
17 375
17 400
17 373
17 286
17 148
17 391
17 248
17 70
17 323
17 188
17 316
17 79
17 184
18 382
18 395
18 110
18 75
18 134
18 409
18 104
18 310
18 222
18 441
18 284
18 415
18 126
18 297
18 159
18 345
19 453
19 218
19 32
19 315
19 266
19 59
19 130
19 363
19 350
19 373
19 21
19 280
19 102
19 379
19 497
19 62
19 420
19 285
19 348
19 353
19 339
19 355
19 483
19 466
19 450
19 367
19 78
20 226
20 107
20 45
20 137
20 304
20 308
20 321
20 154
20 259
20 287
20 132
20 40
20 171
20 127
20 282
20 372
20 144
20 192
20 406
20 91
20 410
20 217
21 225
21 179
21 374
21 340
21 409
21 398
21 338
21 213
21 107
21 72
21 178
21 482
21 281
21 457
21 45
21 321
21 324
21 212
21 418
21 404
22 356
22 397
22 318
22 278
22 352
22 302
22 399
22 279
22 75
22 211
22 482
22 354
22 265
22 268
22 115
22 159
22 49
22 465
23 371
23 484
23 80
23 351
23 213
23 296
23 299
23 320
23 182
23 115
23 39
23 222
23 297
23 318
23 132
23 217
23 85
23 365
23 137
23 44
23 413
23 209
23 328
23 458
23 25
23 238
23 358
23 482
23 338
23 346
23 57
23 106
23 152
23 173
24 446
24 181
24 262
24 245
24 143
24 123
24 67
24 129
24 318
24 175
24 33
24 124
24 268
24 252
24 111
24 145
24 387
24 222
24 358
25 104
25 273
25 272
25 193
25 230
25 468
25 164
25 431
25 324
25 454
25 417
25 37
25 96
25 251
25 126
25 328
25 282
25 464
25 89
25 48
25 303
25 456
25 335
25 377
26 182
26 103
26 431
26 446
26 154
26 273
26 304
26 284
26 144
26 136
26 447
26 49
26 458
26 50
26 262
26 33
26 187
26 459
26 368
26 253
26 443
26 94
27 477
27 42
27 345
27 111
27 84
27 300
27 411
27 85
27 108
27 178
27 119
27 49
27 341
27 368
27 239
27 211
27 47
27 229
27 247
27 392
27 485
27 202
27 320
27 379
27 366
27 69
27 193
28 265
28 110
28 291
28 473
28 443
28 461
28 297
28 413
28 292
28 360
28 173
28 419
28 305
28 362
28 270
28 431
28 418
28 470
28 164
29 215
29 134
29 150
29 85
29 492
29 409
29 345
29 96
29 135
29 320
29 82
29 145
29 103
29 261
29 381
29 258
29 231
29 120
29 491
29 428
30 210
30 367
30 389
30 264
30 488
30 412
30 71
30 370
30 492
30 62
30 438
30 273
30 47
30 122
30 133
30 400
30 96
30 281
30 157
30 282
31 63
31 255
31 153
31 342
31 440
31 347
31 225
31 295
31 134
31 239
31 250
31 159
31 451
31 373
31 431
31 82
31 411
31 472
31 436
31 399
31 322
31 353
31 123
31 149
31 249
31 98
32 384
32 387
32 415
32 187
32 180
32 223
32 81
32 164
32 458
32 115
32 368
32 385
32 106
32 152
32 258
32 188
32 466
32 481
32 155
32 176
33 70
33 133
33 392
33 114
33 401
33 260
33 290
33 273
33 131
33 219
33 80
33 62
33 336
33 225
33 326
33 158
33 388
33 391
33 434
33 418
33 302
33 311
34 303
34 149
34 354
34 328
34 199
34 380
34 427
34 65
34 95
34 141
34 96
34 271
34 220
34 470
34 53
34 432
34 342
34 85
34 151
35 327
35 281
35 266
35 392
35 243
35 379
35 433
35 55
35 66
35 249
35 269
35 162
35 474
35 98
35 260
35 401
35 378
35 493
35 199
35 70
35 411
36 93
36 323
36 274
36 443
36 38
36 40
36 181
36 108
36 114
36 329
36 401
36 380
36 448
36 395
36 475
36 314
36 455
36 307
36 43
36 211
36 348
36 300
37 147
37 85
37 109
37 90
37 171
37 120
37 131
37 442
37 346
37 95
37 361
37 211
37 312
37 58
37 227
37 325
37 247
38 442
38 434
38 125
38 167
38 468
38 47
38 116
38 80
38 126
38 292
38 479
38 341
38 278
38 318
38 186
38 94
38 280
38 328
38 84
38 277
38 149
38 108
38 82
38 129
38 164
39 89
39 114
39 126
39 243
39 248
39 406
39 72
39 272
39 432
39 78
39 430
39 331
39 397
39 418
39 41
39 80
39 414
39 345
39 213
39 137
39 43
39 48
39 222
39 429
39 306
39 83
40 491
40 463
40 120
40 53
40 412
40 60
40 131
40 422
40 159
40 433
40 116
40 261
40 269
40 271
40 496
40 250
40 175
40 132
40 207
40 169
40 461
40 434
40 488
40 406
40 93
40 179
40 79
40 403
40 486
41 357
41 212
41 180
41 165
41 157
41 232
41 55
41 195
41 466
41 459
41 62
41 282
41 284
41 230
41 468
41 82
41 261
41 335
41 440
41 472
41 352
41 163
42 452
42 47
42 168
42 60
42 307
42 348
42 361
42 151
42 123
42 322
42 237
42 425
42 171
42 246
42 393
42 316
42 398
42 121
42 284
42 372
42 388
42 332
42 439
42 441
42 317
42 65
43 273
43 205
43 68
43 193
43 96
43 87
43 497
43 257
43 117
43 181
43 49
43 430
43 80
43 278
43 188
43 290
43 392
43 316
43 123
44 354
44 91
44 167
44 381
44 190
44 71
44 57
44 122
44 230
44 311
44 244
44 306
44 249
44 493
44 82
44 443
44 93
44 212
44 257
44 374
44 107
45 106
45 139
45 360
45 80
45 349
45 340
45 431
45 499
45 209
45 83
45 276
45 425
45 75
45 332
45 267
45 484
45 410
45 427
45 260
45 255
45 174
45 497
45 403
45 451
45 406
46 94
46 304
46 236
46 140
46 54
46 283
46 189
46 76
46 114
46 422
46 99
46 171
46 315
46 73
46 338
46 344
46 126
47 388
47 194
47 342
47 432
47 212
47 297
47 272
47 276
47 458
47 309
47 196
47 447
47 439
47 241
47 482
47 296
47 344
47 302
47 157
47 461
47 114
48 290
48 246
48 449
48 253
48 183
48 318
48 378
48 237
48 135
49 55
49 296
49 115
49 214
49 227
49 225
49 56
49 67
49 253
49 65
49 358
49 349
49 480
49 99
49 359
49 318
49 278
49 291
49 251
49 63
49 61
50 346
50 51
50 151
50 455
50 211
50 467
50 353
50 238
50 378
50 196
50 256
50 254
50 241
50 417
50 115
50 73
50 343
50 222
50 219
50 368
50 112
50 436
50 499
50 306
50 270
51 368
51 413
51 194
51 470
51 389
51 306
51 142
51 56
51 149
51 360
51 97
51 80
51 431
51 357
51 383
51 334
51 261
51 161
51 401
51 166
51 495
51 312
52 215
52 459
52 465
52 197
52 299
52 403
52 323
52 130
52 184
52 63
52 426
52 361
52 385
52 159
52 198
52 195
53 224
53 333
53 385
53 181
53 480
53 496
53 288
53 195
53 198
53 59
53 151
53 440
53 83
53 256
53 133
53 170
53 134
53 296
54 214
54 128
54 296
54 487
54 246
54 485
54 406
54 434
54 363
54 285
54 157
54 467
54 390
54 331
54 438
54 351
54 145
54 123
54 357
54 382
54 166
54 206
54 272
54 399
54 124
54 295
54 486
54 385
54 435
54 282
54 429
54 260
54 309
54 495
54 188
54 473
54 83
55 352
55 231
55 476
55 254
55 295
55 339
55 422
55 138
55 345
55 477
55 441
55 457
55 154
55 399
55 416
55 374
55 424
55 450
55 148
55 283
55 372
56 192
56 233
56 419
56 257
56 193
56 104
56 475
56 232
56 289
56 379
56 382
56 468
56 311
56 115
56 220
56 203
57 146
57 201
57 249
57 234
57 264
57 312
57 169
57 114
57 325
57 242
57 494
57 259
57 340
57 276
57 60
57 302
57 287
57 364
58 103
58 72
58 77
58 426
58 412
58 227
58 275
58 158
58 392
58 210
58 149
58 226
58 435
59 229
59 163
59 228
59 63
59 160
59 128
59 376
59 289
59 227
59 298
59 471
59 405
59 499
59 472
59 95
59 103
59 473
59 316
59 278
59 399
59 62
59 488
59 60
60 366
60 396
60 434
60 228
60 61
60 264
60 97
60 390
60 126
60 106
60 343
61 249
61 173
61 394
61 321
61 364
61 379
61 289
61 402
61 91
61 422
61 457
61 471
61 387
61 93
61 192
61 83
61 71
61 165
62 67
62 465
62 282
62 336
62 84
62 398
62 425
62 272
62 485
62 98
62 332
62 430
62 369
62 308
62 377
63 156
63 351
63 323
63 372
63 344
63 289
63 466
63 267
63 257
63 106
64 242
64 464
64 476
64 281
64 214
64 259
64 400
64 310
64 431
64 80
64 135
64 236
64 456
64 398
64 489
64 136
64 405
64 397
64 319
64 427
64 246
64 458
64 302
64 125
65 373
65 357
65 291
65 463
65 439
65 296
65 345
65 441
65 259
65 134
65 314
65 147
65 331
65 126
65 414
65 333
65 495
65 226
65 142
65 231
66 404
66 91
66 447
66 212
66 75
66 250
66 295
66 214
66 138
66 106
66 463
66 369
66 440
66 477
66 249
66 353
66 246
67 227
67 483
67 142
67 274
67 386
67 73
67 348
67 89
67 467
67 195
67 138
67 299
67 143
67 448
67 192
67 135
67 464
67 107
67 102
67 403
67 424
67 441
68 400
68 84
68 89
68 331
68 240
68 406
68 162
68 270
68 158
68 287
68 311
68 122
68 455
68 142
68 394
68 378
68 467
68 273
68 366
68 250
68 139
69 158
69 194
69 429
69 79
69 248
69 336
69 177
69 103
69 235
69 91
69 151
69 492
69 157
69 76
69 111
69 469
70 73
70 283
70 377
70 478
70 149
70 180
70 101
70 140
70 353
70 401
70 300
70 375
70 199
70 122
70 320
70 287
70 119
71 365
71 450
71 111
71 158
71 181
71 276
71 125
71 260
71 417
71 340
71 332
71 237
71 394
71 302
71 84
71 148
71 437
71 133
71 155
71 154
72 497
72 146
72 204
72 259
72 411
72 294
72 118
72 81
72 273
72 153
72 164
72 329
72 162
72 199
72 159
72 330
72 140
72 78
72 456
72 308
72 292
72 110
72 265
72 250
72 245
72 137
73 220
73 196
73 420
73 88
73 134
73 131
73 97
73 477
73 195
73 397
73 252
73 223
73 407
73 390
73 247
73 231
73 159
73 472
73 194
73 360
73 177
73 410
73 354
73 206
73 441
73 193
74 113
74 120
74 104
74 193
74 231
74 407
74 388
74 313
74 101
74 296
74 467
74 228
74 110
74 257
74 371
74 376
74 153
74 204
74 447
74 320
74 274
74 215
75 223
75 86
75 103
75 236
75 328
75 210
75 400
75 441
75 129
75 434
75 216
75 401
75 128
75 344
75 120
75 431
75 455
76 447
76 156
76 412
76 385
76 429
76 338
76 131
76 254
76 85
76 132
76 144
76 308
76 403
76 246
76 443
76 299
76 176
77 338
77 92
77 419
77 459
77 320
77 470
77 314
77 156
77 239
77 178
77 479
77 381
77 388
77 222
77 206
77 496
77 145
77 243
77 276
77 224
78 454
78 128
78 386
78 153
78 344
78 445
78 262
78 235
78 477
78 458
78 201
78 433
78 82
78 144
78 156
78 345
79 390
79 190
79 404
79 346
79 84
79 401
79 342
79 333
79 457
79 317
79 288
79 284
79 367
79 242
79 468
79 355
79 461
79 302
79 161
79 406
79 178
79 318
79 152
79 396
80 360
80 450
80 318
80 328
80 460
80 362
80 185
80 102
80 366
80 314
80 152
80 110
80 144
80 133
80 337
80 273
81 336
81 93
81 263
81 180
81 305
81 449
81 121
81 356
81 163
81 90
81 464
81 185
81 179
81 375
81 104
81 183
81 186
81 330
82 343
82 444
82 424
82 281
82 309
82 216
82 426
82 158
82 294
82 289
82 248
82 273
82 438
82 243
82 305
82 195
82 118
82 383
82 350
83 423
83 485
83 105
83 188
83 227
83 97
83 314
83 484
83 488
83 408
83 385
83 338
83 172
83 442
83 157
83 486
83 316
83 469
83 321
83 109
83 326
83 441
83 299
83 128
84 141
84 165
84 475
84 172
84 287
84 136
84 494
84 292
84 464
84 273
84 138
84 315
84 303
85 386
85 318
85 397
85 151
85 117
85 301
85 295
85 116
85 468
85 216
85 222
85 338
85 264
86 238
86 448
86 415
86 257
86 291
86 116
86 331
86 185
86 322
86 106
86 170
86 408
86 197
86 338
86 91
86 499
86 227
86 410
86 345
86 294
86 236
86 374
86 270
86 310
87 380
87 194
87 322
87 156
87 119
87 204
87 111
87 318
87 350
87 438
88 331
88 150
88 232
88 164
88 288
88 218
88 222
88 294
88 188
88 248
88 253
88 168
88 336
88 391
88 412
88 124
88 154
88 341
88 197
88 268
88 437
88 193
89 468
89 363
89 415
89 174
89 315
89 208
89 103
89 471
89 495
89 356
89 321
89 364
89 240
89 300
89 293
89 417
89 265
89 235
90 115
90 158
90 237
90 157
90 193
90 358
90 288
90 142
90 460
90 151
90 309
90 235
90 285
90 200
90 287
90 349
90 206
90 126
90 479
90 153
90 231
90 187
90 257
91 98
91 346
91 360
91 197
91 497
91 329
91 225
91 271
91 474
91 378
91 93
91 283
91 330
91 154
92 205
92 201
92 110
92 380
92 446
92 461
92 263
92 309
92 131
92 347
92 288
92 236
92 270
92 186
92 323
92 243
92 184
92 358
92 196
92 144
92 336
93 377
93 189
93 182
93 304
93 435
93 297
93 279
93 172
93 420
93 156
93 412
93 366
93 389
93 133
93 463
93 260
94 141
94 315
94 455
94 486
94 346
94 419
94 406
94 135
94 187
94 351
94 277
94 377
95 423
95 421
95 375
95 188
95 479
95 275
95 196
95 286
95 106
95 324
95 264
95 333
95 156
95 294
95 142
95 276
95 371
96 248
96 296
96 212
96 166
96 223
96 326
96 224
96 141
96 221
96 438
96 455
97 259
97 236
97 394
97 484
97 178
97 288
97 128
97 193
97 153
97 303
97 440
97 418
97 451
97 255
97 376
97 237
97 358
97 143
98 235
98 379
98 491
98 140
98 362
98 154
98 193
98 209
98 473
98 327
98 351
98 462
98 227
98 159
98 178
98 390
98 175
98 205
99 332
99 125
99 173
99 127
99 339
99 192
99 471
99 445
99 309
99 196
99 402
99 274
99 244
99 156
99 418
99 427
99 461
99 403
99 293
99 361
99 417
99 249
100 453
100 448
100 404
100 375
100 313
100 398
100 324
100 340
100 366
100 414
100 481
100 466
100 253
100 278
100 327
100 452
100 352
100 139
100 376
100 179
101 432
101 395
101 242
101 314
101 484
101 329
101 419
101 334
101 286
101 176
101 417
101 433
101 381
101 210
101 141
101 188
101 461
101 354
101 333
101 115
101 178
101 379
102 319
102 317
102 422
102 452
102 404
102 256
102 482
102 464
102 360
102 321
102 170
102 199
102 206
102 207
102 480
102 291
102 450
102 394
102 188
102 172
102 477
102 266
103 110
103 115
103 445
103 427
103 142
103 305
103 183
103 313
103 191
103 298
103 399
103 371
103 490
103 342
103 421
103 228
103 364
104 441
104 301
104 198
104 297
104 458
104 435
104 186
104 224
104 184
104 207
104 307
104 433
104 376
104 211
104 169
104 252
104 325
105 146
105 239
105 465
105 316
105 269
105 337
105 388
105 175
105 493
105 252
105 376
105 359
105 394
105 138
105 348
105 280
105 151
105 430
105 406
105 396
105 169
105 159
106 342
106 464
106 353
106 400
106 449
106 239
106 137
106 313
106 451
107 194
107 452
107 395
107 234
107 135
107 482
107 207
107 236
107 454
107 193
107 273
107 254
107 159
107 264
107 487
107 190
107 363
107 276
107 170
108 364
108 478
108 421
108 474
108 451
108 383
108 200
108 243
108 418
108 147
108 229
108 388
108 254
108 472
108 292
108 201
108 241
108 492
108 340
109 370
109 239
109 136
109 144
109 486
109 459
109 373
109 394
109 268
109 353
109 250
109 344
109 135
109 403
109 315
109 180
109 401
109 154
109 132
109 402
110 323
110 295
110 379
110 361
110 135
110 358
110 451
110 372
110 166
110 406
110 289
110 340
110 290
110 247
110 478
110 359
110 126
110 491
110 325
110 243
110 345
110 314
111 488
111 277
111 308
111 443
111 421
111 221
111 403
111 372
111 249
111 220
111 348
111 406
111 371
111 449
111 203
111 285
111 219
112 163
112 184
112 116
112 153
112 335
112 422
112 318
112 136
112 324
112 389
112 229
112 257
113 291
113 210
113 267
113 390
113 445
113 496
113 341
113 490
113 184
113 118
113 446
113 193
113 377
113 460
113 494
113 147
113 119
113 175
113 440
114 126
114 347
114 210
114 290
114 146
114 220
114 288
114 350
114 365
114 330
114 472
114 149
114 177
114 431
114 256
114 292
115 338
115 158
115 208
115 140
115 301
115 267
115 224
115 432
115 359
115 446
115 468
115 246
115 250
115 281
115 320
115 244
115 300
115 363
115 179
115 321
115 168
115 299
115 460
116 365
116 348
116 313
116 415
116 122
116 243
116 205
116 467
116 194
116 376
116 170
116 332
116 433
117 400
117 316
117 484
117 145
117 184
117 420
117 250
117 192
117 392
117 359
118 187
118 352
118 270
118 315
118 256
118 355
118 456
118 448
118 269
118 341
118 257
118 216
119 266
119 251
119 147
119 492
119 134
119 319
119 447
119 326
119 318
119 389
119 461
119 345
119 214
119 468
119 312
119 458
119 473
119 209
119 244
120 233
120 469
120 285
120 372
120 348
120 135
120 463
120 279
120 436
120 220
120 256
120 267
120 381
120 451
120 384
120 369
121 307
121 271
121 373
121 342
121 362
121 383
121 243
121 451
121 139
121 470
121 388
121 473
121 364
121 223
121 148
121 466
121 299
121 475
121 277
121 265
121 361
121 351
121 219
121 268
121 484
121 391
122 415
122 288
122 446
122 272
122 360
122 305
122 209
122 492
122 340
122 474
122 330
122 139
123 345
123 300
123 155
123 214
123 280
123 247
123 364
123 255
123 140
123 320
123 233
123 315
123 441
124 354
124 458
124 423
124 477
124 219
124 404
124 150
125 428
125 316
125 229
125 157
125 211
125 220
125 495
125 367
125 472
125 197
125 440
125 302
125 289
125 163
126 259
126 492
126 490
126 494
126 172
126 462
126 399
126 246
126 174
126 277
126 485
126 240
126 145
126 273
126 447
126 249
127 426
127 200
127 392
127 404
127 190
127 419
127 216
127 306
127 242
127 444
127 418
127 442
127 215
128 175
128 274
128 142
128 136
128 258
128 338
128 354
128 391
128 232
128 320
128 138
128 147
128 264
128 468
128 409
128 279
128 303
129 236
129 436
129 142
129 411
129 184
129 372
129 169
129 491
129 281
129 363
129 315
129 172
129 488
129 413
129 387
129 182
129 272
130 212
130 160
130 170
130 269
130 289
130 295
130 330
130 263
130 197
130 331
130 264
130 204
130 392
130 286
131 193
131 381
131 353
131 206
131 226
131 281
131 251
131 133
131 209
131 213
131 170
131 356
131 417
131 409
131 230
131 464
131 333
131 378
131 173
131 396
131 289
132 263
132 369
132 409
132 298
132 339
132 299
132 496
132 275
132 279
132 223
132 342
132 313
132 277
133 223
133 301
133 210
133 179
133 134
133 400
133 475
133 297
133 383
133 455
133 204
133 359
133 151
133 323
133 394
133 405
133 206
133 245
134 348
134 399
134 178
134 496
134 274
134 224
134 457
134 279
134 273
134 336
134 450
134 345
134 285
134 353
134 242
134 183
134 465
135 463
135 207
135 317
135 320
135 324
135 175
135 281
135 452
135 435
135 494
135 197
135 210
135 400
135 208
135 377
135 339
135 467
135 397
136 418
136 318
136 311
136 316
136 297
136 382
136 171
136 495
136 192
136 141
136 484
136 176
136 322
136 381
136 436
136 476
136 314
136 145
136 286
137 211
137 482
137 203
137 415
137 303
137 395
137 261
137 386
137 226
137 375
137 187
137 313
137 181
138 460
138 266
138 439
138 203
138 363
138 347
138 299
138 326
138 277
138 458
138 301
138 304
138 210
138 182
138 218
138 164
138 338
138 259
139 482
139 223
139 419
139 307
139 385
139 237
139 373
139 329
139 280
139 434
140 387
140 180
140 174
140 164
140 351
140 313
140 368
141 358
141 399
141 476
141 275
141 484
141 281
141 142
141 472
141 158
141 381
141 210
141 262
141 307
141 267
141 375
141 347
141 462
141 183
142 487
142 194
142 336
142 444
142 195
142 437
142 259
142 466
142 294
142 403
142 436
142 497
142 452
142 146
142 320
143 358
143 208
143 447
143 445
143 223
143 155
143 181
143 329
143 172
143 442
143 194
143 420
143 412
143 326
143 201
144 340
144 362
144 372
144 303
144 246
144 445
144 470
144 354
144 260
144 482
144 153
144 194
144 369
144 301
144 306
144 145
144 200
144 327
145 495
145 284
145 336
145 172
145 297
145 454
145 424
145 381
145 300
145 272
145 310
145 281
145 379
145 273
145 183
145 425
145 251
145 372
145 168
146 418
146 426
146 413
146 220
146 181
146 451
146 484
146 361
146 379
146 249
146 275
146 148
146 318
146 354
146 291
146 282
146 214
146 276
146 437
146 240
147 216
147 354
147 204
147 282
147 221
147 324
147 260
147 401
147 203
147 309
147 184
147 284
147 435
147 499
147 291
147 167
147 247
148 449
148 167
148 413
148 362
148 406
148 323
148 445
148 191
148 186
148 415
148 461
149 424
149 348
149 305
149 180
149 414
149 220
149 302
149 205
149 460
149 353
149 366
149 277
149 250
149 235
149 310
150 311
150 197
150 446
150 290
150 261
150 422
150 255
150 218
150 233
150 303
150 210
150 413
150 276
150 319
150 172
150 315
150 269
151 409
151 295
151 364
151 185
151 297
151 239
151 494
151 468
151 229
151 415
151 164
151 248
151 231
151 407
151 425
151 272
152 462
152 431
152 337
152 335
152 486
152 473
152 212
152 423
152 280
152 387
152 161
152 291
152 283
152 420
152 172
152 194
152 181
153 187
153 196
153 214
153 296
153 396
153 412
153 405
153 202
153 262
153 162
153 164
153 490
154 405
154 493
154 314
154 431
154 183
154 327
154 463
154 242
154 270
154 496
154 437
154 339
154 326
155 410
155 251
155 491
155 276
155 205
155 163
155 472
155 252
155 490
155 482
155 333
155 489
155 471
155 483
155 286
155 203
156 271
156 299
156 291
156 309
156 444
156 434
156 496
156 461
156 293
156 398
156 382
156 460
156 170
156 163
156 344
157 266
157 318
157 251
157 236
157 425
157 493
157 215
157 475
157 486
157 435
157 482
157 328
157 222
157 461
157 272
157 161
158 165
158 300
158 491
158 449
158 201
158 364
158 392
158 460
158 427
158 311
158 231
158 440
158 286
158 435
158 414
158 278
158 293
158 471
158 168
158 251
158 498
158 180
159 287
159 185
159 471
159 385
159 269
159 174
159 163
159 350
159 209
159 470
159 391
159 460
159 305
159 342
159 178
159 422
159 260
159 405
159 208
159 247
160 490
160 471
160 460
160 493
160 186
160 208
160 449
160 189
160 221
160 416
161 463
161 412
161 209
161 230
161 447
161 462
161 461
161 377
161 319
161 260
161 299
161 173
161 303
161 362
161 170
161 414
161 328
161 239
161 224
162 450
162 232
162 295
162 438
162 270
162 203
162 376
162 230
162 488
163 272
163 369
163 329
163 200
163 277
163 448
163 349
163 393
163 165
163 173
163 240
163 461
163 332
163 295
164 444
164 228
164 192
164 194
164 311
164 445
164 217
164 207
164 326
164 306
164 215
164 381
164 173
165 201
165 474
165 267
165 322
165 223
165 295
165 193
165 432
165 438
165 393
165 360
165 440
165 454
165 319
165 463
165 284
165 408
165 394
166 484
166 485
166 313
166 492
166 346
166 364
166 255
166 468
166 209
166 353
166 267
166 304
166 301
166 347
166 318
167 451
167 375
167 250
167 199
167 403
167 343
167 332
167 293
167 186
167 335
167 495
167 349
167 242
167 488
168 299
168 379
168 491
168 499
168 349
168 249
168 463
168 258
168 347
168 358
168 229
168 493
168 449
168 170
168 269
169 325
169 364
169 432
169 468
169 219
169 403
169 479
169 244
169 224
169 398
169 215
170 327
170 433
170 285
170 262
170 346
170 403
170 280
170 307
170 193
170 290
170 339
170 227
170 305
170 412
170 258
170 356
170 374
170 203
170 254
170 460
170 321
170 390
170 217
170 226
170 322
171 281
171 347
171 491
171 291
171 482
171 435
171 212
171 479
171 173
171 489
171 224
171 404
171 421
171 374
171 345
171 497
171 185
172 275
172 396
172 431
172 189
172 456
172 455
172 333
172 317
172 308
172 433
173 315
173 274
173 473
173 202
173 469
173 463
173 228
173 479
173 334
173 203
173 478
173 200
173 267
174 411
174 375
174 183
174 250
174 228
174 430
174 235
174 492
174 499
174 478
174 372
174 423
175 387
175 431
175 335
175 327
175 483
175 288
175 416
175 305
175 374
175 476
175 211
175 340
175 224
175 207
175 244
175 292
176 217
176 304
176 245
176 277
176 279
176 263
176 284
176 280
176 387
176 220
176 204
176 269
176 430
176 202
176 275
177 225
177 180
177 381
177 472
177 383
177 301
177 394
177 338
177 421
177 232
177 222
177 423
177 393
177 446
178 479
178 190
178 313
178 276
178 454
178 263
178 328
178 380
178 183
178 487
178 300
178 354
178 477
178 484
178 207
178 250
178 327
178 373
179 262
179 347
179 422
179 472
179 191
179 363
179 280
179 249
179 320
179 484
179 343
179 443
179 228
179 261
180 337
180 417
180 265
180 189
180 326
180 261
180 436
180 441
180 238
180 475
180 332
180 489
180 385
180 280
181 439
181 416
181 218
181 257
181 274
181 230
181 204
181 286
181 340
181 422
181 250
181 306
181 226
181 310
181 414
181 283
181 334
181 206
181 280
181 425
181 490
181 476
181 443
181 469
182 401
182 349
182 338
182 309
182 437
182 242
182 256
182 260
182 258
182 406
182 474
182 315
182 214
182 247
182 280
182 346
183 229
183 224
183 318
183 260
183 265
183 339
183 415
183 312
183 458
183 243
183 423
183 210
183 216
183 320
183 315
183 426
183 446
183 300
183 203
184 473
184 339
184 332
184 201
184 359
184 416
184 189
184 335
184 333
184 469
184 298
184 397
184 468
184 235
185 467
185 314
185 420
185 466
185 379
185 396
185 202
185 263
185 285
185 204
185 476
185 431
186 227
186 272
186 432
186 496
186 338
186 362
186 290
186 475
186 200
186 271
186 222
186 263
186 357
187 274
187 347
187 430
187 463
187 424
187 495
187 257
187 455
187 239
187 354
187 287
187 332
187 337
187 442
187 327
187 200
187 217
187 444
187 188
187 288
187 447
187 224
188 420
188 273
188 403
188 221
188 238
188 358
188 436
188 422
188 363
188 197
188 362
188 254
188 244
188 293
188 348
189 400
189 421
189 429
189 393
189 446
189 364
189 481
189 219
189 448
189 254
189 223
189 285
189 428
189 464
189 246
190 343
190 286
190 238
190 248
190 246
190 381
190 194
190 487
190 245
190 465
190 309
190 495
191 419
191 281
191 246
191 285
191 349
191 274
191 452
191 238
191 303
191 197
191 326
191 236
191 421
191 319
191 343
191 384
191 466
191 477
192 416
192 290
192 410
192 382
192 343
192 485
192 194
192 261
192 333
192 460
192 443
192 305
193 340
193 304
193 384
193 320
193 197
193 477
193 253
193 278
193 443
193 449
193 260
193 325
193 233
194 355
194 362
194 249
194 344
194 268
194 246
194 408
194 437
194 226
194 305
194 300
194 293
194 397
194 359
194 385
194 431
194 217
194 381
195 289
195 262
195 341
195 466
195 476
195 196
195 375
195 360
195 461
195 327
195 478
195 386
195 413
195 390
195 435
195 415
195 238
195 354
195 373
195 214
196 282
196 434
196 244
196 475
196 431
196 498
196 287
196 276
196 457
196 249
196 386
196 349
196 465
196 324
197 498
197 365
197 361
197 285
197 400
197 392
197 289
197 304
197 401
197 355
197 486
197 211
197 451
198 238
198 341
198 425
198 223
198 330
198 310
198 406
198 351
198 349
199 215
199 255
199 251
199 262
199 493
199 339
199 320
199 399
199 488
199 432
199 309
200 361
200 435
200 431
200 470
200 413
200 429
200 358
200 264
200 262
200 379
200 203
200 238
200 486
200 469
200 341
200 449
201 280
201 284
201 206
201 259
201 481
201 229
201 414
201 326
201 303
201 264
201 332
201 220
202 441
202 374
202 380
202 254
202 413
202 342
202 305
202 251
202 450
202 488
202 298
202 347
202 469
202 421
203 454
203 286
203 328
203 338
203 354
204 430
204 283
204 217
204 371
204 318
204 494
204 328
204 252
204 390
204 270
204 335
204 234
204 479
205 433
205 323
205 357
205 293
205 462
205 379
205 458
205 317
205 477
205 329
205 349
205 307
205 268
205 472
205 414
206 468
206 304
206 337
206 237
206 323
206 395
206 263
206 238
206 420
206 245
206 487
206 322
207 391
207 269
207 377
207 335
207 460
207 413
207 361
207 432
207 258
207 448
207 408
207 272
207 376
207 211
207 324
207 216
207 425
208 477
208 258
208 384
208 487
208 425
208 356
208 212
208 386
208 481
208 319
208 329
208 325
208 460
208 210
208 235
208 438
208 336
209 311
209 403
209 254
209 242
209 379
209 435
209 346
209 260
209 422
209 315
209 229
209 389
209 295
210 439
210 281
210 285
210 395
210 238
210 438
210 257
210 235
210 236
210 454
210 364
210 421
210 247
210 261
211 219
211 336
211 477
212 376
212 498
212 283
212 388
212 370
212 338
212 401
212 367
212 420
212 321
212 238
212 303
212 443
212 497
213 300
213 353
213 388
213 313
213 373
213 349
213 221
213 215
213 494
213 365
213 304
214 341
214 235
214 472
214 274
214 301
214 237
214 238
214 442
214 273
214 291
214 425
214 388
214 316
214 284
214 451
215 353
215 412
215 409
215 350
215 295
215 351
215 304
216 284
216 251
216 374
216 341
216 269
216 462
216 424
216 287
216 280
216 228
216 446
216 286
217 266
217 292
217 440
217 385
217 339
217 410
217 233
217 306
217 473
217 383
217 489
217 495
217 469
217 219
217 253
217 262
218 235
218 233
218 346
218 327
218 240
218 454
218 261
218 318
218 253
218 329
218 477
218 310
218 328
219 348
219 249
219 247
219 379
219 475
219 464
219 484
219 457
219 232
219 252
219 474
219 355
219 276
220 416
220 273
220 288
220 311
220 406
220 242
220 270
220 320
221 269
221 243
221 309
221 495
221 475
221 389
221 376
221 301
221 359
221 373
221 314
221 398
221 232
221 307
221 459
221 260
221 412
221 283
221 329
222 323
222 433
222 363
222 447
222 298
222 313
222 367
222 417
222 442
222 249
222 318
223 406
223 326
223 277
223 359
223 233
223 361
223 474
223 278
223 440
223 331
223 238
223 322
224 304
224 248
224 457
224 342
224 230
224 440
224 251
224 389
224 423
224 227
224 323
224 297
224 274
225 275
225 273
225 353
225 296
225 398
225 268
225 313
225 306
225 354
225 417
225 490
225 387
225 262
225 393
226 339
226 451
226 376
226 330
226 323
226 298
226 490
226 262
226 287
226 347
227 307
227 491
227 356
227 350
227 252
227 407
227 387
227 375
227 408
227 261
227 412
227 342
227 238
227 336
227 496
228 327
228 492
228 338
228 345
228 376
228 382
228 440
228 349
228 351
228 273
228 458
228 290
228 397
228 348
228 411
228 299
228 318
228 435
229 295
229 382
229 467
229 440
230 385
230 241
230 459
230 475
230 312
230 448
230 340
230 261
230 282
231 469
231 456
231 284
231 243
231 425
231 264
231 386
231 287
231 312
231 465
231 300
231 427
231 486
231 366
231 447
231 241
231 308
231 373
231 295
232 444
232 352
232 345
232 485
232 273
232 420
232 284
232 449
232 426
232 489
232 415
232 354
232 351
232 287
232 362
232 401
232 398
232 304
232 260
233 483
233 467
233 274
233 272
233 323
233 378
233 256
234 479
234 459
234 350
234 439
234 477
234 386
234 330
234 258
234 315
234 265
234 365
235 375
235 461
235 446
235 419
235 486
235 484
235 402
235 335
236 416
236 488
236 361
236 289
236 414
236 305
236 304
236 244
236 494
236 323
236 479
237 274
237 241
237 262
237 286
237 306
237 251
237 289
238 320
238 291
238 324
238 318
238 409
238 488
238 343
238 304
238 321
238 356
238 403
238 432
239 273
239 491
239 361
239 368
239 473
239 460
239 458
240 316
240 364
240 382
240 471
240 494
240 372
240 248
240 373
240 478
240 482
241 288
241 289
241 312
241 257
241 451
241 304
241 265
241 307
241 424
241 384
241 283
242 461
242 311
242 485
242 369
242 375
242 424
242 363
242 332
242 372
242 391
242 459
242 280
243 380
243 327
243 359
243 483
243 294
243 493
243 322
243 393
243 430
243 365
243 463
243 376
243 270
243 273
244 420
244 278
244 302
244 376
244 410
244 299
244 310
244 315
244 398
244 248
244 357
244 266
244 362
245 348
245 311
245 323
245 254
245 264
245 289
245 429
245 332
245 459
245 377
246 280
246 257
246 271
246 309
246 307
246 464
246 362
246 406
246 478
246 470
246 444
246 488
246 387
247 449
247 397
247 280
247 340
247 377
247 261
248 484
248 449
248 412
248 308
248 324
248 340
248 327
248 380
248 285
248 368
248 466
248 448
248 401
248 423
248 318
248 296
249 383
249 390
249 466
249 288
249 339
250 269
250 453
250 322
250 369
250 296
250 324
250 361
250 256
250 480
250 445
251 333
251 348
251 287
251 467
251 277
251 273
251 280
251 400
251 362
251 290
251 414
252 278
252 265
252 497
252 426
252 468
252 261
252 285
252 352
252 471
252 393
252 473
252 383
252 297
252 470
253 289
253 468
253 489
253 438
253 430
253 350
253 426
253 297
253 381
254 387
254 300
254 312
254 401
254 391
254 316
254 293
254 467
254 492
254 302
254 420
254 469
254 356
255 399
255 458
255 386
255 361
255 417
255 476
255 296
255 264
255 338
255 489
255 305
255 277
255 316
255 394
256 389
256 344
256 353
256 403
256 314
256 493
256 485
256 362
256 419
256 434
256 262
256 338
256 334
256 326
257 330
257 265
257 369
257 311
257 486
257 285
257 323
257 262
257 429
257 280
257 444
257 453
258 371
258 386
258 475
258 391
258 387
258 318
258 388
258 383
258 461
258 319
258 425
258 405
259 402
259 420
259 337
259 276
259 433
259 297
259 285
259 302
259 378
259 398
259 457
259 474
259 490
259 478
259 358
259 350
260 397
260 414
260 303
260 411
260 362
260 295
260 380
260 456
260 323
261 378
261 399
261 447
261 311
261 431
261 393
261 370
261 446
261 422
261 482
261 271
261 396
261 418
261 267
261 266
262 379
262 472
262 420
262 412
262 473
262 371
262 468
263 478
263 352
263 309
263 389
263 412
263 419
263 273
263 414
263 305
263 400
263 311
263 465
263 373
264 344
264 399
264 470
264 269
264 400
264 349
264 386
264 319
265 464
265 488
265 292
265 316
265 317
265 490
265 294
265 396
265 434
265 471
265 277
266 416
266 467
266 296
266 338
266 407
266 346
266 292
266 442
266 363
267 352
267 276
267 279
267 432
267 314
267 497
267 357
267 323
267 394
267 495
267 383
267 322
267 348
267 404
268 297
268 337
268 409
268 288
268 292
268 442
268 435
268 479
268 464
268 480
268 338
269 499
269 361
269 336
269 348
269 389
269 397
269 337
269 345
269 311
270 385
270 360
270 471
270 315
270 476
270 413
270 356
270 464
271 358
271 401
271 318
271 387
271 373
271 474
271 302
271 325
272 426
272 369
272 329
272 392
272 333
272 384
272 375
272 495
272 398
273 431
273 403
273 464
273 355
273 454
273 474
273 414
273 320
273 334
273 477
273 343
274 341
274 489
274 493
274 308
275 422
275 441
275 477
275 476
275 339
275 332
275 353
275 390
275 379
275 342
276 283
276 309
276 469
276 418
276 399
276 313
276 369
277 383
277 345
277 288
277 439
277 320
277 490
277 390
278 419
278 473
278 466
278 422
278 394
278 431
278 314
278 396
278 426
278 306
278 402
279 330
279 483
279 286
279 402
279 451
279 466
279 295
279 386
279 390
279 304
280 467
280 498
280 407
280 349
280 369
280 301
280 364
280 336
281 340
281 470
281 351
281 333
281 475
281 459
281 492
281 392
281 354
281 477
282 413
282 415
282 493
282 404
282 457
282 426
282 306
282 398
282 314
282 295
283 370
283 316
283 499
283 307
283 415
283 323
283 490
283 460
283 467
284 406
284 300
284 361
284 466
284 441
284 408
284 438
284 305
285 483
285 352
285 493
285 319
285 463
285 369
285 427
285 370
285 401
285 303
286 350
286 345
286 353
286 412
286 296
286 297
286 377
286 405
286 342
286 311
287 439
287 381
287 373
287 407
287 338
287 355
287 423
287 472
287 440
287 454
287 483
287 395
287 474
288 486
288 482
288 355
288 459
288 299
288 475
288 369
288 293
288 349
288 388
289 429
289 433
289 453
289 308
289 359
289 412
289 419
289 499
289 361
289 374
289 431
290 336
290 481
290 321
290 311
290 307
290 453
291 319
291 401
291 417
291 397
291 441
291 363
291 311
291 360
291 365
292 378
292 299
292 498
292 497
292 374
292 496
293 425
293 454
293 465
293 420
293 473
293 467
293 475
293 486
293 400
293 377
293 432
294 456
294 462
294 482
294 331
294 298
294 490
294 453
294 446
294 345
294 415
295 333
295 326
295 426
295 409
295 436
295 347
295 299
295 351
295 366
296 444
296 435
296 366
296 458
296 448
296 443
296 424
296 358
297 427
297 417
297 403
297 477
297 392
297 368
297 485
297 442
297 402
298 411
298 449
298 484
298 429
298 481
298 359
298 355
298 452
299 416
299 481
299 358
299 448
299 304
299 306
299 477
300 454
300 307
300 376
300 326
300 357
300 384
300 489
300 391
300 409
300 496
300 314
300 414
300 460
301 422
301 482
301 452
301 417
301 316
301 470
301 444
301 310
301 303
301 402
301 401
301 463
301 487
301 363
301 488
302 375
302 307
302 404
302 475
302 391
302 457
302 451
303 322
303 411
303 456
303 447
303 391
304 457
304 494
304 465
305 381
305 358
305 352
305 411
305 479
305 428
305 368
305 322
306 380
306 488
306 350
306 467
306 316
307 472
307 396
307 354
307 310
307 458
307 308
308 465
308 430
308 309
308 448
308 336
308 475
308 431
308 458
308 497
309 401
309 499
309 399
309 450
309 433
309 437
310 395
310 498
310 439
311 389
311 338
311 450
311 373
311 476
311 493
311 358
311 361
311 384
311 486
311 424
311 470
312 434
312 330
312 405
312 488
312 374
312 481
312 494
312 458
312 320
312 393
313 476
313 369
313 453
313 385
313 352
314 317
314 470
314 409
314 473
314 319
314 489
314 445
314 394
314 423
314 443
315 471
315 356
315 372
315 322
315 395
315 361
315 444
316 384
316 364
316 459
316 338
316 362
317 322
317 495
317 382
317 413
317 471
317 410
318 473
318 331
318 461
318 443
318 339
318 446
318 365
318 498
318 457
318 469
318 488
318 468
318 379
319 465
319 390
319 371
319 347
319 496
320 458
320 385
320 496
320 327
320 459
320 409
320 468
321 457
321 471
321 322
321 468
321 447
321 444
321 477
321 374
322 448
322 351
322 356
322 370
322 392
322 423
322 424
322 407
322 363
322 375
322 470
323 392
323 379
323 415
323 335
323 495
324 443
324 364
324 490
324 459
324 390
324 382
325 498
325 332
325 354
325 408
325 472
325 422
326 469
326 464
326 475
327 493
327 426
327 354
327 357
327 497
327 474
327 393
328 417
328 451
328 398
328 457
328 357
328 351
329 412
329 371
329 434
329 431
329 387
329 474
329 360
329 394
329 478
329 452
330 434
330 384
330 396
330 380
330 433
330 414
330 410
331 492
331 341
331 476
331 335
331 381
331 338
331 343
331 466
331 479
332 414
332 487
332 412
332 407
332 341
332 373
332 454
333 485
333 398
333 365
333 496
333 342
333 402
334 437
334 358
334 458
334 474
334 479
334 467
334 354
334 432
334 355
335 444
335 454
335 457
335 338
335 355
335 495
336 353
336 354
336 486
336 373
336 483
336 494
337 435
337 424
337 488
337 372
337 383
337 377
337 381
337 483
337 408
338 415
338 493
338 348
338 376
338 464
338 378
338 392
339 391
339 490
339 456
339 387
339 495
339 486
339 435
339 417
340 469
340 365
340 494
340 389
340 476
341 470
341 372
341 430
341 488
341 374
341 467
341 411
341 450
342 493
342 399
343 495
343 440
343 379
343 420
343 354
344 460
344 464
344 443
344 397
344 416
344 391
344 365
345 434
345 367
345 350
345 439
345 379
346 485
346 396
346 458
346 392
346 369
346 357
346 443
346 367
346 408
346 467
346 456
347 405
347 420
347 365
347 399
347 376
347 481
347 375
348 393
348 472
348 355
348 379
348 388
348 397
348 453
348 425
348 445
348 415
349 454
349 400
349 376
349 402
349 373
349 413
349 452
349 492
349 408
349 468
350 421
350 486
350 492
350 488
350 352
350 475
350 407
351 436
351 374
351 438
351 397
351 430
351 456
351 415
351 475
351 393
351 373
352 386
352 486
352 359
352 454
352 467
353 385
353 423
353 361
353 487
353 461
353 450
353 398
354 407
354 361
354 485
354 381
354 427
354 391
355 499
355 461
355 474
355 366
356 397
356 464
356 488
356 459
356 396
356 456
356 370
357 479
357 386
357 458
357 379
357 452
357 487
357 371
358 400
358 412
358 364
358 457
358 393
359 378
359 487
359 469
359 477
359 372
360 366
360 473
360 361
360 438
360 460
360 373
361 483
361 495
361 466
361 458
361 474
361 375
362 467
362 491
362 375
362 395
363 388
363 451
363 372
363 392
363 457
363 404
363 393
364 378
364 449
364 440
364 486
365 457
365 489
365 377
365 368
365 475
365 407
366 385
366 489
366 375
366 416
366 483
366 428
366 417
366 393
367 497
367 489
367 470
367 368
367 481
367 388
367 450
367 493
368 429
368 428
368 395
369 376
369 378
370 388
370 395
370 431
370 488
370 484
370 482
371 395
371 401
372 485
372 471
372 416
372 430
372 403
372 420
372 394
372 432
372 445
373 401
373 453
373 382
373 475
373 381
373 465
373 458
373 484
373 379
374 485
374 487
374 425
374 465
374 471
375 381
375 470
375 398
375 451
375 432
375 457
376 389
376 410
376 499
376 447
376 387
376 468
376 421
376 487
376 380
376 444
377 390
377 378
377 490
377 487
377 384
377 485
377 463
377 435
378 390
378 476
378 407
378 409
379 388
379 471
379 387
379 391
379 421
380 382
380 469
380 405
380 395
380 396
380 459
381 470
381 471
381 450
381 487
381 444
381 483
381 453
381 486
382 411
382 475
382 398
382 436
383 459
383 463
384 493
384 467
384 464
385 488
385 410
385 422
385 478
385 444
385 460
386 484
386 485
387 475
387 455
387 498
387 427
387 424
388 488
388 468
388 483
388 399
389 471
389 466
389 425
389 439
389 416
389 418
389 478
389 465
389 424
389 467
390 404
391 487
391 422
391 491
391 430
392 454
392 495
392 426
392 463
393 458
393 479
393 441
393 429
393 421
394 399
394 398
394 461
394 450
394 462
395 499
395 405
395 403
395 423
395 466
395 479
396 473
396 399
396 420
397 490
397 455
397 410
397 461
398 483
398 453
398 449
400 425
401 486
401 407
401 483
402 497
402 492
402 499
402 449
403 463
403 481
403 452
403 409
404 408
404 494
404 425
404 416
404 417
404 415
404 469
405 431
405 412
405 467
405 443
406 474
406 407
406 492
406 446
406 457
406 443
406 471
407 486
407 441
407 423
408 422
408 477
408 492
408 429
409 474
409 465
410 437
410 424
410 427
411 435
411 439
412 428
413 481
413 467
414 458
414 499
414 476
414 426
414 453
414 440
415 426
415 451
415 444
415 430
416 476
416 470
416 467
417 490
417 449
417 430
417 471
417 476
418 488
418 475
418 482
418 484
418 440
418 490
419 475
419 480
419 425
419 498
421 424
422 456
422 497
423 497
423 493
424 452
424 479
424 495
425 459
425 440
425 434
425 447
425 428
425 448
426 441
426 494
426 454
427 474
427 486
427 443
428 448
428 436
428 476
429 491
429 434
431 465
432 438
432 465
432 435
432 480
432 460
433 483
433 452
434 468
434 483
434 452
435 473
435 497
435 466
435 458
435 468
435 454
436 483
436 477
436 458
436 489
436 449
436 446
436 471
436 448
437 483
438 486
438 492
439 494
439 472
439 465
440 474
440 499
440 442
442 472
442 476
442 446
442 484
442 480
442 467
442 478
443 445
443 459
445 456
445 454
447 452
447 464
447 459
449 455
449 479
450 454
450 477
450 465
450 497
452 454
452 487
454 469
455 485
455 472
455 484
456 498
457 460
457 478
459 466
459 467
460 495
460 476
461 480
461 473
461 496
463 470
463 495
464 495
464 487
465 472
465 491
466 499
467 495
468 480
468 487
468 482
469 470
469 490
470 488
474 497
474 478
478 482
478 490
479 495
480 498
483 490
483 492
484 489
484 486
491 492
