VERTICES = 500
EDGES = 6000
0 68
0 473
0 300
0 148
0 212
0 154
0 429
0 203
0 114
0 142
0 449
0 425
0 44
0 362
0 427
0 172
0 397
0 122
0 193
0 331
0 277
0 489
0 380
0 381
0 335
1 420
1 233
1 228
1 338
1 259
1 373
1 131
1 42
1 175
1 153
1 91
1 453
1 208
1 435
1 262
1 362
1 390
1 425
1 100
1 347
1 184
1 13
1 60
1 136
1 397
1 416
2 62
2 103
2 132
2 184
2 162
2 250
2 50
2 433
2 200
2 15
2 303
2 391
2 61
2 311
2 125
2 89
2 94
2 31
2 324
2 121
2 352
3 473
3 480
3 38
3 267
3 321
3 155
3 35
3 249
3 36
3 442
3 404
3 102
3 192
3 221
3 196
3 53
3 154
3 205
3 146
3 453
3 225
3 307
3 81
3 163
4 11
4 180
4 34
4 119
4 69
4 434
4 40
4 30
4 491
4 8
4 361
4 281
4 135
4 97
4 154
4 488
4 471
4 305
4 493
4 262
4 320
4 167
4 126
4 458
4 315
5 414
5 339
5 116
5 137
5 383
5 342
5 283
5 499
5 270
5 127
5 460
5 397
5 390
5 400
5 441
5 213
5 37
5 427
5 85
6 114
6 472
6 200
6 357
6 428
6 83
6 100
6 437
6 172
6 442
6 49
6 374
6 363
6 444
6 311
6 225
6 84
6 236
6 404
6 367
6 189
6 430
6 286
6 163
6 392
6 479
6 104
6 419
6 361
6 57
6 370
6 40
6 115
6 484
7 111
7 266
7 465
7 134
7 409
7 399
7 26
7 203
7 292
7 413
7 384
7 242
7 322
7 499
7 106
7 178
7 326
7 97
7 164
7 455
7 452
7 355
8 90
8 215
8 254
8 441
8 139
8 91
8 236
8 36
8 282
8 9
8 484
8 223
8 225
8 407
8 204
8 151
8 294
8 264
9 96
9 490
9 101
9 153
9 43
9 13
9 131
9 120
9 241
9 471
9 99
9 403
9 314
9 233
9 193
9 88
9 443
9 54
9 332
9 414
9 487
9 127
9 475
9 129
9 476
9 419
9 119
9 188
10 110
10 273
10 277
10 118
10 258
10 454
10 351
10 406
10 140
10 35
10 462
10 107
10 416
10 299
10 293
10 235
10 352
10 391
10 265
10 344
10 343
10 355
10 98
10 120
10 23
10 306
10 386
10 68
10 404
11 121
11 424
11 365
11 439
11 149
11 492
11 274
11 497
11 406
11 151
11 43
11 200
11 89
11 23
11 486
11 103
11 407
11 114
11 480
11 248
11 94
12 211
12 437
12 332
12 57
12 497
12 75
12 33
12 34
12 484
12 203
12 289
12 410
12 13
12 132
12 73
12 308
12 317
12 20
12 374
12 450
12 201
12 225
12 86
12 283
12 14
12 102
12 339
12 406
13 70
13 214
13 260
13 78
13 249
13 161
13 262
13 168
13 410
13 208
13 118
13 305
13 225
13 437
13 222
13 445
13 447
13 364
13 343
13 321
13 59
13 381
13 497
13 27
13 478
14 487
14 303
14 486
14 434
14 149
14 396
14 408
14 204
14 397
14 314
14 150
14 483
14 373
14 344
14 112
14 68
14 165
14 259
14 69
14 384
14 225
14 70
14 224
14 312
14 101
14 174
14 193
14 88
14 471
14 241
15 453
15 52
15 50
15 383
15 118
15 435
15 468
15 414
15 163
15 389
15 336
15 194
15 377
15 379
15 66
15 296
15 204
15 442
15 167
15 182
15 244
16 21
16 168
16 47
16 364
16 389
16 434
16 328
16 213
16 249
16 91
16 296
16 308
16 494
16 400
16 399
16 269
16 105
16 83
16 176
16 312
16 485
16 67
16 363
16 437
16 49
16 373
16 246
16 420
17 105
17 86
17 138
17 347
17 152
17 100
17 280
17 498
17 32
17 94
17 154
17 332
17 252
17 150
17 404
17 308
17 480
17 429
17 195
17 35
17 340
18 126
18 190
18 197
18 120
18 95
18 474
18 45
18 70
18 52
18 25
18 332
18 313
18 336
18 201
18 334
18 192
18 87
18 296
18 437
18 162
18 486
18 406
19 144
19 390
19 287
19 410
19 134
19 221
19 366
19 74
19 436
19 300
19 409
19 485
19 495
19 441
19 30
20 498
20 26
20 375
20 188
20 349
20 85
20 238
20 179
20 260
20 376
20 465
20 386
20 275
20 108
20 81
20 313
20 74
20 173
20 293
20 333
20 281
20 214
20 166
20 273
20 365
20 290
21 146
21 144
21 57
21 441
21 320
21 241
21 140
21 251
21 305
21 481
21 440
21 466
21 108
21 443
21 491
21 87
21 486
21 159
21 368
21 27
21 45
21 210
21 255
21 222
21 239
22 338
22 370
22 138
22 423
22 364
22 235
22 287
22 130
22 353
22 395
22 182
22 436
22 141
22 250
22 257
22 198
22 386
22 55
22 82
22 147
23 365
23 165
23 354
23 436
23 381
23 385
23 452
23 141
23 246
23 48
23 63
23 207
23 313
23 117
23 120
23 293
23 201
23 251
23 149
23 181
24 148
24 435
24 437
24 302
24 446
24 121
24 388
24 358
24 450
24 261
24 469
24 101
24 283
24 205
24 328
24 60
24 206
24 486
24 198
24 425
24 291
24 164
24 38
25 237
25 472
25 275
25 482
25 125
25 255
25 226
25 229
25 154
25 432
25 238
25 31
25 248
25 304
25 82
25 167
25 427
25 347
25 153
25 319
25 269
25 413
25 116
25 146
25 159
25 351
25 174
25 61
26 62
26 72
26 196
26 471
26 215
26 401
26 415
26 451
26 450
26 268
26 472
26 370
26 344
26 144
26 187
26 135
26 153
26 287
26 406
26 296
26 216
26 91
26 289
27 482
27 338
27 347
27 41
27 484
27 382
27 331
27 132
27 116
27 490
27 436
27 163
27 165
27 248
27 367
27 284
27 404
27 253
27 222
27 86
27 39
27 101
27 447
27 439
27 73
27 31
27 280
27 249
27 92
27 227
27 481
27 376
27 115
27 401
28 68
28 318
28 313
28 434
28 165
28 437
28 233
28 350
28 357
28 420
28 295
28 270
28 328
28 75
28 176
28 387
28 388
28 217
28 442
28 359
28 160
28 278
28 125
29 442
29 241
29 327
29 309
29 282
29 439
29 66
29 171
29 499
29 208
29 146
29 217
29 475
29 54
29 435
29 323
29 229
29 233
29 352
29 448
29 268
29 239
29 132
29 60
29 316
29 213
30 226
30 93
30 215
30 333
30 58
30 420
30 38
30 424
30 482
30 345
30 299
30 301
30 109
30 146
30 249
30 196
30 35
30 102
30 403
30 86
30 133
30 229
30 401
30 325
30 78
31 273
31 127
31 196
31 448
31 245
31 286
31 241
31 276
31 283
31 322
31 249
31 254
31 278
31 468
31 92
31 185
31 379
31 57
31 43
31 455
31 122
31 348
31 123
31 189
31 97
31 175
31 98
31 326
31 101
31 490
31 335
31 428
32 245
32 185
32 292
32 299
32 483
32 263
32 440
32 194
32 489
32 344
32 280
32 458
32 354
33 400
33 223
33 152
33 264
33 39
33 284
33 287
33 376
33 162
33 144
33 274
33 429
33 454
33 151
33 267
33 90
33 438
33 189
33 307
33 484
33 280
33 214
34 105
34 53
34 93
34 224
34 44
34 324
34 357
34 270
34 220
34 485
34 361
34 427
34 223
34 312
34 71
34 264
34 450
34 352
34 308
34 57
34 171
34 435
34 208
34 397
34 237
34 46
34 366
34 243
35 407
35 443
35 473
35 387
35 332
35 382
35 418
35 267
35 174
35 254
35 283
35 111
35 112
35 153
35 42
35 36
35 325
35 62
35 366
36 73
36 137
36 61
36 487
36 298
36 492
36 192
36 123
36 318
36 134
36 286
36 410
36 41
36 489
36 110
36 374
36 303
36 268
36 166
36 164
36 414
36 468
36 386
36 390
36 461
36 475
36 378
36 198
36 381
36 476
37 366
37 75
37 217
37 215
37 463
37 196
37 122
37 245
37 76
37 350
37 39
37 267
37 56
37 469
37 45
37 425
37 294
37 482
37 369
37 108
37 317
37 470
37 138
38 494
38 310
38 251
38 281
38 384
38 149
38 371
38 221
38 490
38 132
38 295
38 311
38 194
38 394
38 253
38 347
38 367
38 280
38 419
38 102
38 158
38 496
39 348
39 140
39 351
39 354
39 492
39 452
39 236
39 217
39 462
39 243
39 330
39 363
39 41
39 226
39 259
39 56
39 370
39 498
39 158
39 97
39 223
39 109
39 87
39 246
39 432
39 345
40 102
40 331
40 312
40 171
40 377
40 476
40 348
40 240
40 168
40 105
40 494
40 474
40 42
40 80
40 369
40 247
40 249
40 353
40 235
40 217
41 163
41 194
41 96
41 166
41 463
41 359
41 292
41 64
41 180
41 114
41 274
41 210
41 116
41 420
41 124
41 321
41 357
41 173
41 264
42 375
42 187
42 118
42 370
42 280
42 314
42 233
42 102
42 147
42 283
42 395
42 199
42 252
42 133
42 140
42 363
42 459
42 84
42 117
42 341
42 176
42 250
42 434
42 312
42 440
43 171
43 49
43 63
43 99
43 366
43 320
43 324
43 370
43 333
43 84
43 352
43 266
43 458
43 182
43 68
43 425
43 159
43 81
43 446
43 322
43 162
43 104
43 382
43 103
43 312
44 60
44 341
44 449
44 247
44 322
44 63
44 241
44 65
44 343
44 330
44 263
44 297
44 200
44 245
44 250
44 223
44 207
44 293
44 45
44 320
44 108
44 352
44 316
44 447
44 72
44 407
44 239
44 285
44 252
44 212
45 305
45 202
45 193
45 134
45 148
45 369
45 190
45 401
45 176
45 261
45 187
45 474
45 225
45 281
45 360
45 113
45 455
45 213
45 92
45 283
45 449
45 224
46 91
46 473
46 128
46 247
46 351
46 73
46 352
46 471
46 418
46 458
46 495
46 72
46 202
46 459
46 110
46 214
46 276
46 115
46 70
46 221
46 472
46 296
46 145
46 421
46 393
46 252
46 319
46 439
47 197
47 402
47 80
47 162
47 399
47 235
47 443
47 289
47 268
47 349
47 363
47 463
47 401
47 354
47 259
47 468
47 417
47 161
47 94
47 140
47 254
48 187
48 481
48 158
48 222
48 426
48 65
48 99
48 266
48 439
48 323
48 263
48 488
48 118
48 194
48 205
48 180
48 476
48 356
48 52
48 90
48 384
48 179
49 285
49 241
49 330
49 453
49 67
49 171
49 154
49 143
49 359
49 63
49 220
49 288
49 377
49 413
49 196
49 156
49 181
50 338
50 407
50 384
50 353
50 70
50 205
50 344
50 300
50 421
50 121
50 456
50 193
50 120
50 182
50 143
50 213
50 267
50 172
50 245
50 364
50 354
50 359
50 434
50 95
51 260
51 167
51 457
51 171
51 314
51 213
51 57
51 354
51 387
51 432
51 300
51 234
51 487
51 217
51 110
51 353
51 125
51 418
51 94
51 295
51 108
51 230
51 334
51 332
51 104
51 244
51 352
51 237
51 465
51 478
52 450
52 143
52 490
52 349
52 451
52 347
52 195
52 457
52 277
52 294
52 160
52 499
52 214
52 381
52 130
52 478
52 270
52 62
52 92
52 329
52 85
52 69
52 330
52 74
52 468
53 398
53 244
53 407
53 99
53 462
53 90
53 344
53 336
53 116
53 190
53 441
53 77
53 74
53 412
53 83
53 185
53 122
54 318
54 78
54 326
54 407
54 476
54 382
54 388
54 184
54 95
54 398
54 137
54 334
54 401
54 487
54 426
54 84
54 372
55 399
55 491
55 451
55 413
55 188
55 211
55 385
55 394
55 220
55 256
55 446
55 336
55 74
55 153
55 412
55 384
55 279
55 362
55 68
56 245
56 233
56 272
56 206
56 416
56 401
56 497
56 161
56 83
56 224
56 381
56 156
56 115
56 398
56 173
56 329
56 109
56 236
56 476
56 128
56 481
56 105
56 133
56 239
56 455
57 356
57 466
57 383
57 303
57 494
57 68
57 340
57 451
57 335
57 328
57 422
57 76
57 197
57 228
57 112
57 230
57 116
57 93
57 192
57 438
57 342
57 92
57 225
57 290
57 336
57 373
58 416
58 402
58 123
58 388
58 266
58 298
58 187
58 271
58 225
58 124
58 484
58 439
58 335
58 434
58 430
58 461
58 213
58 389
58 153
58 338
58 309
58 306
58 346
58 332
58 494
58 75
58 82
58 103
59 408
59 97
59 234
59 484
59 196
59 462
59 399
59 188
59 67
59 492
59 266
59 285
59 356
59 309
59 378
59 494
59 335
59 131
59 112
59 247
59 443
59 320
60 480
60 117
60 479
60 400
60 132
60 433
60 71
60 101
60 435
60 292
60 349
60 227
60 311
60 226
60 143
60 326
60 235
60 295
60 451
60 497
60 387
60 215
60 316
60 195
60 436
60 82
60 221
61 365
61 477
61 170
61 362
61 373
61 439
61 461
61 174
61 436
61 418
61 210
61 136
61 408
61 115
61 105
61 454
61 499
61 481
61 470
61 400
61 465
61 251
61 316
61 399
61 286
61 475
61 416
61 241
62 376
62 460
62 83
62 224
62 207
62 467
62 131
62 326
62 348
62 400
62 67
62 191
62 493
62 313
62 98
62 459
62 345
62 386
63 220
63 91
63 441
63 326
63 425
63 327
63 382
63 483
63 360
63 171
63 190
63 84
63 107
63 474
63 487
63 85
63 140
63 159
63 218
64 342
64 198
64 482
64 256
64 293
64 397
64 209
64 173
64 371
64 200
64 302
64 84
64 387
64 428
64 462
65 200
65 71
65 331
65 209
65 98
65 427
65 146
65 75
65 369
65 357
65 409
65 425
65 175
65 79
65 204
65 335
65 257
65 297
65 334
65 488
65 88
65 456
66 208
66 452
66 435
66 79
66 181
66 295
66 69
66 379
66 225
66 348
66 273
66 130
66 125
66 255
66 145
66 278
66 296
66 488
66 200
66 115
66 297
66 292
66 436
66 384
67 239
67 169
67 370
67 121
67 199
67 189
67 72
67 364
67 361
67 151
67 206
67 397
67 224
68 194
68 284
68 128
68 115
68 178
68 205
68 383
68 453
68 288
68 244
68 379
68 275
68 141
68 114
68 299
68 206
68 110
68 139
68 480
68 368
68 274
69 234
69 166
69 439
69 113
69 158
69 349
69 440
69 143
69 119
69 88
69 480
69 209
69 133
69 212
69 290
69 205
69 81
69 450
69 459
69 263
69 210
69 386
69 226
69 296
70 156
70 151
70 480
70 104
70 169
70 311
70 157
70 294
70 489
70 338
70 91
70 387
70 367
70 276
70 77
70 274
70 161
71 363
71 398
71 122
71 279
71 424
71 316
71 114
71 228
71 370
71 467
71 83
71 99
71 141
71 406
71 216
71 480
71 286
71 301
71 393
71 273
71 350
72 325
72 189
72 90
72 379
72 81
72 430
72 381
72 112
72 208
72 276
72 452
72 199
72 151
72 221
72 420
72 301
72 274
72 316
72 451
72 300
72 80
72 389
73 81
73 194
73 282
73 136
73 243
73 137
73 412
73 472
73 74
73 102
73 369
73 372
73 98
73 157
73 461
73 398
73 263
73 148
73 240
74 474
74 316
74 440
74 456
74 103
74 168
74 425
74 131
74 201
74 472
74 473
74 418
74 216
74 155
74 204
74 393
74 446
74 402
74 347
74 405
74 290
74 105
74 320
74 323
74 229
74 304
74 382
74 295
74 193
75 121
75 331
75 195
75 174
75 254
75 252
75 462
75 436
75 104
75 231
75 122
75 93
75 187
76 98
76 204
76 121
76 277
76 463
76 241
76 149
76 175
76 411
76 131
76 337
76 129
76 333
76 249
76 305
76 110
76 84
77 392
77 157
77 299
77 352
77 495
77 366
77 343
77 272
77 483
77 303
77 260
77 281
77 385
77 108
77 393
77 198
77 377
77 457
77 440
77 111
77 297
77 82
77 93
77 446
78 360
78 295
78 85
78 180
78 398
78 240
78 423
78 129
78 97
78 183
78 481
78 221
78 456
78 356
78 177
78 226
78 230
78 435
78 331
78 345
78 195
78 463
78 350
78 317
78 290
79 234
79 96
79 214
79 338
79 466
79 238
79 383
79 213
79 456
79 422
79 277
79 242
79 452
79 405
79 487
79 313
80 458
80 440
80 192
80 287
80 189
80 351
80 122
80 495
80 294
80 129
80 403
80 478
80 274
80 234
80 311
80 379
80 231
80 97
80 496
81 179
81 303
81 243
81 147
81 330
81 391
81 291
81 392
81 470
81 103
81 446
81 276
81 238
81 453
81 403
81 308
81 365
81 386
81 497
81 406
82 238
82 93
82 121
82 461
82 229
82 210
82 497
82 407
82 117
82 473
82 377
82 201
82 124
82 351
82 442
82 186
83 382
83 360
83 123
83 206
83 478
83 411
83 454
83 118
83 399
83 189
83 133
83 447
83 370
83 171
83 134
83 371
83 280
83 219
83 193
83 215
83 170
83 349
84 98
84 416
84 471
84 378
84 228
84 443
84 176
84 397
84 425
84 194
84 406
84 252
84 95
84 123
84 91
84 330
84 352
84 464
85 177
85 311
85 411
85 468
85 113
85 466
85 213
85 486
85 452
85 227
85 266
86 119
86 171
86 203
86 192
86 435
86 406
86 110
86 237
86 162
86 496
86 287
86 459
86 324
86 461
86 333
86 120
86 417
86 278
87 186
87 330
87 264
87 208
87 183
87 231
87 140
87 191
87 311
87 380
87 181
87 451
87 316
87 283
87 364
87 461
87 478
87 165
87 443
88 371
88 370
88 91
88 97
88 197
88 397
88 228
88 440
88 168
88 417
88 120
88 359
88 492
88 111
88 90
88 346
88 329
88 93
88 200
88 98
88 137
88 323
88 487
88 409
88 368
88 472
88 219
88 216
89 323
89 154
89 353
89 295
89 439
89 285
89 451
89 199
89 475
89 296
89 106
89 443
90 334
90 386
90 365
90 140
90 407
90 238
90 494
90 245
90 396
90 459
91 118
91 202
91 188
91 165
91 183
91 322
91 355
91 408
91 471
91 289
91 410
91 485
91 224
91 469
91 295
91 115
91 340
91 143
91 136
91 148
91 266
92 224
92 400
92 440
92 363
92 312
92 143
92 155
92 331
92 392
92 468
92 150
92 285
92 183
92 231
93 273
93 162
93 403
93 492
93 120
93 313
93 116
93 449
93 145
93 384
93 376
93 311
93 132
93 135
93 459
93 196
93 429
93 138
93 260
94 266
94 189
94 304
94 301
94 136
94 273
94 170
94 436
94 150
94 290
94 357
94 299
94 117
94 468
94 325
94 287
94 186
94 491
94 329
94 133
95 208
95 416
95 389
95 360
95 331
95 180
95 345
95 187
95 319
95 272
95 110
95 353
96 142
96 475
96 311
96 358
96 441
96 195
96 490
96 315
96 300
96 201
96 221
96 359
96 198
97 426
97 463
97 293
97 390
97 400
97 454
97 126
97 266
97 416
97 418
97 499
97 113
97 387
97 139
97 259
97 127
97 483
97 475
97 217
98 315
98 328
98 196
98 227
98 167
98 268
98 377
98 426
98 137
98 367
98 430
98 336
98 175
98 289
98 202
98 220
99 167
99 367
99 442
99 227
99 159
99 151
99 144
99 323
99 263
99 332
99 272
99 417
99 485
99 126
99 474
99 301
99 255
99 455
99 299
99 422
99 388
100 497
100 243
100 186
100 280
100 119
100 390
100 427
100 233
100 114
100 171
100 330
100 140
100 154
100 201
100 317
101 113
101 298
101 150
101 268
101 143
101 464
101 355
101 401
101 383
101 357
101 499
101 114
101 126
101 315
101 205
101 420
101 253
101 394
102 465
102 190
102 325
102 177
102 320
102 332
102 287
102 146
102 476
102 429
102 375
102 132
102 188
102 297
102 495
102 117
103 217
103 373
103 325
103 288
103 495
103 490
103 269
103 230
103 456
103 184
103 294
103 431
103 196
103 238
103 319
103 292
103 471
103 177
104 383
104 242
104 475
104 471
104 252
104 426
104 212
104 428
104 488
104 457
104 348
104 177
104 200
104 410
104 107
104 467
104 256
105 113
105 376
105 404
105 301
105 285
105 377
105 133
105 224
105 112
105 202
105 308
105 484
105 445
105 177
105 435
105 246
105 289
105 441
105 236
106 205
106 245
106 190
106 385
106 266
106 428
106 340
106 330
106 325
106 143
106 148
106 407
107 283
107 200
107 278
107 186
107 250
107 188
107 168
107 182
107 161
107 375
107 305
107 452
107 331
107 406
107 405
107 204
107 193
108 404
108 139
108 358
108 445
108 148
108 427
108 269
108 132
108 435
108 277
108 470
108 458
108 223
108 416
108 144
108 177
108 118
108 350
108 302
109 198
109 417
109 217
109 494
109 481
109 354
109 426
109 231
109 369
109 378
109 399
109 286
109 485
109 303
109 454
109 356
109 288
109 266
109 332
109 116
109 226
109 321
109 158
109 420
109 165
109 294
109 390
109 452
110 493
110 446
110 483
110 268
110 198
110 221
110 356
110 496
110 171
110 398
110 294
110 248
110 415
110 286
110 321
110 230
110 207
110 372
110 405
110 292
111 452
111 192
111 214
111 208
111 274
111 285
111 136
111 138
111 295
111 366
111 117
111 132
111 171
111 232
111 458
111 367
112 139
112 169
112 331
112 201
112 480
112 465
112 497
112 165
112 258
112 128
112 137
112 133
112 229
112 321
112 114
112 470
112 188
112 287
112 221
112 209
112 340
112 386
112 309
112 473
112 438
113 183
113 271
113 203
113 449
113 225
113 285
113 319
113 446
113 451
113 277
113 314
113 118
113 378
113 437
113 368
113 242
113 204
113 359
113 195
113 288
113 135
113 442
113 401
113 380
114 467
114 245
114 390
114 256
114 329
114 389
114 260
114 488
114 166
114 443
114 431
114 437
114 327
114 477
114 290
114 266
114 177
114 197
114 421
114 494
114 310
115 276
115 492
115 130
115 189
115 386
115 222
115 245
115 442
115 455
115 288
115 227
115 410
115 358
115 346
115 248
115 357
115 203
115 200
115 380
115 239
115 413
115 444
115 233
115 255
115 389
116 227
116 311
116 132
116 368
116 438
116 179
116 350
116 319
116 168
116 498
116 337
116 278
116 173
116 231
116 130
116 427
117 156
117 369
117 391
117 254
117 481
117 423
117 136
117 188
117 444
117 177
117 164
117 458
117 395
117 447
117 469
117 142
117 499
117 131
117 355
117 404
118 199
118 349
118 260
118 123
118 483
118 282
118 451
118 297
118 425
118 207
118 180
118 466
118 437
118 442
118 315
118 388
118 125
118 243
118 406
119 420
119 354
119 265
119 418
119 415
119 232
119 249
119 141
119 155
119 338
119 497
119 198
119 434
119 409
119 244
119 235
119 154
119 398
119 123
119 149
120 360
120 403
120 193
120 149
120 447
120 131
120 316
120 269
120 153
120 220
120 363
120 482
120 492
120 451
120 267
120 279
120 277
121 338
121 438
121 197
121 345
121 361
121 295
121 256
121 370
121 310
121 486
121 177
121 419
121 357
121 242
121 308
121 296
122 282
122 427
122 208
122 416
122 358
122 173
122 351
122 125
122 384
122 228
122 460
122 487
122 347
122 412
122 433
122 355
122 391
122 489
122 288
122 214
123 169
123 342
123 153
123 194
123 274
123 134
123 181
123 238
123 211
123 178
123 193
123 132
123 133
123 482
123 335
123 339
123 284
123 297
123 226
123 347
123 424
123 327
124 367
124 343
124 314
124 469
124 331
124 273
124 174
124 178
124 143
124 127
124 402
124 284
124 288
124 335
124 270
124 452
125 216
125 477
125 484
125 126
125 488
125 349
125 361
125 433
125 411
125 435
125 203
125 158
125 394
125 181
125 348
125 250
125 335
125 483
125 171
125 412
125 193
125 176
125 137
125 369
125 207
125 136
126 220
126 370
126 362
126 488
126 463
126 401
126 205
126 271
126 400
126 495
126 380
126 237
126 339
126 498
126 178
126 147
126 297
126 467
127 352
127 339
127 322
127 450
127 496
127 428
127 308
127 244
127 326
127 449
127 217
127 252
127 185
127 316
127 414
127 304
127 446
127 345
128 404
128 484
128 198
128 380
128 465
128 259
128 410
128 384
128 387
128 327
128 241
128 222
128 208
129 273
129 307
129 497
129 292
129 154
129 136
129 460
129 148
129 270
129 205
129 150
129 467
129 437
129 174
129 319
130 432
130 415
130 217
130 404
130 391
130 452
130 402
130 254
130 396
130 256
130 453
130 132
130 326
131 414
131 263
131 270
131 353
131 448
131 453
131 349
131 303
131 254
131 443
131 255
131 419
132 360
132 213
132 469
132 242
132 303
132 485
132 193
132 151
132 489
132 266
132 162
132 365
132 406
132 269
132 499
132 153
132 312
132 456
132 362
132 183
132 248
132 383
133 310
133 424
133 404
133 344
133 351
133 452
133 480
133 192
133 479
133 170
133 198
133 253
133 484
133 254
133 144
133 407
133 346
134 322
134 315
134 312
134 323
134 276
134 245
134 156
134 157
134 344
134 442
134 279
134 310
134 372
134 214
134 216
134 453
134 251
134 404
134 292
134 155
134 343
134 204
134 471
135 273
135 139
135 360
135 351
135 390
135 326
135 221
135 206
135 171
135 407
135 434
135 431
135 444
135 303
135 342
135 339
135 187
135 406
135 168
135 200
135 160
135 229
136 419
136 375
136 414
136 142
136 185
136 369
136 340
136 253
136 155
136 204
136 168
136 310
136 373
136 163
136 451
136 216
136 294
136 266
137 446
137 298
137 303
137 345
137 192
137 479
137 485
137 174
137 243
137 223
137 283
137 374
137 324
137 371
137 171
138 328
138 321
138 203
138 447
138 478
138 219
138 337
138 178
138 291
138 296
138 490
138 179
138 253
138 392
138 185
138 202
138 361
138 142
138 336
138 436
139 373
139 384
139 196
139 430
139 211
139 492
139 238
139 395
139 462
139 357
139 322
140 191
140 225
140 367
140 289
140 482
140 215
140 365
140 207
140 342
140 355
140 361
140 485
140 449
140 416
141 201
141 441
141 309
141 303
141 286
141 448
141 456
141 214
141 159
141 410
141 312
141 368
141 183
141 318
141 243
141 145
141 241
141 248
142 180
142 165
142 405
142 396
142 415
142 292
142 363
142 387
142 303
142 219
142 420
142 143
142 187
142 168
142 367
142 393
142 377
142 412
143 465
143 428
143 248
143 493
143 338
143 386
143 181
143 335
143 479
143 354
143 305
143 224
144 321
144 254
144 319
144 252
144 259
144 341
144 207
144 298
144 340
144 295
144 404
144 147
144 380
144 374
144 178
145 281
145 374
145 412
145 494
145 411
145 413
145 247
145 177
145 482
145 296
145 371
145 190
145 194
145 481
145 240
145 250
145 365
145 445
145 386
146 338
146 292
146 148
146 389
146 431
146 442
146 335
146 248
146 420
146 196
146 476
146 221
147 324
147 202
147 223
147 199
147 183
147 385
147 179
147 328
147 194
147 481
147 274
147 412
147 294
147 463
147 284
147 375
147 323
148 252
148 156
148 254
148 291
148 380
148 408
148 201
148 392
148 375
148 379
148 346
148 265
148 274
148 434
148 325
148 193
148 347
149 289
149 365
149 464
149 311
149 390
149 433
149 209
149 402
149 377
149 308
149 217
149 313
149 274
150 498
150 414
150 384
150 351
150 202
150 272
150 231
150 471
150 259
150 158
150 190
150 189
150 454
150 407
150 287
151 252
151 449
151 356
151 387
151 368
151 406
151 384
151 179
151 484
151 332
151 322
151 458
151 278
151 275
151 375
151 228
151 460
151 199
151 294
151 385
151 416
151 205
151 371
152 432
152 353
152 306
152 257
152 156
152 336
152 484
152 327
152 272
152 175
152 303
152 419
152 348
152 491
152 186
152 405
152 487
152 490
152 450
153 439
153 395
153 336
153 380
153 449
153 430
153 421
153 281
153 179
153 316
153 265
153 237
153 197
153 267
153 425
153 243
154 342
154 172
154 396
154 305
154 392
154 285
154 175
154 177
154 477
154 235
154 161
154 399
154 370
154 281
154 491
155 285
155 353
155 166
155 365
155 387
155 341
155 401
155 268
155 259
155 161
156 169
156 236
156 424
156 301
156 273
156 463
156 331
156 321
156 337
156 416
156 201
156 234
156 384
156 379
156 388
157 249
157 215
157 411
157 247
157 357
157 456
157 428
157 325
157 305
157 162
157 252
158 255
158 326
158 179
158 246
158 190
158 420
158 496
158 488
158 215
158 272
158 321
158 424
159 365
159 470
159 205
159 303
159 401
159 323
159 458
159 386
159 406
159 283
159 340
159 232
159 271
159 432
159 215
159 481
159 461
159 195
159 326
159 304
159 370
159 245
159 469
159 210
159 219
159 267
159 193
160 308
160 257
160 328
160 370
160 222
160 285
160 258
160 403
160 278
160 409
160 436
160 266
161 467
161 399
161 220
161 393
161 169
161 226
161 295
161 259
161 422
161 231
162 491
162 464
162 206
162 411
162 389
162 430
162 193
162 282
162 284
162 231
162 198
162 365
162 276
162 271
162 273
162 407
162 304
162 215
163 329
163 234
163 346
163 340
163 211
163 223
163 225
163 299
163 496
163 273
163 269
163 317
163 407
163 391
163 279
163 384
163 342
163 341
163 331
164 239
164 242
164 404
164 190
164 485
164 227
164 467
164 344
164 462
164 439
164 195
164 219
164 479
164 486
164 277
164 394
164 361
164 488
164 429
164 494
164 226
164 476
165 224
165 186
165 187
165 387
165 397
165 420
165 228
165 417
165 245
165 279
166 450
166 277
166 441
166 310
166 405
166 374
166 461
166 298
166 283
166 309
166 321
166 303
166 353
167 410
167 355
167 408
167 427
167 429
167 418
167 332
167 388
167 450
167 480
167 299
167 326
167 459
167 370
167 272
167 361
167 171
167 497
167 483
168 357
168 253
168 238
168 309
168 382
168 202
168 211
168 462
168 180
168 226
168 208
168 377
168 429
168 346
169 315
169 471
169 267
169 316
169 461
169 229
169 382
169 332
169 240
169 420
169 441
169 371
169 412
170 284
170 198
170 334
170 461
170 287
170 212
170 430
170 218
170 413
170 201
170 260
170 466
170 187
170 379
170 307
170 350
170 320
171 206
171 406
171 203
171 495
171 380
171 271
171 306
171 199
171 277
171 335
171 422
171 263
171 194
171 210
171 454
171 389
171 460
172 335
172 250
172 245
172 302
172 199
172 343
172 349
172 298
172 359
172 315
172 460
172 292
172 429
172 277
172 193
173 186
173 338
173 204
173 491
173 451
173 480
173 434
173 189
173 414
173 303
173 352
173 487
173 358
173 367
174 408
174 375
174 466
174 419
174 185
174 351
174 234
174 318
174 309
174 349
174 429
174 177
174 254
174 356
174 325
174 373
174 304
174 403
174 328
174 203
175 301
175 332
175 266
175 338
175 467
175 388
175 402
175 379
175 478
175 417
175 277
175 408
175 450
175 330
175 485
175 337
176 233
176 227
176 436
176 385
176 383
176 455
176 496
176 225
176 324
176 325
176 374
176 403
176 312
176 414
176 432
176 488
176 298
176 299
177 224
177 215
177 281
177 499
177 487
177 264
177 388
177 379
177 310
177 400
177 323
177 422
177 490
177 420
177 414
177 416
177 230
177 250
178 227
178 375
178 370
178 362
178 237
178 423
178 209
178 307
178 336
178 352
178 475
178 328
179 306
179 366
179 317
179 422
179 379
179 241
179 308
179 357
179 477
179 240
179 227
179 395
179 189
179 234
179 447
179 307
179 460
179 365
179 238
180 255
180 433
180 332
180 278
180 492
180 409
180 229
180 368
180 484
180 187
180 359
180 250
180 340
180 494
181 325
181 412
181 442
181 465
181 463
181 289
181 457
181 443
181 227
181 371
181 230
181 188
181 375
182 255
182 253
182 484
182 441
182 356
182 463
182 186
182 357
182 457
182 479
182 337
182 227
182 420
182 234
183 375
183 307
183 347
183 440
183 281
183 390
183 445
183 286
183 460
183 263
183 303
183 422
183 266
183 245
183 391
183 480
183 434
184 401
184 357
184 372
184 499
184 466
184 291
184 465
184 449
184 265
184 230
184 334
184 197
184 424
184 241
184 429
185 437
185 350
185 475
185 413
185 224
185 488
185 493
185 207
186 262
186 408
186 406
186 462
186 490
186 329
186 312
186 222
186 390
186 431
186 233
186 465
186 277
186 278
186 316
186 451
186 307
186 469
187 370
187 326
187 219
187 386
187 398
187 456
187 341
187 207
187 212
187 448
187 449
187 360
187 292
187 328
188 410
188 300
188 336
188 424
188 335
188 228
188 439
188 395
188 311
188 302
188 376
188 195
188 455
188 214
188 316
188 224
188 197
188 461
188 396
188 272
189 466
189 395
189 190
189 348
189 319
189 491
189 450
189 299
189 427
189 298
189 249
189 336
189 408
189 221
189 232
189 312
189 461
190 492
190 297
190 322
190 498
190 240
190 319
190 394
190 447
190 409
190 424
190 262
190 487
191 318
191 297
191 447
191 237
191 218
191 254
191 209
191 205
191 462
191 240
191 408
191 220
191 345
191 298
191 365
192 209
192 382
192 267
192 408
192 349
192 194
192 422
192 460
192 439
192 283
192 242
192 288
192 376
192 456
192 328
192 411
192 466
192 213
193 372
193 205
193 287
193 360
193 260
193 263
193 218
193 429
193 402
193 215
193 279
194 248
194 497
194 391
194 493
194 239
194 277
194 378
194 495
194 464
194 337
194 227
194 334
194 402
195 275
195 389
195 354
195 362
195 289
195 269
195 460
195 256
195 215
195 395
195 274
195 438
195 304
195 198
195 263
195 214
195 292
195 280
195 278
195 405
195 231
196 382
196 390
196 344
196 219
196 268
196 470
196 318
196 254
196 313
196 247
196 329
196 456
196 252
197 425
197 395
197 324
197 272
197 491
197 288
197 264
197 317
197 210
197 377
197 204
197 347
197 462
197 392
197 398
197 416
197 266
197 454
197 429
198 466
198 391
198 201
198 246
198 213
198 376
198 400
198 374
198 390
198 210
198 235
198 362
198 476
199 275
199 285
199 323
199 442
199 202
199 278
199 435
199 422
199 319
199 316
199 307
199 497
199 229
199 457
199 361
199 330
199 245
199 210
199 488
199 392
200 233
200 254
200 286
200 363
200 389
200 376
200 419
200 388
200 337
200 212
201 355
201 439
201 422
201 445
201 266
201 395
201 256
201 420
201 351
201 233
201 483
201 210
201 278
201 240
202 389
202 312
202 429
202 205
202 307
202 249
202 232
202 213
202 217
202 208
202 337
202 465
202 406
202 284
202 365
202 331
203 242
203 468
203 413
203 458
203 415
203 374
203 272
203 329
203 300
203 305
203 496
203 375
203 285
203 448
203 497
204 367
204 330
204 388
204 345
204 340
204 295
204 361
204 223
204 383
204 253
204 492
204 215
204 270
204 416
204 358
204 316
205 241
205 292
205 375
205 482
205 338
205 245
205 209
205 395
205 380
205 281
205 394
206 360
206 452
206 441
206 336
206 365
206 358
206 481
206 384
206 344
206 404
206 259
206 485
207 381
207 496
207 222
207 327
207 477
207 482
207 226
207 404
207 218
207 399
207 484
207 302
207 341
208 227
208 429
208 311
208 399
208 260
208 302
208 403
208 437
208 256
208 408
208 259
208 330
208 455
208 367
208 425
208 435
208 239
208 278
208 295
208 345
208 400
208 257
208 331
209 252
209 454
209 439
209 319
209 412
209 273
209 312
209 384
209 295
209 278
209 250
209 462
209 283
209 308
210 368
210 222
210 394
210 340
210 424
210 288
210 245
210 496
210 396
210 473
210 367
210 313
211 441
211 452
211 263
211 459
211 248
211 484
211 404
212 441
212 403
212 408
212 361
212 336
212 438
212 405
212 375
212 260
212 244
213 279
213 218
213 343
213 273
213 359
213 420
213 271
213 401
213 402
213 323
213 223
213 496
213 274
213 299
213 353
214 256
214 436
214 352
214 246
214 355
214 338
214 391
214 395
214 265
214 347
214 358
214 438
214 343
214 447
214 398
214 310
215 225
215 253
215 285
215 384
215 230
215 375
215 307
215 262
215 449
215 399
215 491
215 420
215 468
215 349
216 474
216 280
216 432
216 463
216 239
216 359
216 266
216 439
216 330
216 404
216 366
216 233
216 444
216 300
217 355
217 354
217 247
217 380
217 298
217 460
217 270
217 439
217 473
217 444
217 324
217 341
217 382
217 289
217 222
218 354
218 361
218 428
218 392
218 404
218 393
218 459
218 425
218 317
218 341
218 303
218 405
219 280
219 407
219 300
219 438
219 452
219 222
219 335
219 470
219 426
219 418
219 340
219 368
219 497
219 323
220 327
220 388
220 409
220 494
220 443
220 469
220 241
220 315
220 309
220 268
221 399
221 230
221 370
221 238
221 262
221 408
221 260
221 343
221 419
221 497
221 366
221 247
221 352
221 476
221 428
222 310
222 256
222 387
222 235
222 326
222 301
222 230
222 355
222 248
222 283
223 371
223 284
223 239
223 344
223 235
223 300
223 355
223 341
224 291
224 394
224 392
224 393
224 284
224 417
224 360
224 352
224 242
224 227
224 459
225 371
225 267
225 299
225 470
225 336
225 410
225 238
225 456
225 350
225 428
225 404
225 249
225 423
225 274
225 255
225 234
226 367
226 382
226 375
226 455
226 278
226 435
226 308
226 489
226 334
226 401
226 453
226 265
226 484
226 486
226 324
227 370
227 415
227 378
227 341
227 490
227 471
227 238
227 364
227 458
227 240
227 484
227 257
227 391
227 284
227 494
227 431
228 304
228 296
228 311
228 396
228 270
228 460
228 231
228 436
228 403
228 345
228 386
229 429
229 267
229 361
229 418
229 376
229 496
229 416
229 269
229 350
229 381
230 437
230 233
230 278
230 485
230 317
230 418
230 394
230 483
230 346
230 320
230 408
230 264
230 260
230 357
230 443
230 372
230 425
231 437
231 463
231 355
231 399
231 362
231 352
231 480
231 329
231 392
231 234
231 259
231 427
231 286
231 264
231 340
232 483
232 425
232 391
232 492
232 452
232 346
232 245
232 285
232 383
232 470
233 291
233 265
233 491
233 413
233 409
233 235
233 236
233 457
233 447
233 256
233 264
234 276
234 422
234 478
234 468
234 439
234 358
234 270
234 368
234 414
234 253
234 240
234 398
234 297
234 309
234 325
234 372
234 332
234 423
234 409
234 410
235 460
235 369
235 471
235 321
235 403
235 477
235 499
235 302
235 314
235 260
235 245
235 414
235 268
235 261
235 347
236 377
236 453
236 490
236 375
236 393
236 489
236 333
236 265
236 272
236 452
236 270
236 482
236 258
237 347
237 253
237 459
237 420
237 432
237 334
237 472
237 254
237 332
237 336
237 473
237 478
237 345
238 432
238 408
238 264
238 376
238 479
238 322
238 243
238 499
238 384
238 451
238 350
239 363
239 330
239 399
239 410
239 315
239 245
239 350
239 378
240 408
240 315
240 335
240 258
240 352
240 268
240 304
240 398
240 348
240 453
240 261
240 465
240 291
240 247
241 451
241 313
241 471
241 286
241 295
241 249
241 367
242 305
242 398
242 378
242 456
242 269
242 447
242 449
242 494
242 314
242 329
242 331
242 328
243 312
243 493
243 376
243 278
243 260
243 273
243 382
243 394
243 379
243 323
243 361
243 385
243 373
243 316
243 348
244 425
244 263
244 292
244 333
244 451
244 273
245 253
245 260
245 433
245 401
245 305
245 318
245 431
245 498
245 349
245 284
245 489
245 246
246 270
246 495
246 410
246 335
246 300
246 370
246 445
246 479
246 306
246 478
246 251
246 345
246 418
247 255
247 340
247 440
247 407
247 394
247 415
247 431
247 397
247 325
247 349
247 283
248 315
248 381
248 420
248 383
248 391
248 338
248 294
248 472
248 330
248 497
249 386
249 400
249 413
249 253
249 488
249 379
249 317
249 293
249 363
249 481
249 320
249 254
249 344
249 484
249 265
249 291
249 410
249 368
249 472
249 296
249 458
250 265
250 273
250 280
250 309
250 430
250 479
250 403
250 283
250 491
250 319
250 354
251 470
251 350
251 334
251 431
251 349
251 472
251 429
251 430
251 413
251 253
251 370
251 395
251 448
251 392
251 377
251 341
251 424
252 318
252 464
252 343
252 355
252 475
252 317
252 285
252 439
252 493
252 354
252 350
252 282
252 442
252 351
252 490
253 449
253 359
253 474
253 290
253 484
253 268
253 402
253 307
253 288
253 434
253 461
253 478
253 447
254 446
254 357
254 275
254 291
254 497
254 360
254 432
254 353
254 340
254 388
254 375
255 426
255 336
255 421
255 489
255 447
255 408
255 466
255 258
255 349
255 271
255 322
255 265
256 459
256 452
256 378
256 493
256 368
256 403
256 402
256 260
256 347
256 285
256 317
257 290
257 389
257 399
257 258
257 457
257 297
257 337
257 283
257 454
257 420
257 265
257 483
257 489
258 335
258 412
258 416
258 297
258 338
258 264
258 342
258 259
258 438
258 400
258 276
258 282
258 372
258 368
259 281
259 297
259 289
259 435
259 343
259 306
259 454
259 394
259 471
259 268
259 269
259 304
259 312
259 365
260 312
260 279
260 495
260 494
260 322
260 277
260 429
260 440
260 410
260 262
260 452
261 359
261 263
261 430
261 441
261 420
261 407
261 339
262 466
262 429
262 388
262 378
262 464
262 413
262 294
262 433
262 392
262 442
263 381
263 278
263 481
263 438
263 401
263 294
263 313
263 339
263 486
263 498
263 314
263 451
264 495
264 410
264 434
264 389
264 369
264 464
264 439
264 471
264 477
264 498
264 493
264 421
264 484
264 462
264 359
264 362
265 347
265 285
265 384
265 441
265 466
265 386
265 385
265 410
265 463
265 314
265 432
265 343
265 298
265 413
266 414
266 324
266 291
266 379
266 342
266 332
266 382
266 289
266 300
266 469
266 428
266 349
267 343
267 412
267 338
267 463
267 387
267 473
267 442
267 410
267 418
267 308
267 490
267 425
268 341
268 270
268 442
268 336
268 305
269 484
269 499
269 357
269 404
269 429
269 330
270 287
270 355
270 362
270 285
270 424
270 298
270 436
270 356
270 338
270 307
270 314
271 295
271 350
271 297
271 277
271 289
271 471
272 307
272 382
272 349
272 383
272 400
272 362
272 471
272 459
272 389
272 487
273 316
273 472
273 349
273 305
273 358
273 359
273 381
273 306
273 350
274 485
274 378
274 318
274 442
274 416
274 475
274 370
274 288
274 415
275 432
275 351
275 295
275 419
275 437
275 293
275 477
275 450
275 461
276 310
276 345
276 384
276 475
276 440
276 422
276 386
276 285
277 410
277 287
277 464
277 351
277 366
277 446
277 420
277 482
277 462
277 306
277 334
278 361
278 280
278 371
278 320
278 498
278 424
278 327
278 304
278 458
278 499
279 382
279 288
279 425
279 281
279 387
279 333
279 433
280 319
280 334
280 346
280 406
280 485
280 384
280 465
281 470
281 345
281 497
281 483
281 433
281 372
281 494
281 449
282 291
282 329
282 433
282 495
282 367
282 289
282 328
282 490
282 406
282 373
282 292
282 484
282 339
282 400
282 349
282 451
283 311
283 409
283 395
283 344
283 381
283 480
283 405
283 496
283 339
283 455
284 428
284 346
284 461
284 293
284 426
284 377
284 309
284 480
284 476
284 294
285 393
285 442
285 478
285 299
285 331
285 494
285 425
285 420
285 290
286 321
286 399
286 372
286 353
286 357
286 308
286 371
286 364
286 292
286 456
286 419
287 296
287 412
287 381
287 395
287 370
287 453
287 417
288 494
288 378
288 412
288 373
288 437
288 319
288 433
288 298
288 424
289 349
289 307
289 302
289 312
289 495
290 441
290 405
290 327
290 449
290 452
290 453
290 450
290 348
290 451
290 337
290 473
290 468
290 402
291 464
291 376
291 425
291 321
291 365
291 429
291 330
291 401
291 311
291 448
291 297
291 495
291 418
292 413
292 371
292 446
292 445
292 300
292 357
292 312
292 366
292 416
292 336
293 426
293 384
293 478
293 317
293 335
293 425
293 367
293 439
293 436
293 330
293 498
293 457
293 481
293 327
293 354
293 394
293 430
294 340
294 296
294 370
294 472
294 436
294 483
294 443
295 388
295 446
295 390
295 471
295 444
295 499
295 363
295 402
295 441
295 367
296 377
296 362
296 305
296 371
296 364
296 390
296 334
296 299
296 393
296 419
296 438
297 485
297 465
297 301
297 299
297 340
297 303
297 495
297 315
297 328
297 354
297 338
297 480
297 489
297 449
298 382
298 420
298 499
298 414
298 463
298 498
298 387
298 497
298 411
299 413
299 476
299 353
299 439
299 384
299 482
299 477
299 420
299 347
299 446
299 451
299 407
300 412
300 436
300 362
300 471
300 340
301 411
301 351
301 425
301 334
301 357
301 380
301 449
301 454
301 432
301 364
301 439
302 321
302 375
302 464
302 350
302 304
302 452
302 482
302 414
302 428
303 491
303 383
303 457
303 319
303 381
303 359
303 432
303 332
304 328
304 493
304 483
304 417
304 436
304 468
304 385
304 453
304 394
304 354
304 409
305 350
305 327
305 488
305 474
305 321
305 487
305 345
305 390
305 389
305 374
305 400
306 464
306 345
306 313
306 350
306 406
306 392
306 322
306 403
306 448
307 415
307 453
307 450
307 312
307 423
307 394
307 367
307 476
307 441
307 421
307 347
307 431
308 463
308 355
309 419
309 471
309 405
309 397
309 339
309 475
309 350
310 353
310 385
310 329
310 468
310 319
310 444
310 357
310 404
310 453
310 476
311 313
311 476
311 409
311 357
311 369
311 399
311 470
311 443
312 348
312 346
312 340
312 380
312 395
312 495
312 434
312 314
313 498
313 460
313 346
313 394
313 338
313 467
313 431
313 458
313 409
314 450
314 384
314 402
314 466
314 414
314 482
314 455
315 488
315 320
315 457
315 454
315 481
315 323
315 453
315 358
315 366
315 489
315 352
315 373
315 476
316 360
316 319
316 483
316 339
316 497
316 377
316 368
317 446
317 466
317 469
317 338
317 460
317 377
317 443
317 425
318 436
318 352
318 429
318 474
318 320
318 451
318 453
318 421
318 471
318 349
318 338
318 465
318 442
319 362
319 417
319 424
319 447
319 438
319 320
319 414
319 393
320 391
320 357
320 414
320 435
320 488
320 343
320 466
320 370
320 396
320 451
320 332
321 359
321 372
321 425
321 401
321 377
321 378
321 333
321 371
321 334
321 402
321 338
322 450
322 406
322 330
322 333
322 443
322 342
322 365
322 463
322 368
322 431
322 494
322 489
322 470
322 442
323 366
323 343
323 393
323 395
323 483
323 479
323 489
323 487
323 325
323 438
323 364
323 448
323 455
324 353
324 390
324 465
324 425
324 472
324 391
325 335
325 461
325 352
325 397
325 436
325 376
325 424
325 482
325 373
325 362
326 342
326 447
326 459
326 454
326 419
326 423
327 354
327 439
327 494
327 366
327 404
328 364
328 421
328 453
328 356
328 381
328 423
328 436
328 446
328 377
328 341
328 496
328 329
328 479
329 371
329 348
329 422
329 342
329 340
329 494
329 487
330 384
330 484
330 413
330 361
330 381
330 367
330 386
330 495
330 458
330 390
330 476
331 433
331 343
331 405
331 478
331 444
332 337
332 340
332 371
332 416
332 456
332 430
332 458
333 386
333 411
333 453
333 479
333 490
333 463
333 443
333 420
333 345
333 367
333 354
334 362
334 355
334 357
334 425
334 336
334 404
334 485
334 455
334 358
335 384
335 403
335 426
335 449
335 444
335 447
335 474
335 401
335 389
336 467
336 387
336 355
336 354
336 403
336 497
336 342
336 402
336 361
337 418
337 357
337 444
337 408
337 441
337 412
338 411
338 387
338 482
338 461
338 439
338 448
338 498
338 408
338 382
339 439
339 441
339 486
339 377
339 351
339 473
339 464
340 462
340 453
340 489
340 387
340 413
340 369
341 402
341 474
341 369
341 482
341 393
341 352
342 408
342 347
342 434
342 446
342 392
342 448
342 393
342 418
342 497
342 483
342 496
342 455
343 476
343 422
343 457
344 371
344 445
344 365
344 447
344 489
344 353
344 487
345 461
345 348
345 478
345 474
345 450
345 398
345 458
345 434
346 348
346 491
346 489
346 466
346 476
347 495
347 411
347 392
347 441
348 486
348 390
348 352
348 449
349 441
349 374
349 420
349 377
349 386
349 393
349 497
349 405
350 440
350 417
350 383
350 367
350 392
350 476
350 471
350 395
350 373
350 451
350 412
350 380
351 419
351 436
351 366
351 362
351 447
351 367
351 398
351 426
351 499
351 428
351 494
351 399
352 423
352 382
352 395
352 358
352 362
352 472
352 465
353 443
353 358
353 384
353 475
353 399
353 355
353 479
353 386
354 482
354 429
354 396
354 459
354 426
354 383
354 393
354 419
354 451
354 485
355 491
355 400
355 370
355 462
355 368
355 426
355 455
355 364
355 450
355 404
356 375
356 491
356 488
356 370
356 469
356 365
356 432
356 379
356 496
357 422
357 410
357 372
357 449
357 492
357 369
357 390
357 478
358 407
358 444
358 486
358 454
358 426
359 433
359 410
359 440
359 415
359 401
359 365
359 458
359 383
359 431
359 389
360 439
360 447
360 473
360 445
360 412
360 449
361 438
361 436
361 398
361 368
361 447
361 437
362 487
362 377
362 406
362 476
362 452
362 469
362 497
363 391
363 396
363 394
363 484
363 427
364 476
364 396
364 458
364 462
364 420
365 467
365 413
365 486
365 448
365 384
365 382
366 472
366 448
366 489
366 399
366 417
366 383
366 370
366 397
366 403
367 390
367 403
367 485
367 443
367 413
367 388
367 433
367 387
367 444
367 477
368 404
368 462
368 381
368 489
368 475
368 370
369 391
369 449
369 394
369 416
369 397
369 434
370 395
370 480
371 413
371 447
371 404
371 438
371 453
372 409
372 481
372 464
373 449
373 488
373 447
373 459
373 422
373 428
374 451
374 395
374 430
374 382
374 469
374 482
374 488
374 492
374 487
374 462
374 384
375 385
375 410
375 491
375 434
375 471
375 401
375 384
376 483
376 413
376 484
376 467
377 412
377 404
377 445
377 420
377 490
378 447
378 446
378 434
378 475
378 478
378 481
378 452
378 430
378 492
378 423
379 466
380 403
380 462
380 388
380 469
380 481
381 443
381 459
381 436
381 488
381 423
381 421
381 393
382 450
382 383
382 493
382 408
382 430
382 488
382 496
382 481
382 416
383 469
383 387
383 441
383 453
384 466
384 408
384 434
384 400
385 440
385 391
385 458
385 476
385 434
385 413
385 464
385 392
385 477
385 426
386 401
386 453
386 482
386 455
386 411
386 492
387 475
387 393
387 432
387 391
388 466
388 421
388 456
388 396
389 391
389 409
389 395
389 392
389 431
390 441
390 452
390 412
391 393
391 435
391 494
391 430
392 394
392 429
392 428
393 460
393 497
393 430
393 395
393 414
393 394
394 420
394 487
394 404
394 447
395 414
395 463
395 486
395 496
396 400
396 472
396 407
396 447
396 471
396 426
396 486
396 399
397 467
397 443
397 455
397 489
397 444
398 464
398 404
398 439
399 420
399 434
399 444
399 478
400 448
400 445
400 457
400 458
400 483
400 462
401 445
401 489
402 467
402 405
402 479
403 416
403 474
403 420
403 481
403 470
404 499
404 497
405 414
405 473
406 496
406 465
406 490
406 438
407 488
407 448
407 438
407 426
407 466
407 409
408 460
408 424
408 438
408 422
409 435
409 448
409 434
409 426
409 480
410 482
410 412
410 481
411 413
412 447
412 414
412 474
412 457
412 426
413 496
413 497
413 469
413 440
414 429
415 425
415 468
415 492
415 458
415 477
416 489
416 488
417 439
417 478
418 425
418 460
418 470
418 466
418 441
419 493
419 421
419 434
420 422
420 447
420 431
421 456
421 458
421 432
421 427
421 480
421 460
422 464
422 473
422 433
423 474
423 495
424 495
424 444
424 437
424 446
425 492
425 451
425 472
425 438
425 468
426 455
426 466
426 476
426 471
426 479
427 451
427 471
427 470
428 438
428 434
428 433
429 465
429 477
430 479
430 447
430 476
430 434
430 433
431 467
431 499
431 472
431 484
431 448
431 436
432 484
433 447
433 445
434 486
435 486
436 458
437 441
437 461
437 498
437 486
438 484
438 455
438 451
439 493
439 442
439 496
440 471
440 495
440 494
440 464
441 457
441 464
442 475
442 492
443 460
443 477
443 463
444 490
444 464
444 466
445 476
445 448
446 455
447 453
448 454
448 467
449 483
450 466
450 491
451 462
451 485
452 485
452 482
453 481
454 490
454 468
454 458
455 494
455 479
457 477
458 493
458 495
458 472
458 476
459 472
459 461
459 466
459 460
460 468
460 473
461 491
461 464
461 493
462 497
462 483
464 475
465 490
465 496
466 479
467 477
468 483
469 484
469 486
471 484
471 496
472 481
472 483
473 479
473 492
474 485
475 486
476 481
477 489
477 480
478 482
479 492
479 487
480 484
481 487
482 486
484 498
485 494
485 488
487 496
489 491
495 498
497 498
