VERTICES = 500
EDGES = 6500
0 466
0 210
0 62
0 85
0 468
0 110
0 476
0 189
0 3
0 340
0 257
0 446
0 425
0 214
0 348
0 317
0 413
0 454
0 114
0 35
0 455
0 4
0 205
0 228
0 297
0 306
0 125
0 83
0 445
0 132
0 118
0 106
0 408
0 312
0 63
0 489
0 262
1 335
1 161
1 19
1 107
1 292
1 134
1 87
1 118
1 279
1 446
1 384
1 229
1 238
1 54
1 74
1 230
1 319
1 245
1 55
1 271
1 226
1 236
1 359
1 265
1 203
1 149
1 358
2 256
2 23
2 363
2 327
2 321
2 11
2 148
2 425
2 136
2 410
2 284
2 456
2 378
2 473
2 389
2 116
2 78
2 342
2 126
2 110
2 170
2 357
2 82
2 90
2 426
2 411
3 227
3 272
3 106
3 102
3 304
3 19
3 345
3 175
3 484
3 250
3 17
3 430
3 367
3 421
3 160
3 219
3 343
3 262
3 368
3 149
3 51
3 231
3 448
3 202
3 451
4 133
4 34
4 234
4 325
4 456
4 209
4 55
4 344
4 153
4 398
4 152
4 204
4 226
4 49
4 151
4 469
4 128
4 314
4 142
4 368
4 208
4 394
4 12
4 171
4 67
4 129
4 480
4 319
4 82
4 84
5 74
5 314
5 43
5 108
5 187
5 477
5 186
5 304
5 138
5 324
5 18
5 239
5 10
5 227
5 70
5 157
5 368
5 285
5 201
6 148
6 313
6 47
6 211
6 321
6 74
6 310
6 191
6 131
6 152
6 168
6 304
6 136
6 54
6 444
6 212
6 132
6 458
6 83
6 371
6 347
6 38
6 356
6 303
6 258
6 289
6 16
6 404
6 312
7 367
7 417
7 222
7 95
7 126
7 265
7 185
7 255
7 180
7 440
7 213
7 355
7 479
7 349
7 467
7 93
7 9
7 407
7 66
7 483
7 68
7 414
7 172
7 427
8 38
8 414
8 184
8 124
8 220
8 109
8 26
8 296
8 9
8 193
8 98
8 302
8 214
8 173
8 125
8 352
8 452
8 376
8 287
8 290
8 423
8 283
8 21
8 464
8 485
9 91
9 496
9 359
9 486
9 154
9 184
9 346
9 126
9 233
9 452
9 205
9 185
9 437
9 420
9 200
9 349
9 97
9 114
9 11
9 98
9 329
9 77
9 470
9 33
9 253
10 375
10 381
10 37
10 168
10 261
10 302
10 224
10 191
10 113
10 327
10 250
10 314
10 367
10 161
11 27
11 413
11 159
11 229
11 368
11 132
11 86
11 115
11 182
11 328
11 45
11 282
11 496
11 204
11 147
11 354
11 437
11 233
11 465
11 31
11 281
11 125
11 190
11 278
11 123
11 289
11 348
11 429
11 460
11 296
12 446
12 73
12 229
12 22
12 464
12 176
12 107
12 118
12 38
12 381
12 357
12 82
12 328
12 401
12 412
12 155
12 158
12 42
12 49
12 367
12 270
12 184
12 47
12 188
12 122
12 108
13 454
13 139
13 435
13 213
13 138
13 227
13 263
13 253
13 148
13 378
13 223
13 344
13 53
13 482
13 355
13 365
13 353
13 161
13 292
13 108
13 133
13 233
13 366
14 417
14 414
14 268
14 273
14 97
14 395
14 85
14 321
14 41
14 467
14 377
14 29
14 484
14 299
14 185
14 462
14 432
14 49
14 439
14 300
14 107
14 481
14 216
14 478
14 133
14 320
14 28
14 69
15 346
15 147
15 383
15 123
15 455
15 228
15 349
15 159
15 176
15 499
15 393
15 129
15 17
15 107
15 142
15 78
15 388
15 437
15 235
16 96
16 414
16 478
16 465
16 182
16 395
16 170
16 175
16 408
16 254
16 28
16 336
16 18
16 452
16 230
16 258
16 102
16 448
16 379
16 225
16 481
16 50
16 52
16 252
16 71
16 487
16 236
16 491
17 40
17 464
17 244
17 67
17 19
17 115
17 219
17 456
17 328
17 451
17 299
17 69
17 480
17 325
17 321
17 178
17 435
17 131
17 224
17 171
17 284
17 140
17 432
17 59
18 312
18 322
18 114
18 55
18 31
18 282
18 313
18 475
18 24
18 498
18 401
18 135
18 136
18 145
18 154
18 436
18 367
18 372
18 19
18 101
18 222
18 316
18 106
18 456
18 240
18 293
18 342
19 466
19 474
19 268
19 220
19 266
19 384
19 42
19 424
19 245
19 308
19 262
19 128
19 281
19 66
19 133
19 124
19 341
19 229
19 357
19 448
19 175
19 123
19 374
19 43
19 317
19 329
19 289
19 400
19 176
19 181
20 149
20 54
20 418
20 425
20 153
20 390
20 283
20 482
20 150
20 160
20 264
20 157
20 486
20 326
20 226
20 271
20 334
20 338
20 357
20 451
20 490
20 52
21 356
21 270
21 218
21 91
21 141
21 463
21 489
21 178
21 305
21 59
21 40
21 149
21 333
21 319
21 225
21 67
21 232
21 414
21 102
22 36
22 157
22 48
22 462
22 71
22 265
22 234
22 92
22 185
22 217
22 436
22 274
22 461
22 287
22 124
22 75
22 272
22 207
22 454
22 449
22 155
22 62
22 432
22 30
22 44
22 423
22 126
22 313
22 401
22 229
22 190
22 292
22 42
23 41
23 301
23 313
23 34
23 424
23 337
23 441
23 114
23 195
23 57
23 201
23 276
23 221
23 143
23 259
23 155
23 27
23 231
23 134
24 493
24 363
24 308
24 109
24 319
24 269
24 378
24 157
24 191
24 404
24 371
24 482
24 297
24 374
24 447
24 280
24 136
24 72
24 85
24 464
24 78
24 153
24 433
24 325
24 198
24 177
25 178
25 441
25 264
25 184
25 44
25 192
25 331
25 488
25 158
25 492
25 499
25 481
25 213
25 388
25 299
25 457
25 92
25 205
25 466
25 220
25 270
25 107
25 403
25 364
25 203
25 288
26 400
26 425
26 111
26 396
26 317
26 352
26 420
26 139
26 409
26 118
26 342
26 214
26 397
26 278
26 250
26 362
26 150
26 92
27 258
27 165
27 278
27 484
27 430
27 236
27 413
27 380
27 71
27 40
27 373
27 398
27 32
27 166
27 363
27 170
27 322
27 121
27 214
27 381
27 132
27 483
27 353
27 54
27 113
27 275
27 472
28 274
28 44
28 279
28 53
28 188
28 447
28 422
28 266
28 91
28 99
28 342
28 86
28 200
28 62
28 159
28 82
28 139
28 240
28 413
28 374
28 463
28 172
28 149
28 453
29 264
29 472
29 371
29 247
29 335
29 303
29 97
29 197
29 376
29 495
29 73
29 438
29 237
29 425
29 445
29 457
29 172
29 362
29 112
29 120
29 357
29 287
29 351
29 317
29 226
30 116
30 366
30 152
30 310
30 421
30 449
30 275
30 367
30 130
30 103
30 423
30 479
30 184
30 321
30 35
30 170
30 216
30 353
30 104
30 424
30 429
30 276
30 175
30 484
31 113
31 427
31 196
31 379
31 404
31 47
31 46
31 248
31 409
31 226
31 284
31 121
31 268
31 302
31 489
31 416
31 387
31 149
31 475
31 283
31 374
31 282
31 127
31 421
31 41
31 245
31 430
31 425
31 72
32 82
32 350
32 116
32 123
32 259
32 425
32 199
32 206
32 184
32 285
32 376
32 442
32 138
32 316
32 406
32 202
32 227
32 475
32 112
32 52
32 167
32 62
32 51
32 111
33 461
33 36
33 364
33 171
33 274
33 237
33 429
33 60
33 116
33 296
33 163
33 392
33 340
33 208
33 101
33 81
33 342
33 449
33 246
33 38
33 360
33 50
33 463
33 199
33 352
33 142
33 412
33 146
34 66
34 487
34 471
34 93
34 181
34 174
34 483
34 484
34 363
34 399
34 60
34 409
34 367
34 200
34 353
34 153
34 415
34 230
34 445
34 239
34 389
34 411
34 489
34 225
35 333
35 167
35 106
35 362
35 251
35 480
35 316
35 234
35 453
35 113
35 192
35 320
35 254
35 383
35 357
35 408
35 195
35 396
35 78
35 353
35 214
35 118
35 38
35 151
35 441
36 287
36 485
36 186
36 216
36 137
36 180
36 407
36 322
36 241
36 86
36 181
36 295
36 172
36 135
36 126
36 222
36 85
36 106
36 233
36 480
36 60
36 473
36 330
37 405
37 197
37 67
37 361
37 434
37 77
37 80
37 263
37 493
37 266
37 278
37 177
37 407
37 230
37 54
37 288
37 89
37 196
37 408
37 71
37 391
37 468
37 84
37 141
38 259
38 298
38 499
38 281
38 359
38 369
38 195
38 67
38 487
38 249
38 198
38 137
38 116
38 360
38 153
38 42
38 295
38 247
38 230
38 276
38 277
38 482
38 91
38 477
38 76
38 378
39 213
39 419
39 466
39 433
39 382
39 323
39 88
39 70
39 73
39 427
39 76
39 174
39 448
39 460
39 71
39 443
39 319
39 377
39 479
40 253
40 276
40 49
40 335
40 138
40 461
40 93
40 416
40 224
40 46
40 193
40 226
40 297
40 161
40 354
40 320
40 213
40 243
40 267
40 408
40 405
40 454
40 481
40 374
40 69
40 435
41 464
41 183
41 227
41 427
41 334
41 499
41 312
41 303
41 120
41 64
41 108
41 483
41 467
41 338
41 344
41 358
41 82
41 75
41 84
41 73
41 150
41 359
41 387
41 186
41 124
42 321
42 375
42 264
42 82
42 456
42 483
42 362
42 223
42 344
42 83
42 480
42 192
42 423
42 115
42 365
42 143
42 243
42 43
42 46
43 353
43 138
43 403
43 225
43 193
43 96
43 295
43 260
43 389
43 349
43 360
43 402
43 413
43 419
43 380
43 407
43 136
44 199
44 236
44 287
44 467
44 204
44 121
44 172
44 239
44 499
44 116
44 491
44 339
44 249
44 102
44 377
44 328
44 185
44 442
44 280
44 490
44 247
45 423
45 354
45 223
45 71
45 216
45 363
45 47
45 445
45 323
45 80
45 160
45 484
45 361
45 318
45 207
45 316
45 148
46 347
46 223
46 183
46 298
46 68
46 319
46 345
46 246
46 236
46 98
46 257
46 85
46 311
46 125
46 438
46 480
46 341
46 113
46 382
47 252
47 321
47 173
47 355
47 200
47 280
47 219
47 223
47 141
47 215
47 478
47 329
47 360
47 416
47 412
47 145
47 475
47 461
47 387
47 189
47 446
47 314
47 463
47 456
47 394
48 189
48 71
48 274
48 180
48 85
48 481
48 261
48 143
48 473
48 67
48 245
48 57
48 278
48 276
48 452
48 262
48 293
48 366
48 398
48 226
48 288
48 265
48 200
48 322
48 432
48 343
48 251
48 220
48 403
48 249
49 189
49 461
49 210
49 485
49 462
49 469
49 404
49 80
49 170
49 329
49 110
49 216
49 389
49 101
49 293
49 138
49 465
49 328
49 450
49 73
49 99
50 319
50 489
50 197
50 429
50 391
50 473
50 244
50 442
50 385
50 94
50 123
50 199
50 451
50 220
50 495
50 253
50 290
50 340
50 109
50 343
50 128
50 455
50 487
50 364
50 474
50 139
50 184
50 421
50 341
50 167
50 325
51 477
51 76
51 230
51 267
51 227
51 152
51 343
51 487
51 54
51 70
51 189
51 356
51 229
51 456
51 396
51 437
51 272
51 228
51 165
51 168
51 182
51 264
51 463
51 224
51 431
52 400
52 438
52 331
52 274
52 175
52 420
52 135
52 395
52 168
52 285
52 176
52 344
52 74
52 343
52 452
52 188
52 256
52 275
52 198
52 463
52 229
52 213
53 395
53 119
53 104
53 163
53 70
53 377
53 484
53 109
53 131
53 243
53 156
53 314
53 146
53 383
53 398
53 474
53 467
53 171
53 77
53 223
53 308
53 252
53 321
53 54
53 397
53 329
54 217
54 391
54 190
54 446
54 370
54 470
54 225
54 395
54 142
54 416
54 128
54 55
54 56
54 170
54 141
54 437
54 346
55 190
55 399
55 483
55 281
55 374
55 172
55 410
55 228
55 242
55 171
55 287
55 129
55 137
55 195
55 127
55 68
55 214
55 300
55 247
55 350
55 325
55 70
55 326
55 291
55 87
56 371
56 171
56 306
56 240
56 294
56 372
56 450
56 326
56 219
56 402
56 312
56 472
56 93
56 339
56 177
56 482
57 99
57 171
57 469
57 466
57 271
57 305
57 309
57 284
57 312
57 408
57 363
57 160
57 163
57 200
57 141
58 256
58 297
58 223
58 307
58 409
58 137
58 244
58 428
58 397
58 473
58 110
58 126
58 483
58 234
58 239
58 398
58 480
58 309
58 182
58 329
58 318
58 205
58 131
58 387
58 95
58 100
58 323
58 366
58 195
58 89
58 381
59 412
59 467
59 486
59 414
59 188
59 433
59 176
59 401
59 445
59 157
59 421
59 379
59 367
59 435
59 126
59 98
59 208
59 265
59 142
59 448
60 341
60 98
60 276
60 256
60 228
60 300
60 130
60 142
60 105
60 315
60 340
60 385
60 64
60 451
60 78
60 363
60 337
60 388
60 224
60 472
60 375
60 328
60 459
60 218
60 147
60 443
60 401
60 83
60 76
60 115
61 496
61 63
61 147
61 222
61 317
61 468
61 391
61 441
61 276
61 158
61 334
61 412
61 382
61 156
61 361
61 145
61 459
61 293
61 342
61 368
61 435
61 485
61 392
61 186
61 320
61 151
62 270
62 348
62 442
62 453
62 138
62 396
62 226
62 375
62 238
62 196
62 462
62 342
62 479
62 324
62 315
62 364
63 448
63 460
63 151
63 157
63 235
63 419
63 234
63 117
63 395
63 352
63 467
63 145
63 407
63 416
63 177
63 275
63 64
63 466
63 189
63 251
64 151
64 277
64 482
64 361
64 203
64 219
64 415
64 417
64 136
64 242
64 320
64 273
64 223
64 169
64 180
64 435
64 403
64 367
64 378
64 372
64 187
64 202
64 113
64 206
64 85
64 450
64 229
64 265
65 241
65 72
65 204
65 388
65 220
65 248
65 201
65 409
65 77
65 96
65 189
65 87
65 283
65 164
65 174
65 106
65 466
65 290
65 294
65 485
65 211
65 105
65 345
65 74
66 118
66 106
66 461
66 227
66 412
66 229
66 320
66 278
66 139
66 310
66 228
66 303
66 247
67 89
67 324
67 119
67 195
67 323
67 221
67 397
67 103
67 271
67 414
67 170
67 251
67 283
67 344
67 178
67 192
67 341
67 434
67 272
67 92
67 319
67 181
67 107
68 412
68 131
68 194
68 229
68 235
68 109
68 447
68 360
68 381
68 175
68 445
68 492
68 358
68 473
68 334
68 363
68 495
68 185
68 275
68 409
68 81
68 70
69 496
69 292
69 82
69 438
69 237
69 275
69 224
69 498
69 411
69 363
69 259
69 482
69 353
69 442
69 79
69 253
69 165
69 80
69 452
69 122
70 206
70 151
70 246
70 431
70 280
70 374
70 232
70 302
70 499
70 411
70 85
70 81
70 498
70 407
70 461
70 317
70 271
70 292
70 105
70 183
70 343
70 291
70 364
70 488
70 289
70 406
71 137
71 363
71 168
71 139
71 126
71 399
71 114
71 277
71 247
71 199
71 436
71 108
71 246
71 296
71 110
71 207
71 273
71 411
71 124
71 175
72 275
72 242
72 395
72 161
72 141
72 136
72 352
72 210
72 377
72 406
72 219
72 362
72 117
72 358
72 389
72 285
73 205
73 401
73 250
73 334
73 112
73 367
73 206
73 202
73 213
73 163
73 474
73 291
73 248
73 261
73 167
73 380
73 160
73 355
73 176
73 216
73 201
73 443
73 91
73 439
74 165
74 447
74 316
74 189
74 136
74 371
74 412
74 423
74 252
74 478
74 435
74 297
74 112
74 283
74 94
74 186
74 408
74 317
74 194
74 215
74 135
74 312
74 499
74 436
75 399
75 211
75 255
75 121
75 495
75 269
75 326
75 207
75 486
75 337
75 160
75 206
75 383
75 278
75 204
75 197
75 471
75 487
75 352
75 104
76 277
76 480
76 204
76 320
76 129
76 319
76 291
76 210
76 391
76 193
76 356
76 119
76 416
76 180
76 99
76 340
77 288
77 275
77 285
77 224
77 359
77 478
77 235
77 310
77 101
77 320
77 362
77 425
77 106
77 311
77 400
77 460
77 341
77 373
77 185
77 225
77 129
77 127
77 220
77 327
78 327
78 312
78 349
78 84
78 479
78 403
78 269
78 431
78 310
78 258
78 335
78 300
78 142
78 402
78 147
78 329
78 340
78 496
78 208
78 466
78 182
78 439
78 227
78 482
78 228
78 289
79 91
79 105
79 488
79 92
79 433
79 249
79 316
79 427
79 228
79 183
79 397
79 244
79 186
79 435
79 111
79 152
79 308
79 413
79 359
79 277
79 375
79 103
80 341
80 153
80 178
80 431
80 107
80 250
80 379
80 365
80 129
80 473
80 259
80 307
80 252
80 257
80 125
80 316
80 102
80 378
80 335
80 392
80 456
80 210
80 449
80 143
80 402
80 232
80 493
80 206
81 246
81 446
81 291
81 413
81 307
81 399
81 422
81 96
81 252
81 128
81 145
81 492
81 83
81 224
81 189
81 334
81 257
82 464
82 194
82 432
82 107
82 471
82 210
82 228
82 153
82 212
82 229
82 423
82 265
82 363
82 84
82 139
82 346
82 254
82 190
82 264
82 262
82 397
82 341
82 321
82 176
82 178
83 320
83 190
83 105
83 397
83 125
83 300
83 318
83 348
83 143
83 461
83 284
83 434
83 313
83 362
83 427
83 107
83 341
83 303
83 408
83 399
84 178
84 432
84 369
84 266
84 377
84 306
84 492
84 204
84 212
84 274
84 97
84 296
84 379
84 191
84 414
84 412
84 137
84 122
84 124
84 401
84 324
85 299
85 395
85 188
85 421
85 356
85 456
85 365
85 350
85 474
85 108
85 352
85 127
85 288
85 244
85 323
85 193
85 275
85 241
85 116
85 130
85 480
85 213
85 220
85 491
86 319
86 436
86 444
86 166
86 413
86 459
86 346
86 461
86 293
86 139
86 242
86 127
86 463
86 457
86 408
86 452
86 345
86 496
86 326
86 120
86 455
86 267
86 402
86 200
86 484
86 260
86 253
86 313
87 124
87 253
87 208
87 413
87 277
87 130
87 163
87 452
87 292
87 261
87 478
87 450
87 183
87 376
87 141
87 193
87 391
87 266
87 252
87 449
88 164
88 235
88 247
88 358
88 421
88 313
88 434
88 482
88 287
88 161
88 459
88 458
88 407
88 318
88 315
88 432
88 215
88 112
88 175
88 320
88 125
89 200
89 247
89 480
89 491
89 430
89 129
89 477
89 151
89 206
89 189
89 196
89 162
89 269
89 120
89 370
89 368
89 203
89 485
89 428
89 436
89 359
89 377
89 97
89 100
90 270
90 375
90 348
90 163
90 238
90 360
90 452
90 475
90 116
90 431
90 324
90 101
90 278
90 249
90 286
90 96
90 208
90 180
90 273
90 133
90 290
90 433
90 231
90 428
90 107
90 355
90 418
90 362
90 328
90 467
91 260
91 464
91 101
91 481
91 183
91 265
91 483
91 394
91 173
91 489
91 171
91 392
91 499
91 176
91 130
91 362
91 237
91 417
91 353
91 405
91 166
91 228
91 469
92 339
92 260
92 214
92 349
92 429
92 381
92 369
92 269
92 484
92 443
92 150
92 301
92 265
92 228
92 424
92 400
92 273
93 458
93 419
93 278
93 126
93 441
93 338
93 470
93 332
93 349
93 277
93 109
93 463
93 409
93 132
93 456
93 138
93 237
94 182
94 215
94 435
94 390
94 407
94 137
94 389
94 474
94 292
94 457
94 250
94 258
94 448
94 211
94 388
94 495
94 259
94 225
94 434
95 151
95 360
95 324
95 311
95 485
95 152
95 212
95 379
95 390
95 245
95 283
95 197
95 173
95 331
95 158
95 224
95 253
95 125
95 354
95 133
95 149
95 207
95 417
95 319
95 363
95 452
96 438
96 122
96 220
96 149
96 345
96 277
96 421
96 483
96 286
96 461
96 182
96 266
96 221
96 317
96 118
96 196
96 282
96 352
97 303
97 282
97 192
97 434
97 411
97 316
97 378
97 445
97 369
97 460
97 381
97 477
97 424
97 260
97 405
97 449
97 428
97 222
97 305
98 232
98 182
98 481
98 189
98 331
98 165
98 188
98 274
98 482
98 307
98 230
98 213
98 352
98 411
98 243
98 320
98 266
98 249
98 323
98 101
99 457
99 231
99 131
99 349
99 282
99 186
99 166
99 217
99 162
99 147
99 346
99 227
99 228
99 476
99 104
99 141
99 382
99 139
99 152
99 247
99 358
99 392
99 287
100 308
100 202
100 208
100 123
100 102
100 156
100 355
100 444
100 382
100 336
100 383
100 300
100 282
100 389
100 477
100 398
100 257
100 143
101 159
101 465
101 487
101 398
101 362
101 176
101 155
101 335
101 254
101 480
101 165
101 316
101 215
101 158
101 190
101 125
101 348
101 137
101 185
101 439
101 221
101 462
102 462
102 353
102 359
102 252
102 203
102 217
102 423
102 487
102 493
102 405
102 174
103 435
103 372
103 412
103 196
103 109
103 467
103 208
103 388
103 275
103 426
103 463
103 430
103 424
103 336
103 152
103 238
103 231
103 380
103 251
103 396
103 131
103 456
103 180
103 203
103 200
103 286
104 283
104 316
104 485
104 311
104 477
104 384
104 113
104 236
104 369
104 109
104 118
104 180
104 432
104 278
104 440
105 153
105 228
105 278
105 304
105 196
105 380
105 265
105 312
105 447
105 268
105 417
105 464
105 166
105 207
105 364
105 208
105 379
105 114
105 156
105 233
105 276
105 184
105 151
105 195
105 378
106 174
106 465
106 224
106 279
106 130
106 156
106 452
106 456
106 345
106 149
106 238
106 497
106 160
106 426
106 474
107 265
107 248
107 281
107 351
107 384
107 321
107 389
107 437
107 279
107 134
107 440
107 350
107 339
107 485
107 368
107 146
107 483
107 124
108 333
108 185
108 152
108 429
108 260
108 176
108 422
108 320
108 488
108 325
108 376
108 387
108 271
108 496
108 417
108 162
108 111
108 224
109 359
109 382
109 308
109 484
109 127
109 111
109 324
109 194
109 120
109 488
109 329
109 186
109 294
109 364
109 404
109 273
109 458
109 312
109 420
109 248
109 302
109 167
109 487
110 356
110 443
110 269
110 487
110 420
110 266
110 418
110 140
110 371
110 435
110 362
110 155
110 344
110 233
110 429
110 229
110 297
110 458
111 130
111 355
111 296
111 332
111 299
111 478
111 125
111 328
111 267
112 361
112 117
112 340
112 167
112 346
112 369
112 388
112 411
112 171
112 494
112 356
112 213
112 199
112 247
112 373
112 186
112 353
112 298
112 269
112 483
112 366
112 166
112 235
113 361
113 333
113 304
113 468
113 297
113 379
113 177
113 256
113 228
113 194
113 123
113 382
113 482
113 175
113 432
113 332
114 258
114 453
114 304
114 485
114 298
114 328
114 259
114 376
114 388
114 385
114 278
114 346
114 192
114 178
114 451
114 142
114 408
114 405
114 420
115 133
115 238
115 464
115 455
115 447
115 450
115 149
115 195
115 287
115 135
115 435
115 158
115 219
115 453
115 474
115 480
115 215
116 435
116 494
116 464
116 227
116 367
116 211
116 354
116 163
116 206
116 191
116 487
116 425
116 250
116 127
116 357
116 450
116 254
116 209
116 146
117 437
117 338
117 183
117 459
117 199
117 266
117 399
117 496
117 487
117 355
117 300
117 438
117 244
117 362
117 151
117 125
118 270
118 384
118 302
118 166
118 332
118 193
118 424
118 142
118 150
118 312
118 426
118 437
118 292
118 264
119 197
119 139
119 255
119 246
119 426
119 148
119 393
119 476
119 187
119 178
119 358
119 253
119 381
119 317
119 302
119 160
119 266
119 267
119 224
119 444
119 153
119 133
119 158
119 438
120 137
120 334
120 390
120 294
120 271
120 209
120 309
120 495
120 177
120 465
120 251
120 323
120 310
120 486
120 290
120 414
120 468
120 248
120 266
120 430
120 201
120 183
120 159
120 476
120 284
121 237
121 234
121 129
121 216
121 174
121 223
121 427
121 366
121 361
121 176
121 293
121 283
121 183
121 188
122 347
122 476
122 223
122 151
122 187
122 456
122 270
122 263
122 482
122 180
122 441
122 266
122 372
122 309
122 416
122 433
122 285
122 371
122 169
122 239
122 404
122 257
123 397
123 321
123 366
123 383
123 447
123 261
123 199
123 459
123 399
123 372
123 382
123 373
123 249
123 273
123 303
123 151
123 433
123 168
123 228
123 128
123 367
123 374
123 281
124 174
124 451
124 284
124 210
124 270
124 181
124 262
124 138
124 221
124 334
124 195
124 449
124 487
124 471
124 176
124 177
124 147
124 448
124 404
124 182
124 390
124 179
124 131
124 409
125 491
125 297
125 159
125 212
125 356
125 405
125 360
125 186
125 270
125 376
125 260
125 427
125 351
125 479
125 198
125 296
125 477
125 230
125 352
125 412
125 499
126 229
126 142
126 194
126 356
126 380
126 399
126 390
126 295
126 392
126 255
126 467
126 490
126 222
126 355
126 483
126 457
126 369
126 462
126 220
126 412
126 433
126 230
127 206
127 339
127 134
127 284
127 371
127 481
127 465
127 425
127 418
127 187
127 258
127 455
127 342
127 222
127 368
127 130
127 268
127 225
127 392
127 199
127 393
127 265
127 256
127 171
127 498
128 301
128 129
128 492
128 337
128 498
128 203
128 277
128 387
128 436
128 311
128 338
128 447
128 195
128 193
129 438
129 263
129 398
129 462
129 323
129 276
129 475
129 335
129 204
129 378
129 471
129 486
129 235
129 240
129 200
129 281
129 452
129 416
129 388
129 359
130 180
130 188
130 448
130 458
130 241
130 269
130 487
130 397
130 289
130 375
130 298
130 131
130 165
130 324
130 394
130 137
130 149
130 202
130 463
130 303
130 311
130 483
130 400
130 489
131 221
131 204
131 344
131 197
131 409
131 356
131 432
131 224
131 182
131 446
131 386
131 435
132 280
132 173
132 477
132 246
132 177
132 320
132 487
132 492
132 461
132 291
132 165
132 391
132 355
132 437
132 250
132 326
132 470
133 331
133 492
133 301
133 275
133 326
133 342
133 185
133 344
133 248
133 149
133 474
133 352
133 384
133 288
133 245
133 433
133 225
133 232
133 314
134 238
134 267
134 153
134 449
134 172
134 495
134 214
134 280
134 158
134 188
134 416
134 411
134 347
134 389
134 419
134 319
135 387
135 420
135 223
135 263
135 413
135 483
135 269
135 459
135 415
135 431
135 485
135 289
135 185
135 490
135 379
135 265
135 234
135 468
135 270
135 358
135 406
135 174
136 285
136 423
136 269
136 492
136 141
136 450
136 279
136 178
136 387
136 146
136 435
136 277
136 248
136 305
136 437
137 456
137 268
137 459
137 344
137 188
137 197
137 326
137 491
137 144
137 405
137 208
137 168
138 273
138 343
138 298
138 271
138 231
138 475
138 462
138 200
138 269
138 325
138 322
138 493
138 417
138 282
138 281
138 441
139 399
139 174
139 328
139 484
139 286
139 406
139 258
139 238
139 169
139 150
139 229
139 431
139 234
139 352
139 281
139 155
139 498
139 325
139 190
139 303
139 195
139 435
139 413
139 335
139 282
139 158
139 340
139 191
139 292
140 418
140 317
140 347
140 395
140 297
140 174
140 401
140 200
140 162
140 443
140 160
140 442
140 249
140 399
140 303
140 351
141 303
141 288
141 211
141 204
141 407
141 331
141 237
141 469
141 348
141 175
141 376
141 242
141 158
141 232
141 295
141 470
141 484
141 264
141 413
142 447
142 250
142 466
142 205
142 157
142 363
142 226
142 177
142 381
142 311
142 464
142 192
142 356
142 172
142 423
142 281
142 325
143 347
143 362
143 221
143 199
143 196
143 448
143 406
143 460
143 144
143 152
143 191
143 323
143 185
143 172
144 413
144 460
144 250
144 257
144 486
144 311
144 431
144 321
144 423
144 419
144 216
144 462
144 288
144 207
144 350
144 295
144 361
144 313
144 473
144 324
144 305
144 160
144 493
145 499
145 283
145 417
145 404
145 229
145 206
145 149
145 286
145 416
145 360
145 252
145 377
145 397
145 197
145 269
145 312
145 368
145 443
145 361
145 238
145 155
145 481
146 426
146 379
146 494
146 217
146 267
146 440
146 462
146 406
146 197
146 263
146 477
146 168
146 289
146 158
147 474
147 342
147 289
147 204
147 403
147 232
147 215
147 374
147 397
147 382
147 338
147 329
147 460
147 412
147 171
147 182
147 381
147 431
147 305
148 226
148 359
148 332
148 169
148 457
148 326
148 202
148 469
148 371
148 239
148 338
148 383
148 430
148 192
148 446
148 368
148 394
148 437
148 153
148 335
148 252
148 440
148 217
148 292
149 350
149 497
149 204
149 366
149 310
149 359
149 245
149 499
149 199
149 257
149 256
149 495
149 372
149 286
149 463
149 267
149 336
149 327
150 183
150 470
150 340
150 271
150 474
150 275
150 227
150 244
150 442
150 181
150 238
150 336
150 383
150 190
150 455
150 347
151 204
151 339
151 253
151 352
151 171
151 469
151 496
151 268
151 328
151 262
151 445
151 221
151 483
151 442
151 449
151 497
151 332
151 360
152 351
152 491
152 465
152 225
152 167
152 371
152 493
152 416
152 475
152 400
152 160
152 337
152 243
152 338
152 252
152 174
152 163
152 230
152 344
152 299
152 386
153 199
153 453
153 307
153 423
153 190
153 226
153 195
153 266
153 308
153 250
153 357
153 249
153 234
153 407
153 391
153 296
153 368
153 332
153 319
153 206
153 413
153 383
153 336
154 230
154 197
154 308
154 240
154 290
154 277
154 291
154 464
154 355
154 186
154 270
154 287
154 183
155 319
155 377
155 222
155 359
155 343
155 248
155 221
155 216
155 240
155 497
155 433
155 390
155 268
155 277
155 261
155 276
155 203
155 185
155 403
155 159
156 286
156 417
156 443
156 176
156 199
156 375
156 320
156 456
156 440
157 376
157 191
157 494
157 185
157 465
157 220
157 457
157 357
157 335
157 265
157 231
157 286
157 336
157 285
157 466
157 204
157 218
157 387
157 379
157 473
157 401
157 261
157 248
157 322
157 340
158 297
158 472
158 264
158 410
158 175
158 252
158 218
158 238
158 228
158 404
158 202
158 330
158 376
158 390
158 354
158 375
159 443
159 351
159 383
159 251
159 185
159 470
159 389
159 192
159 344
159 328
159 350
159 191
159 370
159 315
159 355
159 493
159 228
159 387
160 255
160 246
160 373
160 426
160 454
160 446
160 288
160 244
160 229
160 361
160 355
160 366
160 204
161 225
161 495
161 277
161 496
161 266
161 250
161 387
161 367
161 482
161 437
162 370
162 364
162 320
162 189
162 483
162 388
162 209
162 342
162 417
162 263
162 260
162 190
162 434
162 273
162 466
162 185
162 448
162 302
162 301
162 420
162 474
162 199
162 249
163 189
163 176
163 303
163 467
163 498
163 373
163 378
163 453
163 435
163 495
163 488
163 295
163 285
163 173
163 185
163 427
163 184
163 402
163 329
164 405
164 330
164 465
164 432
164 236
164 479
164 425
164 304
164 381
164 276
164 251
164 311
164 384
164 172
164 303
164 499
164 429
164 299
164 449
165 228
165 440
165 498
165 335
165 171
165 377
165 283
165 211
165 321
165 324
165 488
165 444
165 403
165 434
165 340
165 325
165 270
165 175
166 181
166 494
166 453
166 311
166 285
166 283
166 355
166 486
166 391
166 188
166 430
166 209
166 307
166 378
166 337
166 269
167 372
167 339
167 282
167 321
167 318
167 440
167 432
167 231
167 273
167 199
167 411
167 277
167 252
167 168
167 481
167 284
167 413
167 384
167 429
168 381
168 320
168 291
168 439
168 187
168 341
168 379
168 299
168 181
168 490
168 473
168 206
168 349
168 454
169 207
169 219
169 417
169 244
169 178
169 307
169 224
169 355
169 497
169 240
169 358
169 450
169 285
169 430
169 427
170 405
170 427
170 372
170 218
170 225
170 409
170 200
170 452
170 253
170 323
170 178
170 472
170 275
170 260
170 256
170 266
170 411
170 494
170 496
170 338
170 252
171 443
171 416
171 320
171 387
171 260
171 297
171 429
171 196
171 266
171 388
171 180
171 322
171 413
171 334
171 229
171 292
172 214
172 198
172 386
172 462
172 400
172 451
172 448
172 207
172 268
172 405
172 424
172 439
172 181
172 402
172 233
173 352
173 284
173 223
173 439
173 285
173 371
173 307
173 218
173 183
173 318
173 333
173 485
174 410
174 279
174 212
174 228
174 304
174 256
174 214
174 211
174 358
174 430
174 408
174 470
174 313
174 244
174 343
174 411
175 321
175 340
175 266
175 213
175 424
175 425
175 468
175 237
175 197
175 385
175 198
176 478
176 487
176 435
176 222
176 349
176 384
176 396
176 316
176 306
176 297
176 281
176 491
177 406
177 276
177 242
177 342
177 391
177 355
177 485
177 415
177 241
177 448
177 268
177 378
177 213
177 425
177 283
177 212
177 352
177 424
177 275
177 400
177 201
177 466
178 423
178 231
178 206
178 329
178 338
178 304
178 265
178 399
178 235
178 475
178 268
179 249
179 223
179 368
179 374
179 250
179 375
179 490
179 241
179 392
179 307
179 215
179 456
179 256
179 352
179 211
179 468
180 478
180 491
180 252
180 336
180 279
180 248
180 443
180 234
180 196
180 301
180 213
180 249
180 246
181 302
181 320
181 489
181 433
181 203
181 240
181 349
181 347
181 246
181 363
181 443
181 334
181 449
181 257
181 452
181 197
181 328
181 416
181 482
181 407
181 199
181 480
181 404
181 306
181 182
181 245
181 332
182 198
182 286
182 262
182 491
182 497
182 359
182 455
182 393
182 335
182 434
182 261
182 382
182 218
182 268
182 460
182 266
182 199
182 469
183 450
183 312
183 428
183 354
183 307
183 338
183 305
183 388
183 186
183 410
183 216
183 457
183 478
183 420
183 455
183 389
183 245
183 451
183 236
183 365
184 340
184 487
184 370
184 409
184 185
184 348
184 373
184 428
184 365
184 422
184 202
184 290
184 369
184 407
184 425
184 302
184 470
184 305
184 258
184 450
184 433
184 207
185 497
185 396
185 474
185 480
185 409
185 456
185 274
185 282
185 257
185 394
185 194
185 238
185 424
185 306
185 381
185 251
185 278
185 473
185 482
186 199
186 286
186 385
186 250
186 215
186 354
186 235
186 464
186 271
186 304
186 402
186 479
186 360
186 331
186 303
186 432
186 314
186 454
186 298
186 282
186 224
186 466
186 480
187 252
187 492
187 226
187 263
187 484
187 394
187 423
187 358
187 352
187 246
188 428
188 402
188 222
188 238
188 426
188 362
188 358
188 440
188 269
188 374
188 470
188 192
188 322
188 351
188 213
189 465
189 386
189 354
189 201
189 422
189 238
189 484
189 200
189 258
189 269
189 231
189 400
189 429
189 441
189 495
189 257
189 364
190 285
190 346
190 193
190 428
190 453
190 449
190 276
190 362
190 360
190 301
190 438
190 486
190 448
190 233
190 205
191 452
191 466
191 307
191 407
191 229
191 470
191 378
191 454
191 304
191 299
191 261
191 219
191 293
191 201
191 308
191 487
192 444
192 250
192 490
192 212
192 456
192 348
192 362
192 323
192 328
192 330
192 255
192 430
192 434
192 351
193 494
193 350
193 222
193 370
193 340
193 262
193 418
193 258
193 439
193 323
193 343
193 331
193 483
193 215
193 487
193 380
193 436
194 482
194 245
194 353
194 244
194 289
194 242
194 481
194 484
194 401
194 350
194 468
194 470
194 493
194 287
194 214
194 258
195 272
195 375
195 480
195 291
195 425
195 409
195 489
195 469
195 306
195 204
195 382
195 430
195 301
196 200
196 489
196 205
196 427
196 254
196 237
196 372
196 207
196 369
196 228
196 374
196 487
196 335
196 310
197 432
197 381
197 352
197 223
197 198
197 478
197 398
197 335
197 453
197 242
197 487
197 238
197 264
198 423
198 438
198 449
198 352
198 475
198 378
198 354
198 331
198 243
198 229
198 212
198 414
198 277
198 457
198 403
198 223
199 253
199 439
199 335
199 242
199 477
199 395
199 391
199 420
199 352
199 224
199 243
199 309
199 428
199 211
199 320
199 232
199 230
199 366
200 433
200 362
200 347
200 376
200 228
200 322
200 338
200 486
200 436
200 390
200 205
200 243
200 344
200 359
200 331
200 356
200 233
200 487
200 443
201 315
201 427
201 252
201 300
201 388
201 403
201 270
201 212
201 296
201 478
201 453
201 290
201 218
201 325
201 480
201 381
202 448
202 246
202 475
202 394
202 392
202 409
202 260
202 426
202 360
202 418
202 339
202 238
202 468
202 293
202 456
202 288
202 221
203 429
203 464
203 210
203 381
203 272
203 330
203 457
203 241
203 479
203 245
203 454
203 312
203 247
204 307
204 425
204 226
204 405
204 242
204 381
204 300
204 228
204 497
204 401
204 486
204 221
204 437
204 276
204 341
204 246
205 420
205 232
205 234
205 275
205 451
205 432
205 386
205 252
205 364
205 463
205 370
205 274
205 499
205 257
205 206
205 276
205 492
205 265
206 355
206 210
206 220
206 462
206 407
206 211
206 460
206 308
206 411
206 256
206 221
206 370
206 464
206 216
206 472
206 449
207 224
207 308
207 212
207 349
207 260
207 397
207 405
207 285
207 284
207 447
207 243
207 374
207 473
207 459
207 456
207 486
207 478
208 345
208 430
208 409
208 368
208 237
208 251
208 456
208 443
208 301
208 470
208 359
208 355
208 361
208 356
208 341
209 452
209 346
209 353
209 268
209 483
209 259
209 288
209 358
209 403
209 443
209 361
209 308
209 384
209 211
210 392
210 375
210 382
210 247
210 252
210 456
210 406
210 429
210 435
210 453
210 415
210 353
210 218
210 439
210 445
210 467
210 304
210 363
211 439
211 438
211 282
211 294
211 426
211 449
211 392
211 435
211 481
211 230
211 358
211 333
211 417
211 311
211 279
211 388
212 465
212 397
212 336
212 380
212 419
212 472
212 359
212 391
212 462
212 412
213 380
213 355
213 334
213 385
213 383
213 389
213 447
213 411
213 244
213 225
213 405
213 423
213 214
214 320
214 273
214 367
214 397
214 482
214 409
214 497
214 375
214 467
214 356
214 291
214 400
214 216
215 221
215 272
215 287
215 349
215 236
215 386
215 265
215 305
215 459
215 263
215 297
215 353
215 368
215 418
215 449
215 440
215 342
215 335
215 234
216 410
216 439
216 326
216 218
216 279
216 321
216 465
216 324
216 227
216 286
216 280
216 277
216 288
216 338
216 469
216 290
216 242
216 354
216 493
217 296
217 488
217 478
217 344
217 330
217 291
217 399
217 489
217 437
217 288
217 382
217 347
217 266
217 255
217 466
217 441
217 481
217 490
218 249
218 295
218 276
218 328
218 450
218 474
218 381
218 293
218 435
218 272
218 357
218 235
218 485
218 244
218 336
218 364
218 220
218 373
218 275
218 259
218 487
219 318
219 416
219 268
219 483
219 288
219 253
219 369
219 286
219 443
219 396
219 398
219 334
220 296
220 380
220 227
220 222
220 315
220 312
220 420
220 352
220 376
220 270
220 234
220 275
221 311
221 419
221 383
221 371
221 242
221 318
221 269
221 272
221 462
221 439
221 424
222 243
222 468
222 359
222 237
222 254
222 452
222 365
222 350
222 492
222 442
222 420
222 423
222 437
222 379
222 480
222 436
223 439
223 419
223 259
223 466
223 264
223 238
223 268
223 275
223 391
223 285
223 406
223 497
224 378
224 333
224 230
224 232
224 374
224 495
224 375
224 293
224 328
224 358
224 311
224 440
225 483
225 233
225 338
225 277
225 258
225 398
225 389
225 292
225 386
225 472
225 327
225 250
225 471
225 429
225 427
225 431
225 265
226 362
226 493
226 400
226 480
226 470
226 242
226 256
226 421
226 481
226 374
226 422
226 269
226 426
226 259
226 468
226 474
226 253
226 346
226 294
227 234
227 463
227 424
227 319
227 323
227 417
227 351
227 444
227 384
227 277
227 476
227 344
227 495
227 249
227 392
227 253
227 361
228 260
228 483
228 388
228 403
228 462
228 364
228 254
228 455
228 295
228 387
228 313
228 299
228 497
228 349
228 265
228 373
228 318
228 329
228 432
229 318
229 492
229 343
229 398
229 352
229 476
229 295
229 422
229 474
230 376
230 310
230 375
230 347
230 423
230 477
230 419
230 488
230 281
230 289
230 248
230 367
231 359
231 249
231 389
231 340
231 443
231 467
231 413
231 434
231 490
231 355
231 495
231 302
231 366
231 498
231 420
231 325
232 414
232 424
232 494
232 305
232 460
232 353
232 431
232 318
232 456
232 479
232 326
232 396
232 289
232 250
232 255
232 278
232 459
232 497
232 429
232 359
232 493
233 370
233 456
233 416
233 261
233 436
233 311
233 299
233 478
233 297
233 483
234 431
234 244
234 335
234 266
234 317
234 478
234 242
234 326
234 386
234 352
234 384
234 425
234 413
234 286
234 277
234 331
234 379
235 493
235 307
235 438
235 409
235 408
235 436
235 387
235 263
235 322
235 459
235 461
235 490
235 341
235 274
235 247
236 406
236 257
236 474
236 456
236 467
236 403
236 294
236 460
236 393
237 240
237 402
237 422
237 447
237 373
237 349
237 448
237 355
237 462
237 261
237 353
237 359
237 496
237 469
238 293
238 349
238 285
238 424
238 492
238 319
238 282
238 331
239 460
239 406
239 422
239 445
239 394
239 360
239 242
239 265
239 396
239 347
239 309
239 267
239 421
240 481
240 355
240 347
240 473
240 428
240 388
240 242
240 477
240 414
240 441
240 327
240 463
240 491
240 497
240 376
241 474
241 289
241 368
241 364
241 491
241 431
241 263
241 438
241 432
241 472
241 298
241 489
241 481
241 286
241 261
242 364
242 354
242 420
242 332
242 489
242 255
243 438
243 363
243 370
243 499
243 403
243 339
243 376
243 408
243 267
243 286
243 325
243 487
243 245
243 424
243 342
244 489
244 318
244 494
244 468
244 445
244 273
244 263
244 251
244 254
244 297
244 388
244 465
245 314
245 359
245 383
245 459
245 485
245 347
245 352
245 382
245 286
245 499
245 342
245 309
246 484
246 392
246 480
246 357
246 253
246 386
246 261
246 466
246 299
246 266
246 324
246 257
247 312
247 307
247 267
247 287
247 449
247 461
247 249
247 285
247 455
248 371
248 442
248 447
248 485
248 439
248 436
248 373
248 481
248 395
248 293
248 354
248 330
248 368
249 422
249 478
249 332
249 434
249 473
249 374
249 313
249 335
249 461
249 274
250 351
250 263
250 338
250 308
250 411
250 355
250 486
250 371
250 481
250 431
250 399
250 494
251 299
251 492
251 276
251 360
251 382
251 419
251 430
251 478
251 479
251 322
251 458
251 291
251 443
251 456
251 302
251 476
251 469
252 390
252 404
252 465
252 316
252 352
252 385
252 408
252 294
252 303
252 439
252 470
252 466
252 304
253 316
253 445
253 385
253 278
253 280
253 476
253 336
253 338
253 262
253 369
253 499
253 276
253 491
253 301
253 480
253 471
253 379
253 329
253 372
254 422
254 260
254 258
254 455
254 397
254 461
254 322
254 304
254 409
254 278
255 413
255 409
255 405
255 283
255 481
255 395
255 349
255 300
255 303
255 426
256 482
256 376
256 387
256 491
256 360
256 340
256 382
256 301
256 355
256 398
256 448
256 456
256 412
256 289
256 265
256 325
256 371
257 333
257 453
257 350
257 321
257 376
257 461
257 477
257 394
257 258
257 282
257 312
258 488
258 291
258 429
258 316
258 321
258 340
258 448
258 272
258 412
258 259
258 493
258 497
258 333
258 427
259 422
259 456
259 321
259 336
259 361
259 306
259 465
259 370
259 305
259 393
260 440
260 297
260 311
260 433
260 413
260 403
260 314
260 430
260 370
260 421
260 343
260 422
260 293
260 481
260 361
261 337
261 377
261 335
261 339
261 421
261 426
261 368
261 481
261 374
261 444
261 356
262 440
262 345
262 396
262 455
262 270
262 351
262 361
262 485
262 352
263 265
263 342
263 294
263 436
263 369
263 341
263 410
263 421
263 472
263 319
263 494
263 392
263 399
263 475
263 491
263 462
263 329
264 355
264 468
264 276
264 285
264 498
264 472
264 453
265 483
265 411
265 334
265 383
265 439
265 350
265 452
265 443
265 312
265 469
265 352
265 359
265 280
265 426
265 355
265 487
265 467
265 335
265 395
265 482
265 422
266 393
266 401
266 488
266 348
266 320
266 498
266 406
266 274
266 444
266 360
266 372
266 483
267 384
267 390
267 448
267 435
267 489
267 454
267 352
267 497
267 496
267 465
268 477
268 456
268 436
268 373
268 293
268 344
268 408
268 371
268 383
268 471
268 376
268 347
269 309
269 415
269 360
269 288
269 485
269 408
269 431
269 474
269 294
269 417
269 491
269 402
269 380
270 367
270 493
270 334
270 281
270 447
270 364
270 320
270 457
270 295
270 471
270 365
271 348
271 494
271 428
271 325
271 420
271 462
271 336
271 352
271 329
271 436
271 459
271 290
271 404
271 368
271 487
271 389
272 275
272 356
272 359
272 442
272 475
272 386
272 433
272 419
272 306
272 474
272 450
272 313
272 352
272 424
272 469
272 494
272 372
272 454
272 463
272 324
272 436
272 399
273 323
273 350
273 426
273 447
273 345
273 404
273 338
273 422
273 302
273 319
273 290
273 384
273 373
273 465
273 344
274 280
274 439
274 347
274 452
274 326
274 497
274 391
274 303
274 435
274 390
274 330
274 499
274 431
274 385
274 289
274 287
275 472
275 432
275 389
275 369
275 493
275 456
275 292
275 428
275 434
276 413
276 289
276 408
276 451
276 340
276 494
276 362
276 442
276 319
276 379
276 459
276 457
276 357
276 414
277 468
277 308
277 391
277 312
277 437
277 452
277 446
277 456
277 351
277 319
277 447
278 449
278 484
278 409
278 299
278 453
278 369
278 459
278 402
278 290
278 454
278 324
278 479
278 279
278 366
278 438
278 440
279 412
279 487
279 289
279 472
279 409
279 305
279 434
279 493
279 423
280 330
280 327
280 378
280 460
280 355
280 483
280 306
280 284
280 363
280 437
280 309
280 423
280 286
281 490
281 382
281 461
281 425
281 379
281 289
281 302
281 418
282 338
282 464
282 424
282 433
282 343
282 342
282 492
282 378
282 427
282 348
282 430
282 286
282 497
282 399
283 477
283 353
283 423
283 480
283 456
283 443
283 387
283 314
283 379
283 285
283 333
284 336
284 287
284 316
284 343
284 403
284 349
284 401
284 406
284 441
284 354
284 395
284 337
285 292
285 369
285 357
285 474
285 299
285 312
285 318
285 332
285 448
285 400
285 494
285 300
285 323
285 355
286 418
286 288
286 460
286 440
286 371
286 348
286 350
286 313
286 470
286 361
287 461
287 477
287 453
287 455
287 298
287 408
287 359
287 388
287 464
287 337
287 474
288 327
288 354
288 338
288 489
288 325
288 316
288 337
288 298
288 350
288 442
288 376
288 447
289 411
289 443
289 370
289 409
289 352
289 429
289 433
289 392
289 424
289 351
289 396
289 298
289 489
289 312
290 320
290 311
290 453
290 485
290 390
290 344
290 446
290 345
290 298
290 464
290 474
290 308
290 323
290 499
291 442
291 490
291 462
291 373
291 321
291 493
291 396
291 449
291 472
291 478
291 491
291 386
291 369
292 450
292 389
292 424
292 358
292 296
293 397
293 300
293 429
293 322
293 418
293 345
293 393
293 413
293 470
293 327
293 450
293 469
293 422
293 371
293 433
293 441
294 385
294 330
294 333
294 458
294 397
294 358
294 438
294 410
294 320
294 334
294 346
294 361
294 446
295 307
295 442
295 453
295 373
295 378
295 371
295 474
295 317
295 449
295 382
295 444
295 491
295 499
295 465
295 380
295 352
295 365
296 429
296 404
296 454
296 310
296 442
296 439
296 311
296 468
296 321
296 455
296 357
296 497
297 489
297 372
297 479
297 309
297 475
297 414
297 299
297 375
298 343
298 340
298 349
298 431
298 456
298 444
298 448
298 450
299 395
299 417
299 364
299 338
299 454
299 416
299 312
299 459
299 439
299 328
299 400
299 356
299 306
299 390
299 463
300 428
300 481
300 332
300 429
300 476
300 393
300 316
300 491
300 496
301 428
301 342
301 497
301 360
301 345
301 446
301 350
301 449
301 341
302 341
302 419
302 393
302 377
302 496
302 435
302 499
303 391
303 455
303 371
303 362
303 397
303 381
303 479
303 322
304 397
304 463
304 378
304 345
304 341
304 499
304 490
304 331
304 375
304 477
304 326
305 445
305 377
305 309
305 478
305 325
305 385
305 380
306 497
306 444
306 406
306 345
306 360
306 439
306 325
306 472
306 450
306 432
306 319
306 308
306 331
307 390
307 444
307 419
307 457
307 451
307 454
307 309
307 347
307 423
308 449
308 378
308 362
308 323
308 379
308 417
308 334
308 359
308 454
308 402
308 429
309 368
309 369
309 473
309 328
309 344
309 361
309 375
310 455
310 353
310 491
310 348
310 400
310 459
310 320
310 419
310 360
310 356
310 322
310 317
311 313
311 420
311 344
311 497
311 393
311 363
311 480
311 383
311 356
312 461
312 398
312 360
312 375
312 399
312 471
313 436
313 383
313 387
313 435
313 391
314 333
314 376
314 375
314 496
314 327
314 361
315 491
315 456
315 413
315 422
315 423
316 340
316 435
316 494
316 459
316 469
316 348
316 438
316 466
316 481
316 394
317 426
317 323
317 413
317 487
317 402
317 431
317 394
317 335
317 393
317 436
317 325
317 419
318 484
318 368
318 446
318 323
318 496
318 453
318 329
319 403
319 484
319 431
319 340
319 411
319 346
319 368
319 390
320 430
320 371
320 483
320 432
320 402
320 348
320 396
321 338
321 346
321 471
321 382
321 383
321 397
321 488
321 398
321 388
322 487
322 454
322 404
322 325
322 485
322 343
322 369
322 421
322 477
322 423
323 459
323 400
323 381
323 429
323 469
323 361
323 470
323 345
323 378
323 497
323 467
323 457
324 381
324 359
324 429
324 337
324 478
324 360
324 348
325 439
325 339
325 326
325 468
325 427
325 481
325 472
325 376
326 392
326 422
326 496
326 406
326 458
326 388
327 360
327 356
327 474
327 357
327 490
327 335
328 461
328 478
328 432
328 356
328 413
328 354
328 393
329 340
329 337
329 407
329 372
329 395
329 470
330 368
330 334
330 392
330 484
330 442
330 401
331 349
331 423
331 498
331 476
331 380
331 479
331 478
331 483
331 362
331 431
331 360
332 375
332 441
332 480
332 468
332 336
332 343
332 379
332 440
333 497
333 359
333 388
333 405
333 468
333 334
333 482
333 463
334 498
334 338
334 361
334 482
334 392
334 448
334 490
334 402
334 416
334 420
335 382
335 437
335 342
335 467
335 440
335 395
335 497
336 485
336 432
336 414
336 342
336 415
336 361
336 408
336 351
336 445
337 458
337 376
337 345
337 416
337 388
337 478
337 434
337 398
337 430
337 363
337 453
337 373
338 430
338 485
338 341
338 447
338 355
338 349
338 401
338 407
338 368
339 492
339 463
339 342
339 351
339 350
339 389
339 448
339 343
339 362
339 459
339 373
339 365
339 347
340 365
340 487
340 409
340 479
340 357
340 450
340 484
340 456
340 422
341 386
341 421
341 444
341 373
341 409
341 399
341 437
341 385
341 462
341 467
341 445
342 428
342 423
342 352
342 451
342 464
342 439
342 452
342 357
342 425
342 445
342 354
343 428
343 422
343 404
343 480
343 425
343 488
343 464
343 471
343 376
344 385
344 352
344 384
344 359
344 432
344 411
344 383
344 371
344 410
345 376
345 474
345 363
345 395
345 346
345 392
345 456
345 496
346 468
346 459
346 454
346 353
346 498
346 442
346 489
346 432
346 357
347 429
347 446
347 476
347 490
347 406
347 457
348 427
348 447
348 412
348 403
348 387
349 444
349 362
349 428
349 465
349 404
350 459
350 365
350 496
350 394
350 370
350 438
350 492
350 406
350 401
350 359
350 488
350 409
350 440
351 476
351 404
351 402
351 489
351 461
351 378
352 414
352 398
352 466
352 408
352 371
352 459
352 367
352 469
352 470
353 375
353 405
353 444
353 493
353 465
354 355
354 437
354 426
354 360
354 470
354 466
355 489
355 449
355 462
355 434
355 414
355 473
355 409
355 439
356 408
356 425
356 423
356 409
356 373
356 393
356 401
357 379
357 495
357 362
357 482
357 462
358 415
358 436
358 494
358 490
358 367
359 379
359 487
359 436
359 440
359 424
359 484
359 434
359 360
359 426
359 482
360 428
360 381
360 371
360 440
360 405
360 497
360 471
361 480
361 451
361 384
361 396
361 459
361 362
361 470
362 368
362 461
362 484
362 391
362 416
362 436
362 489
363 475
363 426
363 478
363 431
364 483
364 462
364 491
364 412
365 479
365 470
365 429
365 383
365 472
365 416
365 387
365 468
365 436
365 485
365 442
366 409
366 424
366 492
366 465
366 391
367 402
367 415
367 474
367 429
367 422
367 460
367 486
368 474
368 373
368 383
368 375
368 404
368 498
369 390
369 430
369 466
369 477
369 441
369 374
369 440
369 411
369 499
370 454
370 387
370 439
370 408
370 422
371 433
371 405
371 450
371 479
371 474
371 454
371 399
372 403
372 479
372 457
372 440
372 497
372 463
372 489
372 380
372 374
372 451
372 422
373 395
373 466
373 386
373 419
374 463
374 444
374 480
375 385
375 454
375 483
375 494
375 497
375 461
375 477
375 451
375 380
375 465
375 473
375 388
376 472
376 402
376 475
376 450
376 442
376 433
376 395
376 390
377 455
377 451
377 389
377 402
377 474
377 446
377 390
378 423
378 431
378 395
378 490
378 497
378 463
378 458
379 424
379 447
379 451
380 389
380 430
380 484
380 402
380 427
380 467
380 406
380 407
380 415
380 438
380 395
380 489
381 448
381 462
382 482
382 405
382 492
382 458
382 495
382 498
382 485
382 442
383 401
383 480
383 385
383 387
383 421
384 485
384 494
384 489
384 430
384 461
384 413
384 477
384 435
384 491
385 494
385 479
385 392
385 476
385 459
386 431
386 442
386 432
386 451
387 438
387 435
387 489
387 452
387 477
388 401
388 453
388 484
388 393
388 403
388 475
389 419
389 439
389 400
389 459
389 434
389 463
389 482
389 476
389 395
390 493
390 426
390 424
390 439
390 492
390 407
390 411
391 422
391 415
391 482
391 396
391 467
391 495
391 430
391 451
392 418
392 423
392 493
392 495
392 485
392 447
392 483
393 406
393 435
393 449
393 490
393 471
393 409
394 492
394 499
394 451
394 493
394 491
394 403
394 447
395 475
395 498
395 474
395 483
395 416
395 441
396 481
396 411
396 459
396 414
396 466
397 425
397 469
397 431
397 471
398 476
398 413
398 467
398 488
398 483
399 448
399 478
399 483
399 490
399 411
399 482
399 495
399 458
399 474
400 411
400 440
400 439
400 458
400 407
400 468
400 484
400 437
401 426
401 456
401 497
401 411
401 438
401 449
402 415
402 489
402 405
402 455
402 492
402 450
402 467
402 431
403 485
403 480
403 426
403 462
404 487
404 465
404 411
404 412
404 469
405 419
405 446
406 470
406 490
406 443
406 426
407 478
408 414
408 484
408 425
408 485
408 498
409 458
409 417
409 490
409 446
409 459
410 424
410 442
410 421
410 490
411 450
411 483
411 462
412 485
412 417
412 479
412 432
412 453
413 496
413 434
413 470
413 429
413 477
414 451
414 469
414 436
414 420
414 481
414 465
414 439
415 461
415 462
415 495
415 492
415 442
416 447
416 423
416 465
416 471
416 462
416 438
416 473
416 487
417 490
417 427
417 456
417 454
417 436
418 493
418 479
418 446
418 451
418 452
418 469
418 474
418 475
419 444
419 458
419 475
419 435
419 495
420 499
420 469
420 476
420 435
420 426
420 443
420 434
421 474
421 499
421 481
421 422
422 436
422 432
422 441
422 484
422 453
423 486
423 452
423 495
423 437
423 436
423 483
423 489
424 426
424 460
424 427
424 449
425 479
425 449
425 484
426 493
426 447
426 477
426 450
426 453
426 488
428 444
428 433
428 436
428 450
428 470
428 468
428 463
429 482
429 454
429 485
429 473
429 458
429 472
430 443
430 449
430 495
430 487
430 436
430 458
430 465
431 496
431 448
431 471
431 445
431 495
432 488
433 439
433 468
434 454
434 439
434 469
435 482
435 485
435 446
435 491
435 476
435 458
435 495
436 495
436 459
436 489
437 487
438 442
438 484
439 463
439 475
439 443
439 474
439 459
440 459
440 476
440 453
441 464
441 460
442 454
442 467
442 494
442 498
443 447
443 495
443 452
443 476
444 447
444 478
444 486
444 487
445 471
446 498
446 479
447 462
447 475
447 470
447 479
448 493
450 483
450 488
450 474
451 479
452 458
453 473
453 493
453 460
454 488
454 498
455 479
457 461
457 462
458 475
458 464
458 484
458 477
459 464
459 488
459 474
460 471
460 498
461 463
461 498
462 470
462 487
462 488
463 483
463 492
463 469
464 485
465 476
465 486
466 495
466 482
466 483
467 491
468 480
469 478
470 476
470 487
470 498
471 496
472 488
472 497
473 478
473 493
475 486
475 494
475 491
476 480
478 483
478 486
478 488
480 499
480 498
484 490
486 497
488 498
490 498
493 497
495 497
496 498
