VERTICES = 500
EDGES = 7000
0 464
0 356
0 24
0 376
0 367
0 56
0 95
0 175
0 157
0 381
0 380
0 81
0 163
0 85
0 168
0 48
0 338
0 486
0 204
0 309
0 233
0 365
0 241
1 237
1 353
1 17
1 7
1 469
1 295
1 356
1 19
1 73
1 493
1 452
1 465
1 360
1 25
1 442
1 203
1 164
1 282
1 170
1 464
1 87
1 115
1 70
1 291
1 337
1 441
1 57
1 317
1 163
1 437
2 368
2 446
2 93
2 6
2 232
2 294
2 496
2 349
2 327
2 145
2 341
2 251
2 445
2 413
2 172
2 67
2 326
2 428
2 254
2 409
2 408
2 309
2 40
2 83
2 417
2 73
2 187
3 309
3 307
3 349
3 154
3 295
3 165
3 223
3 333
3 175
3 55
3 194
3 321
3 81
3 48
3 431
3 25
3 113
3 480
3 498
3 88
3 10
3 464
3 73
4 143
4 347
4 9
4 86
4 216
4 258
4 162
4 106
4 73
4 207
4 318
4 418
4 8
4 82
4 385
4 146
4 91
4 5
4 37
4 462
4 17
4 261
4 449
4 122
4 453
4 428
4 472
4 478
4 192
4 175
4 31
4 165
4 110
5 168
5 271
5 314
5 364
5 479
5 138
5 292
5 436
5 229
5 243
5 472
5 352
5 253
5 332
5 39
5 389
5 194
5 395
5 193
5 69
5 105
5 117
5 493
5 159
5 425
5 197
5 329
5 25
5 114
5 110
5 434
5 67
5 47
6 341
6 73
6 146
6 85
6 469
6 387
6 334
6 39
6 398
6 269
6 479
6 122
6 375
6 478
6 484
6 480
6 413
6 380
6 487
6 286
6 130
6 477
6 374
6 489
6 78
6 51
6 65
6 290
7 338
7 236
7 255
7 474
7 66
7 110
7 72
7 138
7 146
7 365
7 451
7 26
7 477
7 346
7 218
7 24
7 50
7 256
7 207
7 9
7 275
7 367
7 485
7 159
7 151
7 340
7 230
7 217
7 486
7 131
7 309
7 48
7 118
7 421
8 67
8 251
8 303
8 160
8 441
8 274
8 147
8 418
8 186
8 195
8 483
8 423
8 204
8 413
8 74
8 31
8 289
8 70
8 494
8 481
8 151
8 182
8 12
8 120
8 158
8 264
8 408
8 440
8 173
8 257
8 15
9 418
9 127
9 221
9 286
9 391
9 195
9 148
9 447
9 71
9 340
9 452
9 431
9 387
9 224
9 406
9 85
9 197
9 212
9 419
9 125
9 63
9 293
9 378
9 260
9 187
9 231
9 280
9 149
9 450
9 467
9 39
9 207
9 367
9 209
9 94
10 462
10 168
10 266
10 418
10 124
10 224
10 193
10 288
10 420
10 341
10 378
10 285
10 260
10 486
10 483
10 453
10 334
10 399
10 223
10 137
10 26
10 432
10 209
10 400
10 139
10 175
10 373
11 132
11 110
11 116
11 113
11 150
11 377
11 235
11 69
11 12
11 237
11 328
11 336
11 271
11 198
11 131
11 219
11 422
11 493
11 183
11 276
11 476
11 392
11 268
11 479
11 391
11 82
11 335
11 32
11 450
11 59
11 253
11 427
11 76
11 358
11 425
12 310
12 28
12 480
12 238
12 209
12 109
12 134
12 245
12 136
12 53
12 144
12 24
12 263
12 407
12 74
12 232
12 31
12 420
12 410
12 208
12 399
12 58
12 325
12 197
12 227
12 351
13 316
13 138
13 198
13 476
13 212
13 174
13 368
13 327
13 106
13 119
13 112
13 338
13 192
13 454
13 469
13 487
13 457
13 65
13 196
13 69
13 311
13 290
13 41
13 492
13 125
13 329
13 292
13 298
13 203
13 306
13 236
14 100
14 302
14 236
14 313
14 142
14 472
14 388
14 282
14 174
14 148
14 293
14 398
14 215
14 165
14 458
14 31
14 155
14 366
14 422
14 461
14 339
14 139
14 318
14 308
14 157
14 231
15 456
15 239
15 370
15 61
15 379
15 459
15 484
15 98
15 303
15 362
15 183
15 56
15 196
15 174
15 151
15 209
15 322
15 326
15 17
15 50
15 472
15 175
15 198
15 436
15 229
15 143
15 74
15 336
15 109
16 230
16 379
16 499
16 436
16 492
16 65
16 392
16 477
16 170
16 44
16 72
16 261
16 216
16 149
16 110
16 429
16 442
16 390
16 168
16 234
16 91
16 167
16 200
16 101
16 35
16 238
16 287
16 181
16 419
17 374
17 255
17 48
17 479
17 189
17 236
17 299
17 265
17 226
17 230
17 415
17 79
17 107
17 127
17 224
17 471
17 419
17 177
17 382
17 383
17 334
17 403
17 484
17 406
17 200
17 231
17 101
17 118
17 353
17 494
17 285
17 106
17 138
18 105
18 72
18 73
18 92
18 331
18 429
18 404
18 98
18 272
18 280
18 351
18 195
18 495
18 374
18 74
18 372
18 182
18 485
18 232
18 314
18 250
18 55
18 423
18 173
18 479
18 397
18 238
18 58
19 226
19 247
19 386
19 191
19 350
19 349
19 30
19 391
19 366
19 436
19 215
20 345
20 75
20 385
20 79
20 287
20 249
20 27
20 182
20 453
20 173
20 460
20 252
20 340
20 197
20 432
20 162
20 158
20 295
20 288
20 489
20 414
20 335
20 93
20 30
20 406
20 396
20 119
21 126
21 104
21 453
21 446
21 459
21 287
21 315
21 207
21 355
21 330
21 31
21 95
21 417
21 188
21 109
21 51
21 449
21 158
21 180
21 499
21 346
21 350
22 86
22 177
22 61
22 355
22 363
22 137
22 76
22 241
22 131
22 123
22 323
22 111
22 224
22 426
22 314
22 378
22 375
22 464
22 357
22 155
22 262
22 196
22 42
23 142
23 228
23 480
23 324
23 255
23 441
23 73
23 52
23 59
23 164
23 322
23 66
23 412
23 54
23 29
23 463
23 178
23 140
23 293
23 33
23 172
23 458
23 96
23 305
23 60
23 41
24 487
24 130
24 127
24 385
24 48
24 52
24 108
24 413
24 431
24 176
24 448
24 480
24 355
24 268
24 469
24 370
24 349
24 225
24 28
24 317
24 117
24 50
24 65
24 406
24 273
24 457
24 166
24 381
24 481
24 306
24 338
24 429
24 84
24 387
24 211
24 464
25 372
25 142
25 168
25 176
25 436
25 27
25 403
25 206
25 272
25 134
25 160
25 274
25 156
25 122
25 345
25 399
25 124
25 285
25 211
25 406
25 302
25 235
25 366
25 59
25 140
25 121
25 71
25 26
25 153
25 314
25 356
25 384
25 135
25 48
26 221
26 283
26 144
26 334
26 219
26 452
26 129
26 77
26 197
26 66
26 304
26 163
26 361
26 239
26 478
26 90
26 109
26 446
26 296
26 152
26 295
26 251
26 495
26 308
26 467
26 272
26 91
26 35
26 329
26 198
27 293
27 75
27 363
27 156
27 347
27 278
27 68
27 193
27 453
27 184
27 346
27 430
27 489
27 479
27 311
27 227
27 267
27 266
27 83
27 98
27 222
27 461
28 267
28 470
28 463
28 86
28 245
28 171
28 242
28 421
28 283
28 92
28 62
28 422
28 405
28 496
28 147
28 258
28 497
28 135
28 437
28 394
28 35
28 193
28 268
28 374
28 210
28 48
28 138
29 316
29 420
29 322
29 447
29 30
29 45
29 403
29 386
29 147
29 260
29 353
29 436
29 173
29 459
29 100
29 314
29 271
29 145
29 388
29 116
29 189
29 122
29 326
29 80
29 437
29 332
29 143
29 73
29 349
29 113
29 481
29 178
29 110
29 277
29 357
29 247
29 360
29 70
30 377
30 164
30 423
30 281
30 277
30 241
30 407
30 148
30 450
30 454
30 457
30 372
30 294
30 128
30 484
30 492
30 446
30 45
30 255
30 409
30 433
30 466
30 170
30 127
30 65
30 489
30 275
30 332
30 311
30 245
30 453
30 162
30 485
31 229
31 448
31 390
31 260
31 417
31 431
31 103
31 259
31 344
31 201
31 134
31 465
31 179
31 88
31 289
31 247
31 384
31 96
31 167
31 342
31 304
31 380
31 468
31 258
31 210
31 339
31 144
32 292
32 343
32 419
32 489
32 467
32 109
32 44
32 373
32 100
32 340
32 409
32 249
32 412
32 171
32 326
32 202
32 321
32 114
32 144
32 499
32 263
32 393
32 439
32 150
32 124
32 490
32 137
32 349
32 155
32 447
32 187
32 401
32 204
32 469
32 306
32 93
32 94
33 132
33 424
33 244
33 378
33 254
33 129
33 185
33 180
33 202
33 261
33 438
33 205
33 59
33 120
33 327
33 40
33 467
33 345
33 326
33 157
33 35
33 263
33 361
33 252
33 82
33 53
33 382
33 152
33 162
33 336
34 147
34 389
34 75
34 201
34 343
34 424
34 89
34 136
34 466
34 261
34 391
34 374
34 418
34 39
34 392
34 381
34 113
34 121
34 62
34 420
34 233
34 367
34 53
34 321
34 119
34 73
34 94
34 60
34 108
34 199
34 499
35 406
35 190
35 253
35 297
35 275
35 373
35 93
35 448
35 319
35 134
35 324
35 175
35 177
35 368
35 241
35 432
35 37
35 447
35 54
35 257
35 405
35 117
35 174
35 121
35 476
35 136
35 218
35 221
35 209
36 391
36 298
36 474
36 213
36 271
36 488
36 220
36 177
36 285
36 427
36 191
36 99
36 455
36 100
36 118
36 323
36 449
36 372
36 246
36 315
36 192
36 49
36 312
37 217
37 151
37 415
37 413
37 264
37 256
37 275
37 392
37 416
37 347
37 324
37 477
37 434
37 356
37 167
37 247
37 260
37 435
37 420
37 346
37 386
37 458
37 334
37 468
37 459
37 48
37 257
37 220
37 469
37 325
37 336
38 244
38 476
38 368
38 151
38 386
38 361
38 394
38 370
38 378
38 365
38 297
38 281
38 271
38 488
38 469
38 249
38 304
38 181
38 156
38 77
38 316
38 410
38 127
39 41
39 148
39 166
39 99
39 393
39 338
39 145
39 276
39 230
39 122
39 289
39 357
39 261
39 225
39 104
39 121
39 438
39 331
39 74
39 470
39 346
39 370
39 471
39 385
40 61
40 370
40 270
40 406
40 208
40 227
40 276
40 252
40 479
40 185
40 172
40 216
40 274
40 144
40 352
40 98
40 456
40 176
40 62
40 242
40 220
40 212
40 330
40 400
40 267
40 141
40 55
40 383
40 102
40 88
40 221
40 159
41 101
41 327
41 444
41 95
41 480
41 460
41 415
41 300
41 129
41 459
41 441
41 342
41 77
41 97
41 96
41 317
41 396
41 288
41 418
41 462
42 353
42 65
42 381
42 217
42 287
42 386
42 185
42 472
42 492
42 441
42 384
42 409
42 213
42 286
42 283
42 83
42 434
42 450
42 358
42 442
42 359
42 480
42 361
42 498
42 495
42 406
43 76
43 495
43 399
43 250
43 249
43 319
43 289
43 494
43 434
43 379
43 107
43 322
43 122
43 58
43 55
44 453
44 403
44 160
44 439
44 180
44 275
44 263
44 350
44 216
44 346
44 408
44 293
44 142
44 132
44 445
44 77
44 200
44 349
44 450
44 53
44 205
44 496
44 166
44 210
44 427
44 188
44 54
44 268
44 299
44 79
44 473
44 269
44 273
44 397
44 92
45 86
45 252
45 429
45 74
45 371
45 418
45 311
45 217
45 395
45 237
45 457
45 433
45 375
45 212
45 372
45 206
45 251
45 100
45 463
45 340
45 416
45 473
45 96
45 84
45 316
46 115
46 489
46 392
46 336
46 273
46 364
46 283
46 228
46 263
46 394
46 475
46 208
46 156
46 241
46 314
46 398
46 406
46 232
46 121
46 117
46 353
46 298
46 499
46 369
46 189
46 180
46 258
46 378
46 86
47 297
47 77
47 109
47 405
47 371
47 391
47 351
47 308
47 175
47 452
47 199
47 458
47 116
47 253
47 248
47 470
47 49
47 276
47 332
47 397
47 303
47 363
47 376
47 445
47 279
48 93
48 166
48 387
48 79
48 252
48 438
48 414
48 65
48 260
48 259
48 491
48 345
48 237
48 184
48 132
48 143
48 192
48 245
48 78
48 358
48 67
49 477
49 287
49 81
49 329
49 377
49 141
49 57
49 137
49 278
49 328
49 480
49 233
49 491
49 308
49 317
49 483
49 372
49 125
50 90
50 333
50 370
50 307
50 412
50 122
50 166
50 259
50 465
50 103
50 167
50 282
50 306
50 78
50 422
50 115
50 249
50 151
50 293
50 378
50 442
50 491
50 489
50 171
50 413
50 417
51 264
51 151
51 132
51 328
51 113
51 144
51 403
51 78
51 236
51 270
51 224
51 159
51 271
51 496
51 345
51 228
51 64
51 237
51 178
51 66
51 246
51 107
51 169
51 188
51 162
51 316
52 499
52 457
52 413
52 250
52 240
52 373
52 278
52 196
52 489
52 326
52 80
52 217
52 137
52 59
52 408
52 114
52 356
52 286
52 298
52 347
52 231
52 129
52 323
53 73
53 363
53 116
53 350
53 59
53 466
53 102
53 90
53 277
53 451
53 88
53 393
53 380
53 461
53 60
53 452
53 158
53 349
53 233
53 484
53 273
53 354
53 265
53 145
53 491
53 172
53 442
53 276
53 115
53 74
53 264
53 280
53 449
53 242
53 249
53 338
53 144
53 416
53 281
54 362
54 189
54 324
54 100
54 405
54 305
54 130
54 71
54 65
54 167
54 94
54 471
54 421
54 316
54 496
54 198
54 486
54 456
54 385
54 158
54 64
54 444
54 209
55 249
55 172
55 323
55 60
55 134
55 289
55 238
55 310
55 61
55 354
55 305
55 399
55 236
55 302
55 387
55 121
55 361
55 462
55 78
55 288
55 318
55 359
55 494
55 166
55 428
56 430
56 99
56 81
56 151
56 227
56 223
56 115
56 269
56 342
56 344
56 308
56 118
56 88
56 203
56 310
56 415
56 382
56 135
56 196
56 465
56 78
56 136
56 249
56 286
56 327
56 321
57 158
57 188
57 499
57 442
57 114
57 212
57 294
57 194
57 302
57 336
57 386
57 102
57 379
57 370
57 163
57 168
57 453
57 400
57 258
57 140
57 456
58 80
58 106
58 68
58 325
58 118
58 232
58 198
58 217
58 289
58 284
58 62
58 382
58 420
58 298
58 351
58 350
58 125
58 63
58 243
58 496
58 332
58 120
58 242
58 406
58 121
58 490
58 156
58 260
58 287
58 200
58 158
59 268
59 487
59 125
59 200
59 480
59 357
59 346
59 101
59 484
59 396
59 289
59 363
59 270
59 130
59 127
59 204
59 218
59 478
59 146
59 135
59 185
59 425
59 307
59 102
60 322
60 282
60 167
60 309
60 407
60 452
60 314
60 241
60 361
60 129
60 316
60 366
60 447
60 390
60 61
60 454
60 466
60 449
60 386
60 101
60 438
60 159
60 193
60 286
60 302
60 375
61 386
61 260
61 494
61 377
61 308
61 86
61 143
61 368
61 241
61 207
61 95
61 440
61 76
61 128
61 158
61 451
61 484
61 279
61 314
61 99
61 138
61 140
61 341
61 108
62 239
62 311
62 349
62 345
62 109
62 382
62 350
62 482
62 147
62 367
62 160
62 118
62 476
62 182
62 464
62 487
62 87
62 156
62 161
62 122
62 131
62 400
62 325
62 231
62 194
62 443
63 335
63 166
63 413
63 472
63 227
63 392
63 146
63 294
63 168
63 127
63 482
63 475
63 72
63 198
63 450
63 245
63 471
63 64
63 117
63 249
63 160
63 453
63 315
63 489
63 190
63 95
63 387
63 427
63 469
63 422
63 224
63 499
63 309
63 435
63 271
63 136
63 115
63 270
63 215
63 493
63 345
64 454
64 325
64 135
64 494
64 89
64 106
64 214
64 485
64 211
64 163
64 434
64 181
64 129
64 473
64 496
64 320
64 475
64 482
64 152
64 409
64 391
64 294
64 332
64 380
64 124
64 481
64 314
64 336
64 80
64 437
65 203
65 133
65 466
65 296
65 269
65 187
65 142
65 362
65 403
65 435
65 189
65 261
65 366
65 312
65 317
65 104
65 176
65 179
65 170
65 334
65 359
65 410
65 254
65 255
65 402
65 452
65 318
66 309
66 428
66 462
66 253
66 151
66 312
66 325
66 277
66 181
66 214
66 206
66 87
66 446
66 476
66 128
66 469
66 375
66 237
66 100
66 348
66 160
67 314
67 259
67 170
67 75
67 274
67 196
67 169
67 211
67 406
67 388
67 459
67 141
67 131
67 462
67 368
67 270
67 71
67 306
67 382
67 181
67 348
68 434
68 247
68 83
68 440
68 344
68 92
68 285
68 407
68 194
68 86
68 489
68 239
68 99
68 300
68 439
68 288
68 198
68 262
69 387
69 389
69 108
69 203
69 342
69 390
69 236
69 466
69 249
69 281
69 139
69 184
69 399
69 93
69 429
69 91
69 102
70 490
70 157
70 311
70 343
70 281
70 331
70 95
70 236
70 408
70 445
70 245
70 90
70 388
70 253
70 390
70 404
70 272
70 434
70 455
70 438
70 237
70 485
70 262
70 412
70 352
70 104
70 478
70 426
70 247
70 320
70 252
70 480
70 193
70 429
70 158
71 88
71 143
71 79
71 225
71 204
71 98
71 343
71 75
71 209
71 337
71 401
71 179
71 426
71 214
71 111
71 374
71 474
71 285
71 387
71 137
71 177
72 282
72 449
72 320
72 445
72 454
72 411
72 150
72 163
72 394
72 317
72 288
72 455
72 410
72 185
72 197
72 306
72 274
72 367
72 390
72 311
72 229
72 112
72 395
73 126
73 98
73 185
73 252
73 468
73 415
73 268
73 255
73 403
73 172
73 350
73 195
73 329
73 203
73 81
73 290
73 437
73 284
73 144
73 177
73 450
73 323
73 387
73 233
73 95
73 497
73 240
73 106
73 97
73 184
73 463
73 133
73 202
73 443
74 307
74 382
74 336
74 220
74 170
74 480
74 154
74 257
74 262
74 464
74 223
74 265
74 227
74 216
74 481
74 138
74 207
74 466
75 238
75 135
75 178
75 479
75 164
75 295
75 410
75 291
75 456
75 140
75 448
75 214
75 340
75 206
75 145
75 373
75 137
75 328
76 381
76 408
76 417
76 135
76 323
76 226
76 260
76 177
76 97
76 343
76 168
76 234
76 103
76 492
76 312
76 107
76 172
76 468
76 247
76 124
76 382
76 324
76 332
76 437
76 214
76 317
76 281
76 435
76 193
76 356
76 80
76 246
76 486
76 150
76 203
76 276
76 373
76 346
76 197
76 301
77 499
77 360
77 253
77 492
77 308
77 204
77 372
77 341
77 373
77 296
77 397
77 211
77 184
77 336
77 388
77 480
77 393
77 149
77 300
77 195
77 403
77 436
77 317
77 180
77 246
77 400
77 390
77 216
77 106
78 289
78 497
78 439
78 206
78 90
78 319
78 270
78 97
78 436
78 296
78 138
78 421
78 370
78 450
78 110
78 424
78 388
78 490
78 478
78 221
78 462
79 464
79 144
79 383
79 483
79 131
79 248
79 235
79 216
79 417
79 485
79 121
79 214
79 480
79 252
79 148
79 440
79 322
79 111
79 392
79 211
79 139
79 403
79 223
80 248
80 88
80 300
80 352
80 420
80 207
80 228
80 237
80 484
80 201
80 192
80 322
80 232
80 257
80 311
80 495
80 461
80 358
80 89
80 343
80 380
80 428
80 406
80 130
81 127
81 260
81 482
81 284
81 381
81 130
81 499
81 392
81 161
81 121
81 330
81 389
81 86
81 426
81 449
81 264
81 463
81 310
82 145
82 413
82 177
82 99
82 225
82 308
82 256
82 366
82 423
82 491
82 184
82 278
82 449
82 121
82 455
82 215
82 302
82 331
83 187
83 437
83 300
83 443
83 432
83 414
83 228
83 195
83 397
83 232
83 84
83 288
83 261
83 113
83 272
83 199
83 328
83 302
83 487
83 259
83 193
83 240
83 146
83 156
84 417
84 97
84 134
84 271
84 175
84 326
84 448
84 122
84 460
84 130
84 334
84 409
84 401
84 89
84 186
84 492
84 289
84 198
84 203
84 336
84 350
84 429
84 207
85 435
85 488
85 260
85 350
85 347
85 364
85 205
85 216
85 425
85 465
85 298
85 311
85 127
85 194
85 471
85 354
85 253
85 464
85 492
85 179
85 392
86 459
86 179
86 316
86 113
86 343
86 120
86 499
86 334
86 335
86 412
86 107
86 391
86 216
86 486
86 431
86 469
86 254
86 88
86 277
86 146
86 490
86 468
86 138
86 492
86 224
86 417
87 427
87 308
87 373
87 486
87 479
87 135
87 165
87 364
87 256
87 182
87 462
87 328
87 350
87 285
87 304
87 454
87 226
87 446
87 149
87 253
87 323
87 468
88 261
88 217
88 334
88 309
88 232
88 474
88 110
88 190
88 184
88 311
88 294
88 228
88 258
88 212
88 348
88 139
88 219
88 338
88 280
88 195
88 105
88 220
88 370
88 245
88 178
88 134
88 218
88 386
88 90
89 298
89 497
89 423
89 151
89 306
89 343
89 232
89 228
89 370
89 149
89 408
89 181
89 328
89 109
89 240
90 345
90 479
90 135
90 462
90 410
90 108
90 167
90 160
90 370
90 365
90 252
90 464
90 490
90 129
90 334
90 190
90 359
90 448
90 263
90 274
90 207
90 104
90 463
90 173
91 166
91 262
91 460
91 239
91 388
91 192
91 238
91 445
91 421
91 115
91 138
91 400
91 456
92 118
92 345
92 445
92 121
92 158
92 444
92 188
92 229
92 493
92 152
92 464
92 474
92 149
92 129
92 212
92 310
92 189
92 402
92 181
92 349
92 202
92 288
92 127
92 267
92 422
93 118
93 400
93 295
93 101
93 321
93 484
93 409
93 106
93 114
93 128
93 371
93 405
93 98
93 240
93 164
93 160
93 146
93 414
93 182
93 345
94 426
94 489
94 454
94 298
94 374
94 376
94 351
94 313
94 125
94 148
94 145
94 446
94 315
94 478
94 372
94 308
94 223
94 248
94 325
94 299
94 244
94 384
94 368
95 187
95 349
95 312
95 193
95 339
95 113
95 285
95 196
95 177
95 471
95 269
95 226
95 385
95 298
95 459
95 404
95 289
95 216
96 476
96 275
96 455
96 478
96 369
96 389
96 255
96 131
96 415
96 420
96 363
96 428
96 194
96 456
96 238
97 373
97 327
97 408
97 126
97 348
97 237
97 495
97 391
97 231
97 371
97 123
97 213
97 431
97 418
97 343
97 332
97 314
97 316
98 124
98 476
98 252
98 421
98 194
98 350
98 293
98 147
98 451
98 363
98 479
98 243
98 261
98 173
98 408
98 447
98 342
98 390
98 303
98 103
98 106
98 244
98 152
98 443
98 370
98 469
99 235
99 403
99 391
99 400
99 274
99 304
99 135
99 454
99 258
99 252
99 238
99 373
99 198
99 318
99 323
99 116
99 211
99 262
99 224
99 313
99 147
99 209
100 116
100 386
100 350
100 426
100 384
100 479
100 368
100 365
100 111
100 151
100 328
100 158
100 347
100 367
100 484
100 227
100 197
100 387
100 416
100 494
100 192
100 186
100 128
100 117
100 122
100 199
100 254
100 258
101 313
101 328
101 468
101 402
101 168
101 453
101 339
101 268
101 317
101 496
101 307
101 233
101 459
101 425
101 435
101 383
101 280
101 142
101 393
101 428
101 413
101 385
102 482
102 270
102 161
102 189
102 235
102 214
102 227
102 312
102 325
102 134
102 388
102 352
102 263
102 280
102 398
102 321
102 237
102 465
102 209
102 205
102 303
102 450
102 253
103 472
103 425
103 293
103 237
103 461
103 413
103 494
103 412
103 208
103 329
103 403
103 193
103 347
103 451
103 158
103 473
103 289
103 410
103 407
103 310
103 455
103 149
103 339
103 163
103 190
104 227
104 109
104 334
104 351
104 302
104 156
104 289
104 154
104 372
104 167
104 465
104 474
104 461
104 169
104 441
104 428
104 444
104 281
104 344
104 418
104 284
104 160
104 181
104 204
105 441
105 229
105 286
105 409
105 481
105 227
105 456
105 394
105 156
105 417
105 416
105 315
105 425
105 323
105 192
105 135
106 300
106 196
106 111
106 316
106 373
106 278
106 487
106 399
106 394
106 252
106 371
106 429
106 294
106 290
106 280
106 318
106 363
107 180
107 339
107 202
107 402
107 463
107 476
107 136
107 188
107 318
107 137
107 394
107 314
107 168
107 322
107 335
107 147
107 296
107 205
107 472
107 313
107 368
107 488
107 369
107 458
107 236
108 161
108 124
108 311
108 412
108 471
108 426
108 163
108 259
108 164
108 387
108 464
108 403
108 483
108 456
108 208
108 457
109 365
109 143
109 385
109 469
109 483
109 297
109 278
109 156
109 310
109 262
109 358
109 334
110 283
110 191
110 288
110 457
110 290
110 344
110 496
110 118
110 134
110 126
110 336
110 168
110 399
110 189
110 303
110 406
110 307
110 218
110 447
110 430
110 316
110 155
110 252
110 142
111 431
111 116
111 273
111 454
111 449
111 164
111 208
111 227
111 285
111 127
111 258
111 370
111 453
111 458
111 490
111 306
111 247
111 112
112 302
112 164
112 259
112 369
112 225
112 312
112 320
112 261
112 313
112 330
112 285
112 395
112 134
112 300
112 480
112 282
112 365
112 354
112 321
112 449
113 485
113 139
113 300
113 493
113 382
113 126
113 179
113 483
113 259
113 420
113 405
113 143
113 292
113 499
113 230
113 193
113 156
113 161
113 296
113 364
113 298
113 281
113 191
114 170
114 398
114 138
114 253
114 334
114 144
114 357
114 176
114 419
114 261
114 233
114 162
114 256
114 300
114 218
115 299
115 447
115 378
115 351
115 463
115 219
115 395
115 453
115 375
115 303
115 334
115 154
115 498
115 474
115 194
115 155
115 195
115 342
115 203
115 485
116 334
116 369
116 423
116 320
116 322
116 332
116 193
116 466
116 357
116 123
116 161
116 355
116 266
116 367
116 119
116 366
116 395
116 316
116 177
116 148
116 432
117 391
117 211
117 255
117 278
117 275
117 281
117 345
117 458
117 194
117 269
117 178
117 238
117 405
117 415
117 380
117 476
117 379
117 257
117 209
117 282
117 176
117 126
117 376
118 119
118 391
118 432
118 293
118 222
118 148
118 312
118 390
118 323
118 290
118 475
118 480
118 417
118 351
118 326
118 160
118 190
118 246
118 335
118 471
118 189
118 380
118 274
119 367
119 149
119 203
119 399
119 150
119 226
119 384
119 154
119 415
119 499
119 319
119 263
119 400
119 299
119 167
119 434
119 376
119 478
119 282
119 270
120 433
120 315
120 354
120 257
120 186
120 306
120 157
120 333
120 244
120 293
120 208
120 341
120 229
120 467
120 173
120 400
120 198
120 497
120 485
121 391
121 211
121 208
121 338
121 290
121 411
121 399
121 480
121 173
121 414
121 382
121 384
121 367
121 444
122 378
122 206
122 263
122 261
122 349
122 144
122 297
122 415
122 233
122 171
122 362
122 462
122 307
122 444
122 195
122 368
122 482
122 156
122 478
122 311
122 251
122 455
123 452
123 237
123 174
123 176
123 273
123 477
123 454
123 277
123 301
123 197
123 236
123 225
123 391
123 465
123 129
123 460
123 293
123 143
124 230
124 140
124 406
124 367
124 220
124 413
124 488
124 128
124 393
124 126
124 310
124 430
124 379
124 336
124 460
124 352
124 355
124 175
124 449
124 176
125 383
125 271
125 178
125 289
125 469
125 204
125 343
125 492
125 221
125 382
125 151
125 411
125 272
125 254
125 476
125 190
126 457
126 326
126 445
126 387
126 354
126 404
126 284
126 347
126 305
126 441
126 133
126 140
126 245
127 433
127 302
127 317
127 196
127 260
127 171
127 256
127 415
127 455
127 493
127 483
127 392
127 497
127 176
127 494
127 298
127 220
128 217
128 321
128 154
128 196
128 331
128 333
128 338
128 412
128 402
128 485
128 177
128 398
129 275
129 433
129 229
129 310
129 268
129 301
129 458
129 327
129 353
129 131
129 436
129 388
129 241
129 143
129 449
129 346
129 202
129 401
129 415
129 338
130 138
130 168
130 363
130 312
130 263
130 140
130 366
130 139
130 173
130 428
130 177
130 352
130 178
130 348
130 325
130 471
130 475
130 259
130 442
130 216
130 370
130 495
131 450
131 256
131 283
131 241
131 152
131 304
131 321
131 201
131 207
131 245
131 319
131 467
131 229
131 348
131 333
131 347
131 385
131 164
131 439
131 182
131 272
131 341
131 135
131 371
131 393
131 440
132 153
132 348
132 478
132 209
132 394
132 463
132 351
132 358
132 350
132 476
132 393
132 458
132 360
132 287
132 361
132 336
132 210
132 362
132 218
132 281
133 280
133 317
133 430
133 164
133 373
133 194
133 367
133 448
133 300
133 337
133 316
133 242
133 439
133 174
133 399
133 322
133 423
133 450
133 223
133 404
133 161
133 346
133 368
133 269
133 222
133 259
134 204
134 398
134 162
134 495
134 384
134 338
134 308
134 305
134 485
134 457
134 235
134 487
134 372
134 156
134 250
134 478
134 269
134 252
134 486
134 385
134 239
134 277
134 218
134 409
134 274
134 435
134 210
134 320
135 470
135 356
135 462
135 195
135 148
135 353
135 386
135 288
135 493
135 406
135 221
135 184
135 192
135 416
135 295
135 218
135 404
135 307
135 384
135 491
136 224
136 188
136 354
136 200
136 378
136 464
136 204
136 471
136 151
136 376
136 234
136 211
136 154
136 259
136 142
136 315
136 280
136 150
136 380
136 216
136 141
136 184
136 286
136 285
137 236
137 362
137 357
137 188
137 185
137 462
137 270
137 216
137 225
137 356
137 259
137 286
137 165
137 181
137 421
137 371
137 271
137 332
137 228
137 211
137 141
137 447
137 323
137 346
138 329
138 354
138 227
138 410
138 475
138 370
138 151
138 201
138 392
138 483
138 256
138 415
138 259
138 383
139 283
139 408
139 183
139 165
139 431
139 190
139 484
139 250
139 310
139 461
139 178
139 409
139 147
139 170
139 448
139 487
139 382
139 453
139 159
139 340
139 275
139 463
140 202
140 273
140 389
140 286
140 245
140 141
140 238
140 393
140 150
140 471
140 242
140 426
140 190
140 223
140 315
141 431
141 243
141 211
141 244
141 306
141 363
141 323
141 262
141 151
141 265
141 296
141 278
141 186
141 309
141 166
141 434
142 229
142 210
142 295
142 408
142 183
142 376
142 331
142 199
142 429
142 231
142 160
142 406
142 333
142 435
142 491
142 237
142 359
142 368
142 239
142 221
142 365
142 432
142 339
142 145
143 426
143 464
143 381
143 492
143 352
143 212
143 491
143 145
143 346
143 178
143 239
143 172
143 300
143 162
143 358
143 485
143 312
143 424
143 266
143 395
143 457
144 461
144 251
144 301
144 165
144 236
144 348
144 439
144 432
144 168
144 442
144 170
144 474
144 188
144 406
144 293
144 272
144 491
144 363
144 154
144 375
144 233
145 495
145 479
145 179
145 473
145 358
145 391
145 182
145 446
145 164
145 224
145 273
145 480
145 216
146 354
146 371
146 165
146 215
146 498
146 190
146 156
146 377
146 351
146 458
146 428
146 185
146 157
146 195
146 292
146 204
146 214
146 282
147 407
147 383
147 430
147 358
147 278
147 310
147 208
147 182
147 349
147 260
147 343
147 447
147 453
147 267
147 277
147 289
147 295
147 253
147 181
147 205
147 494
147 452
147 180
147 495
147 444
147 150
147 419
147 344
147 413
147 153
147 480
147 365
147 379
147 203
148 152
148 330
148 149
148 163
148 288
148 272
148 322
148 458
148 358
148 255
148 427
148 348
148 318
148 179
148 440
148 229
148 401
148 449
148 424
148 353
148 263
148 334
149 249
149 448
149 403
149 377
149 175
149 412
149 477
149 251
149 358
149 348
149 264
149 424
149 303
149 484
149 364
149 250
150 202
150 452
150 397
150 215
150 330
150 479
150 224
150 195
150 316
150 315
150 289
150 401
150 347
150 483
150 302
150 425
150 495
150 301
150 212
150 445
150 423
151 360
151 452
151 158
151 335
151 194
151 167
151 239
151 257
151 220
151 326
151 464
151 337
151 315
151 349
151 339
152 489
152 321
152 338
152 270
152 336
152 391
152 193
152 315
152 398
152 466
152 182
152 259
152 456
152 420
152 467
152 345
152 469
152 311
152 482
152 445
152 279
152 458
152 454
152 424
152 374
152 382
152 418
152 431
152 343
152 272
152 289
152 220
153 416
153 266
153 227
153 221
153 495
153 386
153 290
153 359
153 337
153 419
153 482
153 391
153 230
153 437
153 450
153 245
153 379
153 276
153 226
153 346
154 448
154 216
154 206
154 338
154 457
154 339
154 279
154 164
154 254
154 233
154 223
154 271
154 388
154 379
154 385
154 401
154 454
154 293
155 325
155 461
155 381
155 407
155 265
155 168
155 338
155 220
155 205
155 284
155 496
155 397
155 239
155 409
155 231
155 208
155 312
155 374
155 316
156 227
156 375
156 167
156 304
156 438
156 378
156 228
156 324
156 190
156 262
156 173
156 245
156 467
156 460
156 219
156 231
157 220
157 185
157 306
157 287
157 222
157 205
157 194
157 248
157 488
158 287
158 398
158 459
158 428
158 445
158 321
158 319
158 477
158 348
158 333
158 377
158 180
158 470
158 166
158 424
158 384
159 288
159 265
159 248
159 410
159 487
159 232
159 449
159 318
159 332
159 204
159 190
159 269
159 324
159 442
159 195
159 196
159 216
159 192
159 242
159 260
159 305
159 460
159 222
159 362
159 320
159 193
160 448
160 493
160 399
160 224
160 388
160 401
160 419
160 327
160 365
160 429
160 286
160 336
160 204
160 232
160 322
160 241
160 230
160 422
160 425
160 324
160 357
160 252
161 461
161 471
161 369
161 183
161 326
161 466
161 464
161 338
161 225
161 254
161 410
161 238
161 288
161 261
161 386
161 236
161 361
161 381
161 480
162 241
162 492
162 465
162 248
162 344
162 475
162 463
162 313
162 440
162 297
162 399
162 488
162 184
162 461
162 235
162 425
162 265
162 243
162 171
162 451
163 187
163 191
163 356
163 460
163 196
163 255
163 237
163 198
163 465
163 307
163 253
163 394
163 276
163 296
163 493
163 321
163 396
163 319
164 244
164 282
164 265
164 324
164 350
164 497
164 319
164 430
164 390
164 422
164 369
164 386
164 442
164 290
164 343
164 344
164 423
164 367
165 326
165 434
165 294
165 427
165 259
165 347
165 227
165 313
165 277
165 395
165 176
165 467
165 437
165 316
165 169
165 306
165 186
165 418
166 305
166 468
166 411
166 269
166 359
166 256
166 483
166 223
166 449
166 484
166 321
166 452
166 486
166 300
166 464
166 185
166 285
166 381
167 430
167 170
167 378
167 382
167 174
167 253
167 347
167 263
167 409
167 369
167 498
167 461
167 362
167 324
167 179
167 172
167 396
167 451
167 211
167 177
167 264
167 305
168 188
168 191
168 373
168 298
168 428
168 460
168 477
168 484
168 339
168 488
168 343
168 486
168 284
168 496
168 423
168 189
168 287
168 309
168 272
168 353
169 275
169 266
169 254
169 375
169 317
169 378
169 383
169 373
169 461
169 393
169 369
169 226
169 181
169 449
169 309
169 360
170 297
170 457
170 272
170 327
170 282
170 321
170 217
170 187
170 366
170 227
170 438
170 177
170 233
170 445
170 498
170 336
170 404
170 400
170 485
170 370
171 175
171 288
171 367
171 284
171 474
171 262
171 287
171 307
171 279
171 293
171 313
171 197
171 426
171 351
171 221
171 240
171 248
171 473
171 218
171 463
171 268
171 198
172 346
172 219
172 349
172 332
172 321
172 251
172 470
172 298
172 419
172 446
172 443
172 386
172 231
173 193
173 360
173 498
173 314
173 433
173 293
173 428
173 450
173 257
173 243
173 195
173 451
173 343
173 358
173 427
173 265
173 319
174 471
174 443
174 430
174 226
174 207
174 184
174 246
174 189
174 214
174 498
174 400
174 222
174 344
174 410
174 427
174 436
174 494
174 201
174 220
174 374
174 433
174 218
174 211
175 345
175 312
175 485
175 297
175 348
175 250
175 398
175 266
175 292
175 493
175 316
175 414
175 489
175 196
175 217
175 380
175 244
175 331
175 401
176 384
176 218
176 269
176 227
176 467
176 256
176 221
176 303
176 240
176 191
176 479
177 422
177 446
177 333
177 420
177 494
177 390
177 274
177 387
177 452
177 310
177 342
177 374
177 226
177 285
177 296
177 247
178 318
178 378
178 484
178 179
178 333
178 458
178 212
178 429
178 315
178 395
178 473
178 402
178 330
178 297
178 254
178 454
178 248
178 490
179 424
179 212
179 235
179 422
179 387
179 203
179 462
179 440
179 216
179 201
179 288
179 243
180 298
180 263
180 218
180 327
180 280
180 229
180 456
180 205
180 434
180 237
180 241
180 459
180 352
180 494
180 199
180 433
180 427
180 347
181 200
181 363
181 197
181 419
181 302
181 414
181 214
181 396
181 301
181 307
181 264
181 341
181 325
181 283
181 461
181 378
182 443
182 338
182 322
182 186
182 342
182 383
182 231
182 343
182 268
182 499
182 463
182 466
182 419
182 190
182 332
182 269
182 430
182 344
183 267
183 262
183 425
183 303
183 480
183 293
183 292
183 202
183 308
183 316
183 223
183 404
183 377
183 246
183 281
183 243
183 285
183 188
184 453
184 345
184 357
184 451
184 405
184 399
184 464
184 300
184 219
184 207
184 309
184 397
184 479
184 427
184 214
184 312
184 401
184 476
184 490
184 457
185 312
185 327
185 212
185 352
185 278
185 284
185 206
185 243
185 467
185 266
185 258
185 234
185 186
185 306
185 350
185 261
185 393
185 407
185 465
185 359
185 276
185 391
185 367
186 207
186 355
186 414
186 497
186 443
186 247
186 418
186 250
186 252
186 309
186 253
186 412
186 269
186 472
186 226
186 485
186 462
187 463
187 412
187 217
187 334
187 386
187 253
187 200
187 367
187 365
187 461
187 453
187 384
187 267
187 277
187 335
187 350
187 343
187 268
187 248
187 484
188 291
188 198
188 456
188 388
188 283
188 355
188 359
188 454
188 466
188 491
188 214
188 217
188 320
189 262
189 370
189 302
189 304
189 317
189 418
189 431
189 270
189 390
189 237
189 485
189 401
189 484
189 389
190 403
190 231
190 271
190 442
190 300
190 427
190 264
190 321
190 385
190 324
190 258
191 479
191 337
191 438
191 394
191 372
191 365
191 491
191 267
191 349
191 364
191 413
191 412
191 467
192 253
192 487
192 418
192 382
192 483
192 495
192 376
192 459
193 423
193 349
193 472
193 405
193 438
193 225
193 229
193 223
193 252
193 273
193 243
193 468
193 421
193 261
194 329
194 343
194 402
194 390
194 394
194 297
194 309
194 347
194 385
194 397
194 393
194 240
194 493
194 326
194 248
194 213
194 218
194 252
195 259
195 304
195 267
195 329
195 431
195 396
195 323
195 458
195 479
195 363
195 209
196 259
196 484
196 431
196 277
196 351
196 274
196 442
196 286
196 434
196 230
196 414
196 453
196 223
196 410
196 334
196 424
196 304
196 243
196 244
196 475
196 263
196 369
196 335
196 398
197 411
197 211
197 244
197 285
197 304
197 327
197 336
197 487
197 312
197 250
197 471
197 266
197 316
197 453
197 375
197 409
197 378
197 207
197 426
197 311
197 324
197 352
198 300
198 447
198 252
198 211
198 274
198 486
198 415
198 396
198 260
198 362
198 307
198 232
198 498
198 254
198 280
198 258
198 417
198 202
198 240
199 489
199 347
199 209
199 401
199 251
199 355
199 350
199 306
199 479
199 227
199 408
199 221
199 213
200 440
200 364
200 312
200 359
200 476
200 292
200 279
200 464
200 469
200 346
200 434
200 405
200 207
200 319
200 303
200 477
200 402
201 343
201 456
201 225
201 317
201 454
201 223
201 395
201 277
201 483
201 219
201 464
202 440
202 431
202 233
202 481
202 355
202 317
202 303
202 270
202 347
202 402
202 476
202 454
202 417
202 452
202 418
202 249
203 232
203 303
203 339
203 355
203 455
203 320
203 374
203 210
203 358
203 236
203 278
203 389
203 216
203 310
203 259
203 376
203 246
204 266
204 244
204 448
204 331
204 290
204 344
204 434
204 437
204 399
204 443
204 444
204 247
204 293
204 417
204 329
204 267
205 473
205 354
205 310
205 375
205 286
205 457
205 346
205 299
205 302
205 342
205 338
205 328
205 488
205 412
206 489
206 345
206 398
206 343
206 266
206 492
206 407
206 224
206 251
206 482
206 217
206 242
206 414
206 215
206 252
206 431
207 342
207 313
207 413
207 351
207 284
207 468
207 454
207 363
207 481
208 315
208 306
208 359
208 219
208 272
208 287
208 316
208 244
208 236
208 394
208 340
208 423
208 485
208 233
208 224
209 300
209 245
209 318
209 483
209 358
209 401
209 256
209 457
209 363
209 328
209 337
209 223
209 406
209 408
209 495
209 317
210 220
210 325
210 432
210 449
210 278
210 463
210 234
210 428
210 312
210 439
210 380
210 474
210 381
210 283
210 320
210 303
210 486
211 318
211 429
211 489
211 467
211 443
211 326
211 452
211 266
211 257
211 372
211 425
211 287
211 491
212 262
212 424
212 230
212 289
212 428
212 478
212 240
212 213
212 224
212 247
212 253
212 220
212 408
213 308
213 265
213 381
213 359
213 495
213 291
213 367
213 473
213 433
213 369
213 404
213 409
213 441
214 435
214 284
214 402
214 432
214 324
214 278
214 280
214 312
214 295
214 479
214 359
214 332
214 415
214 374
214 446
214 293
215 409
215 343
215 224
215 338
215 395
215 396
215 299
215 257
215 233
215 300
215 419
215 264
215 362
216 233
216 388
216 402
216 490
216 474
216 379
216 435
216 381
216 399
216 245
216 396
216 231
216 258
216 360
216 356
216 413
216 304
216 479
216 472
217 467
217 448
217 233
217 296
217 220
217 422
217 357
217 472
217 482
217 335
217 479
217 401
217 288
217 407
217 348
217 452
218 496
218 486
218 483
218 495
218 384
218 320
218 232
218 280
218 288
218 287
218 435
218 329
218 299
219 436
219 392
219 382
219 434
219 330
219 394
219 438
219 371
219 442
219 430
219 315
219 437
219 451
219 240
219 297
219 460
219 316
219 372
219 416
219 229
219 226
220 450
220 248
220 269
220 496
220 443
220 250
220 287
220 404
220 292
220 315
220 419
220 414
220 409
220 286
220 418
220 333
220 283
220 463
221 487
221 243
221 316
221 384
221 430
221 344
221 437
221 366
221 493
221 287
221 267
221 401
221 444
221 295
221 422
221 447
221 242
221 246
222 275
222 411
222 496
222 405
222 380
222 386
222 232
222 367
222 351
222 359
222 481
222 258
222 421
223 395
223 237
223 333
223 486
223 385
223 316
223 304
223 300
223 462
223 263
223 482
223 355
223 341
223 459
223 242
223 336
223 226
223 492
224 404
224 346
224 230
224 427
224 273
224 436
224 325
224 469
224 374
224 394
224 336
224 364
224 319
224 339
224 423
224 335
224 295
225 372
225 291
225 483
225 230
225 278
225 420
225 265
225 298
225 397
225 464
225 242
225 424
225 293
225 428
225 253
225 451
226 249
226 314
226 413
226 444
226 258
226 296
226 304
226 244
226 410
226 358
227 393
227 346
227 441
227 469
227 373
227 369
227 413
227 472
227 377
227 409
227 240
227 231
227 229
227 299
227 263
227 334
227 399
227 251
227 445
228 409
228 267
228 378
228 453
228 476
228 491
228 394
228 319
228 271
228 483
228 407
228 495
228 446
228 347
228 383
228 353
228 308
228 428
228 477
228 233
229 304
229 295
229 347
229 454
229 314
229 263
229 344
229 327
229 281
229 265
229 488
229 350
230 399
230 276
230 366
230 312
230 325
230 483
230 286
230 415
230 239
230 253
230 351
230 362
230 443
230 486
230 492
230 306
230 285
230 238
231 471
231 372
231 457
231 257
231 426
231 290
231 452
231 453
231 409
231 298
231 391
231 460
231 292
231 435
231 405
231 326
231 362
232 454
232 410
232 304
232 272
232 389
232 255
232 436
232 335
232 399
232 245
232 329
233 292
233 385
233 475
233 408
233 264
233 442
233 447
233 428
233 407
233 247
233 334
233 335
233 325
233 293
234 278
234 346
234 442
234 465
234 331
234 422
234 280
234 498
234 466
234 361
234 339
234 434
234 492
234 324
234 359
234 271
234 450
234 266
235 482
235 457
235 460
235 359
235 319
235 403
235 300
235 444
235 327
235 290
235 297
235 303
235 453
235 470
235 450
236 466
236 390
236 432
236 309
236 450
236 458
236 447
236 271
236 298
236 336
236 394
236 425
236 445
236 405
236 247
236 323
236 373
237 478
237 395
237 463
237 386
237 453
237 360
237 415
237 487
237 404
237 427
237 274
237 306
237 428
237 434
237 465
238 248
238 468
238 320
238 363
238 241
238 469
238 278
238 294
238 394
238 385
238 455
238 395
238 251
238 452
238 482
238 403
239 391
239 458
239 336
239 422
239 410
239 425
239 394
239 383
239 482
239 259
239 440
239 371
239 377
239 451
239 374
239 294
239 355
239 358
240 375
240 391
240 284
240 488
240 468
240 431
240 302
240 354
240 457
240 341
240 436
240 456
240 491
240 265
240 298
240 346
240 451
240 425
240 351
241 319
241 323
241 499
241 286
241 439
241 302
241 351
241 497
241 434
241 423
241 369
242 303
242 429
242 284
242 367
242 261
242 269
242 313
242 384
242 491
242 254
242 474
242 304
242 390
242 308
242 446
242 443
243 347
243 480
243 247
243 451
243 365
243 249
243 356
243 390
243 375
243 403
244 455
244 409
244 349
244 390
244 331
244 408
244 488
244 461
244 258
244 391
245 314
245 299
245 344
245 292
245 398
245 289
245 355
245 351
245 430
245 343
245 431
245 471
245 352
245 320
246 276
246 443
246 472
246 387
246 353
246 272
246 310
246 463
246 476
246 374
246 469
246 444
246 372
246 432
246 380
246 402
247 296
247 255
247 410
247 336
247 344
247 323
247 310
247 447
247 375
248 479
248 452
248 499
248 316
248 314
248 486
248 483
248 357
248 415
248 454
248 305
248 343
248 303
248 306
248 288
248 489
249 354
249 460
249 310
249 380
249 375
249 398
249 254
249 368
249 475
249 387
249 421
249 410
249 350
250 321
250 314
250 460
250 399
250 255
250 261
250 426
250 375
250 492
250 327
250 405
250 260
250 433
250 352
250 444
250 385
250 465
250 422
250 392
250 484
251 498
251 275
251 492
251 298
251 302
251 436
251 460
251 449
251 328
251 374
252 369
252 452
252 317
252 375
252 455
252 303
252 287
252 279
252 339
252 439
252 486
252 483
252 402
253 256
253 475
253 444
253 477
253 357
253 381
253 375
253 321
253 491
253 262
253 275
253 452
253 307
253 341
253 365
254 342
254 340
254 308
254 469
254 414
254 346
254 438
254 493
254 462
254 440
254 310
254 372
254 448
254 331
255 443
255 448
255 394
255 271
255 485
255 276
255 353
255 439
255 358
255 479
255 347
256 311
256 346
256 380
256 386
256 320
256 490
256 492
256 409
256 338
256 427
256 361
256 403
256 410
256 389
256 461
256 420
256 283
257 429
257 328
257 420
257 475
257 415
257 333
257 332
257 471
257 261
257 486
257 270
257 496
257 435
257 318
257 365
257 491
257 281
257 360
257 402
257 373
257 356
258 470
258 332
258 356
258 260
258 313
258 469
258 466
258 269
258 493
258 359
258 410
258 345
258 379
258 355
258 390
258 314
258 489
258 328
258 272
259 290
259 467
259 474
259 285
259 423
259 488
259 316
259 378
259 463
259 332
259 353
259 450
259 442
259 320
259 327
259 371
260 381
260 375
260 363
260 390
260 349
260 284
260 311
260 335
260 339
260 385
260 472
260 497
260 478
260 471
261 355
261 474
261 413
261 297
261 400
261 342
261 356
261 311
261 295
261 383
261 284
261 465
261 473
261 312
262 417
262 327
262 357
262 498
262 283
262 419
262 465
263 349
263 307
263 316
263 314
263 478
263 435
263 325
263 482
263 427
263 436
263 407
263 353
264 272
264 386
264 474
264 340
264 430
264 342
264 366
264 383
264 459
264 428
264 460
265 482
265 424
265 362
265 403
265 320
265 372
265 334
265 310
266 275
266 402
266 278
266 381
266 268
266 281
266 492
266 425
266 412
266 280
266 390
266 357
266 300
267 469
267 369
267 301
267 388
267 377
267 489
267 269
267 400
267 473
267 431
268 464
268 274
268 409
268 444
268 442
268 344
268 318
268 467
268 386
268 342
268 449
268 487
268 362
268 270
268 345
269 479
269 458
269 408
269 284
269 369
269 279
269 439
269 312
269 382
269 287
269 308
269 478
269 378
270 385
270 378
270 380
270 311
270 463
270 328
270 412
270 288
270 466
270 441
270 436
270 402
270 304
270 347
270 485
271 305
271 406
271 377
271 464
271 479
271 316
271 373
271 393
271 340
271 344
271 374
271 408
271 303
271 299
272 287
272 310
272 357
272 351
272 469
272 401
272 384
272 381
272 301
272 488
272 288
272 349
273 306
273 416
273 437
273 408
273 321
273 366
273 390
273 430
273 479
273 400
273 451
273 365
273 499
273 405
273 470
273 382
273 424
274 411
274 442
274 462
274 405
274 299
274 400
274 370
274 415
274 396
274 477
274 467
274 447
274 310
274 496
274 386
275 411
275 342
275 474
275 447
275 424
275 429
275 278
275 408
275 286
275 346
275 486
275 442
275 492
276 314
276 315
276 335
276 495
276 282
276 371
276 452
276 465
276 318
276 358
277 406
277 280
277 291
277 494
277 357
277 487
277 405
277 463
277 393
277 342
277 310
277 385
277 424
277 388
278 298
278 471
278 341
278 367
278 334
278 357
278 475
278 406
278 285
278 453
278 297
279 477
279 484
279 460
279 439
279 281
279 399
279 321
279 405
279 487
279 499
279 326
279 335
279 466
279 447
280 378
280 318
280 411
280 412
280 370
280 296
280 341
280 323
280 431
280 310
280 307
280 373
280 440
280 369
280 461
280 399
280 481
281 372
281 383
281 485
281 389
281 460
281 368
281 488
281 436
281 492
281 358
281 318
281 331
282 441
282 308
282 340
282 311
282 396
282 375
282 334
282 367
282 419
282 460
282 469
282 478
282 333
282 341
283 491
283 449
283 380
283 334
283 442
283 317
283 296
283 446
283 383
283 309
283 435
283 403
283 402
284 286
284 401
284 367
284 309
284 385
284 295
284 487
284 328
284 432
284 340
284 287
284 358
284 447
285 393
285 302
285 308
285 384
285 353
285 366
285 474
285 403
285 307
285 460
285 426
285 349
285 381
285 339
285 340
286 358
286 483
286 307
286 419
286 482
286 287
286 410
286 435
286 341
286 326
286 344
286 345
286 388
287 463
287 309
287 402
287 446
287 475
287 479
287 371
287 466
287 365
287 344
287 489
288 313
288 462
288 470
288 450
288 445
288 350
288 328
288 479
288 487
288 293
288 443
288 441
288 308
288 425
288 367
288 471
288 318
288 358
288 301
289 436
289 482
289 389
289 445
289 290
289 387
289 336
289 318
289 435
289 473
289 433
289 317
289 326
290 494
290 371
290 445
290 341
290 301
290 408
290 359
290 475
290 453
290 426
290 407
290 484
290 393
291 426
291 324
291 317
291 373
291 403
291 322
291 486
291 318
291 464
292 392
292 400
292 499
292 302
292 415
292 487
292 419
292 383
292 445
292 478
292 489
292 350
293 407
293 494
293 346
293 394
293 301
293 492
293 356
294 372
294 376
294 298
294 308
294 486
294 495
294 375
294 346
294 440
294 301
294 339
295 492
295 441
295 364
295 324
295 382
295 411
295 314
295 395
295 420
295 359
295 379
295 489
295 376
296 418
296 373
296 390
296 371
296 484
296 472
296 353
296 476
296 365
296 482
296 401
296 452
296 450
297 330
297 449
297 491
297 486
297 466
297 467
298 398
298 378
298 449
298 443
298 319
298 306
298 419
298 482
298 499
298 390
298 360
298 366
298 405
298 363
298 358
298 440
298 480
298 324
298 336
298 332
299 381
299 441
299 336
299 471
299 416
299 349
299 490
299 439
299 481
300 401
300 439
300 402
300 461
300 492
300 310
300 468
300 491
300 388
300 331
300 386
301 360
301 399
301 449
301 460
301 481
301 331
301 407
301 438
302 396
302 376
302 330
302 462
302 484
302 476
302 399
302 329
302 381
302 320
302 358
302 304
302 494
303 436
303 468
303 382
303 460
303 333
303 495
303 360
303 498
303 474
303 417
303 311
303 441
303 367
303 315
303 366
304 490
304 341
304 311
304 334
304 355
304 326
304 412
304 383
304 455
304 309
305 386
305 482
305 441
305 346
305 418
305 408
306 497
306 309
306 403
306 488
306 361
306 499
306 367
306 390
306 477
306 425
306 375
306 415
306 324
306 388
307 494
307 486
307 362
307 440
307 345
307 472
307 369
307 479
307 495
308 364
308 357
308 374
308 393
308 347
308 417
308 439
308 344
308 481
308 441
308 405
308 471
309 391
309 366
309 325
309 383
309 343
309 388
309 419
310 414
310 313
310 375
310 380
310 327
310 335
310 477
311 468
311 371
311 312
311 315
311 470
311 416
311 374
311 396
312 396
312 321
312 347
312 407
312 483
312 451
312 400
312 405
313 348
313 428
313 429
313 406
313 450
313 432
313 455
313 445
313 340
314 449
314 384
314 391
314 371
314 357
314 409
314 441
314 331
314 456
314 366
314 468
315 389
315 457
315 347
315 484
315 415
315 473
315 438
315 374
315 429
315 459
316 317
316 490
316 425
316 388
316 391
316 356
316 364
316 436
316 492
316 419
316 346
317 373
317 398
317 468
317 410
317 364
317 499
317 332
317 426
317 357
317 336
317 448
317 497
317 324
317 394
317 390
317 464
318 447
318 456
318 384
318 451
318 498
318 344
318 401
318 477
318 332
318 361
318 440
318 492
319 483
319 324
319 481
319 485
319 341
319 454
320 453
320 494
320 422
320 332
320 402
320 341
320 373
320 454
320 430
320 457
320 394
320 450
320 415
320 434
321 387
321 395
321 468
321 439
321 444
321 464
321 346
321 477
321 398
321 357
321 449
322 403
322 349
322 402
322 456
322 414
322 419
322 484
322 448
322 444
322 469
322 345
323 395
323 344
323 430
323 445
323 382
323 480
323 342
323 377
323 471
324 361
324 444
324 357
324 386
324 340
324 355
324 363
324 462
325 412
325 336
325 374
325 475
325 461
325 328
325 453
325 455
325 364
325 480
325 452
325 463
325 495
325 469
325 408
325 341
325 417
325 331
326 471
326 432
326 392
326 351
326 363
326 453
326 385
326 396
327 420
327 410
327 495
327 426
327 351
327 331
327 419
327 369
327 339
327 484
327 498
327 429
327 357
328 332
328 340
328 395
328 353
328 403
328 465
328 404
329 401
329 475
329 430
329 429
329 360
329 389
329 427
329 388
329 482
329 472
330 387
330 381
330 389
330 373
330 454
330 461
330 442
330 493
330 416
330 355
330 337
331 337
331 491
331 441
331 346
331 391
331 407
331 415
332 441
332 413
332 482
332 457
332 462
332 499
332 349
332 419
332 481
332 384
332 470
333 417
333 430
333 409
333 449
333 356
333 452
333 454
333 344
333 440
333 485
333 481
333 379
333 396
333 352
333 457
334 376
334 498
334 434
334 407
334 476
334 475
334 443
334 337
335 448
335 409
335 499
335 425
335 417
335 339
335 361
335 445
335 471
336 357
336 493
336 436
336 426
336 345
336 398
337 457
337 485
337 460
337 367
337 406
338 393
338 470
338 488
338 354
338 472
338 466
339 408
339 385
339 434
339 374
339 439
339 410
339 409
339 446
339 393
339 464
339 492
340 496
340 421
340 350
341 355
341 411
341 372
341 357
341 459
341 416
341 446
341 373
341 369
342 480
342 481
342 434
342 402
342 445
342 351
342 447
342 410
343 392
343 394
343 427
343 363
343 349
343 350
343 482
343 378
343 434
343 364
344 436
344 445
344 437
344 393
345 351
345 460
345 446
345 468
345 403
345 441
345 433
345 495
345 485
345 474
345 408
345 364
345 464
345 481
345 437
346 378
346 363
346 442
346 365
346 457
347 363
347 350
347 413
347 448
347 493
347 458
347 401
347 356
347 497
347 476
347 444
347 472
348 388
348 486
348 375
348 498
348 405
348 445
348 495
348 424
348 443
349 421
349 496
349 490
349 398
349 413
350 395
350 386
350 440
350 454
350 368
350 366
350 422
351 497
351 396
351 392
351 457
351 466
351 352
351 474
352 382
352 456
352 471
352 496
352 452
352 429
352 364
352 455
352 415
353 474
353 370
353 360
353 412
353 413
353 443
353 463
353 423
353 384
353 492
353 457
353 458
353 410
353 358
354 472
354 432
354 460
354 355
354 361
354 374
354 489
355 461
355 396
355 436
355 365
355 423
355 421
355 467
355 406
355 462
356 452
356 430
356 394
356 367
356 400
356 491
356 375
357 471
357 446
357 475
357 436
358 477
358 396
358 495
358 441
358 459
359 477
359 425
359 395
359 476
359 384
359 459
359 455
359 435
360 457
360 416
360 414
360 398
361 441
361 472
361 418
361 470
361 492
361 365
361 400
361 438
361 435
361 456
361 375
362 477
362 372
362 436
362 387
362 423
362 471
362 497
363 409
363 414
363 430
363 456
363 498
363 365
363 463
364 402
364 404
364 388
364 437
364 368
365 389
365 419
365 452
365 451
365 450
365 469
365 387
365 497
365 414
366 469
366 458
366 400
366 437
366 401
366 446
366 427
366 452
366 447
367 386
367 479
367 418
367 380
367 394
367 397
368 409
368 439
368 443
368 408
368 380
368 431
368 492
368 494
368 452
369 420
369 477
369 454
369 432
369 443
369 494
369 393
369 447
369 481
369 396
369 468
370 425
370 436
370 418
370 379
370 417
370 453
371 487
371 405
371 455
371 474
371 461
371 430
372 410
372 465
372 382
372 378
372 496
372 389
372 421
372 434
372 435
372 400
373 423
373 490
373 480
373 445
373 476
373 407
373 382
373 403
373 455
374 459
374 495
374 412
374 411
374 472
375 394
375 418
376 377
376 419
376 494
376 471
376 446
377 430
377 380
377 411
377 416
377 396
378 445
378 456
378 440
378 487
378 481
378 482
379 473
379 402
379 434
379 383
379 431
380 444
380 458
380 385
380 499
380 471
380 490
380 407
380 442
380 381
380 487
381 485
381 481
381 475
381 393
381 473
382 443
382 427
382 383
382 418
382 469
382 436
382 441
382 470
382 459
382 492
383 463
383 473
383 425
383 448
383 482
384 408
384 493
384 497
384 442
384 423
384 399
384 487
384 420
384 389
385 394
385 436
385 444
385 416
385 494
386 490
386 434
386 494
386 425
386 437
386 430
386 393
386 453
386 449
387 390
387 434
387 486
387 430
387 432
388 495
388 472
388 458
388 475
388 480
388 457
389 499
389 478
389 479
389 395
389 400
389 456
389 426
390 453
390 410
390 470
390 414
390 465
390 452
390 480
391 426
391 459
391 489
391 458
391 393
391 449
391 499
391 488
391 417
391 469
391 402
392 430
392 472
392 488
392 469
393 411
393 396
393 454
393 424
393 421
393 482
394 401
394 448
394 395
395 487
395 451
395 490
395 413
395 492
395 421
396 487
396 454
396 445
396 417
396 447
396 400
396 480
397 488
397 459
397 417
397 428
397 432
397 413
398 404
398 433
398 469
398 478
398 418
398 408
399 431
399 408
399 439
399 498
400 476
400 491
400 481
400 418
401 440
401 420
401 415
401 432
401 442
401 495
401 411
401 438
401 405
402 473
402 485
402 407
402 442
402 449
402 461
402 429
403 417
403 439
403 484
403 429
403 485
404 470
404 443
404 486
404 415
404 450
404 417
404 432
404 497
405 490
405 452
405 467
405 423
405 491
406 447
406 493
406 483
406 459
406 418
406 494
406 417
406 448
407 427
407 448
407 475
407 471
407 443
407 417
407 440
407 472
408 412
408 416
408 449
409 489
409 424
409 427
409 497
410 418
410 490
411 495
411 441
411 431
411 450
411 427
411 434
411 472
412 424
412 434
412 429
412 490
412 468
412 421
412 497
413 479
413 460
413 429
414 450
414 491
414 425
414 443
414 492
414 420
414 430
415 444
415 473
415 416
415 417
416 488
416 451
416 445
416 469
417 455
417 468
417 427
417 445
418 445
419 489
419 497
419 436
419 464
420 461
420 439
420 476
420 466
420 472
420 456
421 481
421 438
421 453
421 439
421 433
421 471
421 479
423 496
423 461
423 479
423 447
423 435
423 473
423 436
424 470
425 465
425 426
425 456
425 457
426 478
426 463
426 439
426 476
426 483
427 428
427 468
427 434
427 458
428 486
428 455
428 460
429 466
429 437
429 479
430 484
430 447
430 454
430 433
431 473
431 467
432 476
432 450
432 448
433 437
434 473
435 499
435 484
435 490
436 449
436 457
436 482
436 465
437 496
437 469
438 483
438 490
439 489
439 478
440 483
440 496
440 453
440 450
440 475
440 481
440 474
441 469
441 459
441 461
441 468
442 447
443 462
443 458
443 451
443 450
443 446
443 474
443 448
443 494
444 472
444 470
444 489
444 466
445 478
445 447
445 498
446 497
447 497
447 468
447 452
447 451
448 479
448 461
448 473
449 499
449 470
449 450
450 473
450 488
451 486
451 461
451 467
451 453
451 455
451 478
452 457
452 466
452 470
452 486
452 477
453 470
454 472
454 484
454 461
454 494
455 493
455 468
456 495
456 459
457 482
457 496
457 483
457 487
458 461
458 469
458 482
458 474
459 478
459 494
459 496
460 466
463 470
463 480
463 488
463 476
464 481
464 478
465 476
466 496
466 498
466 493
467 497
467 471
467 486
467 478
468 471
468 490
469 487
470 491
471 492
473 479
473 494
473 483
480 498
480 482
480 483
484 497
485 497
486 487
488 494
495 497
