VERTICES = 500
EDGES = 7500
0 234
0 370
0 41
0 433
0 382
0 178
0 271
0 199
0 11
0 410
0 279
0 8
0 352
0 94
0 88
0 431
0 215
0 454
0 300
0 475
0 190
0 89
0 246
0 403
0 440
0 209
0 273
0 99
0 312
1 347
1 404
1 289
1 23
1 465
1 446
1 217
1 238
1 355
1 284
1 59
1 170
1 243
1 43
1 222
1 349
1 209
1 251
1 206
1 365
1 119
1 314
1 368
1 186
1 341
1 417
1 140
1 47
1 469
2 495
2 467
2 161
2 309
2 304
2 173
2 131
2 253
2 494
2 97
2 106
2 174
2 144
2 478
2 124
2 192
2 239
2 400
2 269
2 119
2 390
2 367
2 425
2 241
2 469
2 266
2 189
2 444
3 105
3 7
3 215
3 251
3 382
3 427
3 87
3 174
3 450
3 438
3 17
3 360
3 202
3 357
3 226
3 221
3 388
3 173
3 371
3 261
3 125
3 421
3 458
3 119
3 420
3 54
3 290
3 71
3 318
3 158
3 256
3 492
3 4
3 212
3 257
3 485
4 120
4 402
4 115
4 159
4 125
4 270
4 496
4 361
4 74
4 35
4 239
4 279
4 442
4 368
4 407
4 257
4 25
4 400
4 173
4 27
4 326
4 300
4 296
4 117
4 415
5 289
5 350
5 370
5 157
5 398
5 326
5 15
5 227
5 156
5 400
5 194
5 254
5 73
5 106
5 455
5 484
5 383
5 38
5 280
5 454
5 365
5 256
5 266
5 48
6 326
6 199
6 228
6 43
6 129
6 220
6 498
6 55
6 65
6 297
6 474
6 440
6 389
6 279
6 19
6 437
6 7
6 183
7 472
7 474
7 289
7 361
7 191
7 385
7 271
7 487
7 122
7 83
7 238
7 251
7 451
7 25
7 147
7 272
7 103
7 9
7 43
7 457
7 181
7 418
7 462
7 379
7 420
7 161
7 395
7 266
7 179
8 61
8 152
8 83
8 361
8 13
8 321
8 302
8 343
8 42
8 419
8 404
8 166
8 264
8 73
8 422
8 249
8 39
8 375
8 56
8 49
8 114
8 269
8 388
8 456
8 337
8 316
8 177
8 499
8 425
8 495
8 149
8 473
8 440
8 341
9 145
9 256
9 266
9 445
9 412
9 227
9 318
9 394
9 434
9 25
9 468
9 332
9 404
9 196
9 212
9 405
9 112
9 233
9 194
9 14
9 281
9 102
9 377
9 273
9 462
9 216
9 316
9 18
9 493
9 186
9 114
9 346
9 421
9 209
9 58
9 123
10 379
10 16
10 416
10 201
10 389
10 239
10 153
10 288
10 14
10 47
10 205
10 477
10 32
10 50
10 261
10 143
10 468
10 417
10 252
10 125
10 222
10 369
10 164
10 469
10 100
10 466
10 345
10 243
10 421
10 490
10 34
10 299
10 331
11 121
11 424
11 408
11 24
11 439
11 350
11 89
11 327
11 490
11 91
11 173
11 309
11 342
11 296
11 361
11 103
11 187
11 314
11 156
11 28
11 74
11 421
11 69
11 349
11 35
11 358
11 482
11 107
11 255
12 316
12 169
12 207
12 163
12 92
12 305
12 269
12 155
12 135
12 277
12 17
12 129
12 279
12 487
12 48
12 143
12 165
12 263
12 57
12 232
12 346
12 261
12 431
12 94
12 485
12 106
12 206
12 99
12 375
12 467
12 197
13 438
13 129
13 309
13 82
13 428
13 71
13 339
13 320
13 118
13 133
13 154
13 391
13 295
13 484
13 421
13 25
13 317
13 330
13 394
13 224
13 151
13 335
13 181
13 226
13 487
13 418
13 22
13 470
13 140
13 486
13 399
13 105
13 423
13 281
13 178
13 347
13 75
13 468
13 351
13 334
14 173
14 123
14 177
14 276
14 58
14 71
14 490
14 303
14 225
14 395
14 422
14 170
14 52
14 60
14 98
14 304
14 76
14 16
14 268
14 264
14 73
14 142
14 482
14 317
14 144
14 213
14 53
14 209
15 357
15 216
15 346
15 193
15 486
15 21
15 40
15 104
15 221
15 224
15 406
15 149
15 419
15 407
15 329
15 427
15 108
15 429
15 106
15 392
15 422
15 175
15 351
15 454
15 113
15 166
16 144
16 219
16 417
16 486
16 78
16 56
16 175
16 161
16 88
16 194
16 482
16 465
16 30
16 205
16 450
16 62
16 320
16 70
16 135
16 203
16 98
16 335
16 327
17 425
17 429
17 427
17 410
17 469
17 440
17 98
17 417
17 171
17 311
17 258
17 117
17 52
17 350
17 376
17 304
17 172
17 300
17 175
17 342
17 168
17 346
17 192
17 159
17 25
17 133
17 475
17 292
17 88
17 64
17 443
17 275
17 291
17 278
17 239
17 252
18 339
18 239
18 96
18 387
18 434
18 100
18 313
18 423
18 195
18 35
18 355
18 143
18 275
18 52
18 73
18 426
18 274
18 249
18 144
18 269
18 279
18 102
18 282
18 210
18 188
18 320
19 96
19 264
19 382
19 185
19 145
19 68
19 329
19 362
19 169
19 25
19 287
19 97
19 370
19 203
19 93
19 306
19 84
19 494
19 490
19 310
19 78
19 167
19 74
19 274
19 368
19 58
19 351
19 118
19 399
19 396
19 282
19 379
19 372
19 59
19 496
20 272
20 471
20 413
20 102
20 247
20 195
20 120
20 252
20 432
20 352
20 375
20 212
20 141
21 334
21 314
21 430
21 77
21 298
21 403
21 447
21 290
21 458
21 25
21 242
21 190
21 169
21 321
21 175
21 421
21 336
21 130
21 270
21 276
21 245
22 133
22 255
22 77
22 345
22 487
22 200
22 106
22 422
22 478
22 251
22 67
22 311
22 38
22 246
22 476
22 69
22 86
22 398
22 42
22 481
22 289
22 40
22 205
22 342
22 391
22 386
22 493
22 204
22 63
23 293
23 148
23 68
23 47
23 353
23 470
23 256
23 209
23 239
23 377
23 78
23 217
23 325
23 34
23 252
23 151
23 388
23 496
23 207
23 300
23 241
23 42
23 126
23 221
23 180
23 118
23 170
23 481
23 32
23 234
23 296
23 316
24 407
24 265
24 213
24 399
24 424
24 441
24 480
24 487
24 241
24 70
24 260
24 484
24 113
24 206
24 131
24 261
24 317
24 202
24 47
24 190
24 181
24 248
24 212
24 385
24 338
24 369
24 95
24 391
24 443
25 261
25 309
25 490
25 65
25 31
25 410
25 29
25 361
25 33
25 285
25 260
25 156
25 308
25 207
25 227
25 409
25 100
25 217
25 279
25 400
25 159
25 28
25 431
25 164
25 496
25 373
25 68
25 363
26 364
26 219
26 496
26 392
26 172
26 328
26 47
26 472
26 277
26 80
26 256
26 279
26 236
26 480
26 259
26 229
26 470
26 157
26 357
26 396
26 416
26 66
26 407
26 341
26 110
26 491
26 310
26 438
26 140
26 411
26 337
26 443
26 162
26 52
26 254
26 118
27 147
27 264
27 58
27 145
27 250
27 193
27 214
27 409
27 379
27 232
27 474
27 101
27 188
27 317
27 246
27 383
27 434
27 395
27 254
27 350
27 201
27 202
27 235
27 253
27 296
27 108
27 192
27 351
27 163
28 475
28 49
28 413
28 279
28 218
28 381
28 96
28 252
28 127
28 316
28 192
28 474
28 454
28 463
28 465
28 220
28 447
28 33
28 294
28 48
28 402
29 123
29 326
29 105
29 293
29 324
29 335
29 225
29 201
29 150
29 167
29 384
29 448
29 349
29 269
29 32
29 116
29 413
29 82
29 303
29 33
29 314
29 257
29 278
29 372
29 253
29 56
29 342
29 117
29 385
30 252
30 106
30 67
30 312
30 476
30 302
30 308
30 153
30 209
30 350
30 103
30 201
30 128
30 354
30 66
30 127
30 499
30 269
30 54
30 104
30 142
30 228
30 196
30 381
30 135
30 392
30 363
30 91
30 59
30 470
30 365
30 64
30 360
30 31
30 168
31 341
31 285
31 57
31 123
31 51
31 417
31 85
31 220
31 72
31 60
31 79
31 128
31 497
31 154
31 354
31 276
31 101
31 170
31 74
31 377
31 121
31 90
31 148
31 394
31 231
31 125
31 325
31 374
31 53
31 376
31 425
31 37
31 264
31 193
31 459
31 120
31 66
32 399
32 100
32 368
32 432
32 414
32 404
32 317
32 153
32 425
32 67
32 454
32 143
32 249
32 359
32 462
32 471
32 70
32 418
32 221
32 218
32 63
32 181
32 82
32 49
32 396
32 239
32 292
33 196
33 68
33 102
33 259
33 179
33 394
33 272
33 457
33 99
33 147
33 239
33 348
33 437
33 254
33 453
33 69
33 353
33 382
33 361
33 474
33 158
33 427
33 90
33 135
33 433
33 146
33 225
33 161
33 498
33 267
33 293
33 402
33 82
33 380
33 115
33 423
33 281
34 354
34 294
34 211
34 50
34 174
34 147
34 348
34 161
34 249
34 408
34 105
34 418
34 65
34 219
34 457
34 207
34 443
34 134
34 373
34 390
34 335
34 110
34 299
34 350
34 374
34 154
34 372
34 66
34 455
34 441
34 389
34 115
34 435
34 183
34 119
34 186
35 106
35 192
35 134
35 90
35 51
35 442
35 422
35 472
35 280
35 274
35 426
35 446
35 247
35 110
35 321
35 221
35 231
35 38
35 204
35 475
35 407
35 461
35 115
35 200
35 340
35 207
35 300
35 169
35 164
35 149
35 135
35 43
35 447
35 117
35 463
36 242
36 285
36 473
36 304
36 259
36 366
36 387
36 395
36 181
36 235
36 390
36 315
36 73
36 184
36 178
36 117
36 465
36 79
36 153
36 356
36 112
36 201
36 335
36 328
36 61
36 289
36 401
36 431
36 228
36 203
36 166
36 92
36 262
37 131
37 230
37 422
37 351
37 467
37 75
37 483
37 249
37 263
37 59
37 357
37 453
37 270
37 58
37 363
37 341
37 308
37 443
37 73
37 445
37 191
37 421
38 174
38 250
38 78
38 446
38 89
38 137
38 40
38 326
38 452
38 436
38 470
38 222
38 69
38 440
38 447
38 235
38 72
38 196
38 103
38 412
38 194
38 341
38 368
38 215
38 488
38 144
38 432
38 268
38 163
38 473
39 213
39 485
39 264
39 280
39 460
39 279
39 386
39 228
39 96
39 439
39 459
39 127
39 444
39 221
39 390
39 284
39 172
39 480
39 277
39 68
39 188
39 183
39 263
39 403
39 489
39 417
39 398
40 191
40 353
40 325
40 133
40 464
40 426
40 254
40 328
40 62
40 219
40 64
40 178
40 379
40 124
40 230
40 423
40 312
40 53
40 268
40 396
40 90
41 291
41 157
41 332
41 89
41 311
41 391
41 263
41 49
41 451
41 412
41 318
41 206
41 373
41 351
41 467
41 262
41 436
41 161
41 492
41 208
41 146
41 116
41 495
41 126
41 405
41 393
41 221
41 430
41 314
41 91
41 439
41 395
42 478
42 425
42 130
42 166
42 290
42 169
42 499
42 346
42 243
42 477
42 423
42 483
42 124
42 252
42 276
42 157
42 381
42 173
42 64
42 70
42 206
42 397
42 187
42 121
43 198
43 281
43 122
43 92
43 309
43 184
43 376
43 296
43 182
43 64
43 191
43 328
43 314
43 68
43 84
43 293
43 207
43 424
43 497
43 274
43 206
43 109
43 463
43 259
43 401
43 218
44 111
44 449
44 498
44 174
44 89
44 201
44 440
44 296
44 212
44 267
44 222
44 243
44 163
44 428
44 331
44 47
44 168
44 401
44 234
44 173
44 100
44 315
44 496
44 107
44 149
44 180
44 270
44 314
44 355
45 370
45 196
45 479
45 118
45 253
45 330
45 488
45 304
45 111
45 416
45 213
45 454
45 261
45 314
45 399
45 182
45 63
45 374
45 486
45 143
45 77
45 137
45 337
45 340
45 48
45 312
45 133
46 165
46 357
46 416
46 480
46 116
46 389
46 366
46 323
46 276
46 264
46 80
46 98
46 303
46 192
46 135
46 460
46 298
46 395
46 228
46 55
46 181
46 258
46 364
46 49
46 175
46 370
46 62
46 377
46 213
46 200
47 188
47 259
47 72
47 468
47 277
47 293
47 273
47 278
47 291
47 485
47 342
47 61
47 133
47 228
47 274
47 284
47 292
47 155
47 142
47 157
47 356
47 318
47 219
47 392
47 395
47 271
47 455
47 422
47 166
47 176
47 299
47 144
47 242
48 275
48 403
48 452
48 186
48 395
48 117
48 179
48 332
48 254
48 262
48 305
48 68
48 437
48 415
48 282
48 307
48 310
48 402
48 174
48 426
48 438
48 258
48 62
48 81
48 55
48 125
48 168
48 86
48 276
48 491
48 442
48 456
48 224
48 75
49 405
49 142
49 466
49 128
49 321
49 324
49 402
49 140
49 378
49 168
49 195
49 415
49 101
49 392
49 294
49 237
49 248
49 238
49 145
49 141
49 314
49 155
49 113
49 338
49 326
49 423
49 351
49 460
49 487
49 268
49 112
49 490
50 390
50 317
50 72
50 324
50 157
50 97
50 307
50 145
50 380
50 127
50 132
50 212
50 461
50 75
50 66
50 238
50 121
50 463
50 467
50 51
50 84
50 290
50 478
50 217
50 275
51 420
51 246
51 108
51 64
51 186
51 309
51 425
51 417
51 266
51 210
51 329
51 341
51 444
51 136
51 311
51 192
51 498
51 176
51 449
51 483
51 94
51 217
51 219
51 205
51 113
51 245
51 290
51 206
51 223
51 471
51 162
51 227
51 294
52 453
52 379
52 154
52 248
52 129
52 430
52 153
52 123
52 398
52 381
52 168
52 364
52 468
52 480
52 497
52 410
52 197
52 465
52 142
52 324
53 379
53 159
53 362
53 87
53 319
53 198
53 155
53 213
53 260
53 234
53 366
53 223
53 180
53 423
53 420
53 299
53 276
53 343
53 349
53 409
53 348
53 410
53 284
53 125
53 298
53 344
53 464
53 338
53 353
53 424
53 370
53 339
53 202
53 152
53 333
53 365
54 292
54 326
54 482
54 353
54 295
54 486
54 208
54 79
54 128
54 356
54 245
54 451
54 287
54 221
54 395
54 155
54 131
54 291
54 217
54 227
54 173
54 384
54 268
54 219
54 372
54 179
54 110
55 383
55 491
55 485
55 321
55 404
55 222
55 303
55 467
55 154
55 265
55 109
55 132
55 115
55 351
55 129
55 257
55 77
55 471
55 244
55 277
55 397
55 93
55 387
55 253
55 255
55 64
56 437
56 286
56 125
56 258
56 65
56 347
56 190
56 412
56 185
56 424
56 81
56 399
56 73
56 82
56 143
56 220
56 245
56 414
56 454
56 151
56 240
56 267
56 96
56 387
56 320
56 309
56 293
56 496
56 127
57 239
57 477
57 458
57 257
57 61
57 393
57 355
57 341
57 121
57 143
57 440
57 243
57 489
57 496
57 205
57 331
57 107
57 302
57 125
57 190
57 97
57 152
57 395
57 208
57 495
58 99
58 264
58 452
58 216
58 224
58 181
58 376
58 413
58 241
58 371
58 246
58 270
58 354
58 108
58 400
58 403
58 150
58 80
58 102
58 243
58 260
58 122
59 441
59 129
59 426
59 384
59 115
59 113
59 174
59 368
59 296
59 256
59 243
59 499
59 411
59 70
59 211
59 380
59 454
59 422
59 459
59 100
59 149
59 123
59 205
60 236
60 276
60 241
60 244
60 154
60 380
60 357
60 371
60 215
60 438
60 168
60 114
60 280
60 110
60 91
60 226
60 180
60 149
60 322
60 415
60 97
60 332
60 122
60 449
60 285
60 184
60 289
60 459
60 367
60 201
60 64
60 365
61 292
61 219
61 320
61 470
61 234
61 412
61 485
61 65
61 241
61 403
61 487
61 105
61 125
61 411
61 369
61 384
61 360
61 398
61 214
61 278
61 120
61 469
61 252
61 163
61 390
61 151
61 174
61 158
61 144
61 103
61 117
61 96
61 439
61 84
61 132
61 256
61 279
61 124
62 483
62 333
62 339
62 304
62 307
62 166
62 399
62 414
62 489
62 259
62 78
62 212
62 149
62 116
62 172
63 450
63 193
63 140
63 178
63 216
63 170
63 310
63 232
63 322
63 82
63 342
63 334
63 300
63 373
63 345
63 185
63 312
63 344
63 280
63 231
63 338
63 470
63 497
63 420
63 97
63 73
63 243
63 447
63 262
64 169
64 129
64 167
64 157
64 350
64 338
64 126
64 479
64 148
64 478
64 111
64 379
64 386
64 153
64 274
64 227
64 460
64 495
64 94
64 376
64 445
64 363
64 246
65 214
65 215
65 446
65 99
65 353
65 265
65 472
65 407
65 219
65 497
65 225
65 419
65 435
65 318
65 167
65 300
65 449
65 288
65 466
65 218
65 389
65 305
65 98
65 101
65 136
65 340
65 143
65 406
65 416
66 370
66 214
66 497
66 437
66 272
66 251
66 328
66 125
66 241
66 110
66 116
66 260
66 283
66 258
66 74
66 376
66 374
66 194
66 363
66 378
66 411
66 227
66 293
66 369
66 76
66 105
66 199
66 139
66 167
67 276
67 234
67 205
67 383
67 138
67 263
67 246
67 288
67 320
67 122
67 480
67 319
67 225
67 465
67 357
67 240
68 110
68 130
68 336
68 318
68 88
68 343
68 496
68 121
68 495
68 295
68 210
68 175
68 460
68 481
68 389
68 310
68 202
68 316
68 491
68 303
68 119
68 423
68 494
69 449
69 160
69 248
69 260
69 200
69 150
69 445
69 98
69 237
69 416
69 175
69 128
69 323
69 420
69 176
69 347
69 412
69 88
69 479
69 411
69 404
69 133
69 281
70 305
70 200
70 475
70 386
70 203
70 198
70 74
70 149
70 450
70 251
70 457
70 283
70 346
70 137
70 285
70 233
70 91
70 459
70 304
70 140
70 127
70 415
70 193
70 152
70 204
71 264
71 93
71 98
71 300
71 410
71 368
71 192
71 476
71 189
71 91
71 308
71 306
71 389
71 121
71 117
71 164
71 326
71 304
71 184
71 84
71 150
71 360
71 428
72 148
72 463
72 160
72 235
72 193
72 462
72 466
72 258
72 416
72 377
72 420
72 452
72 255
72 300
72 489
72 159
72 286
72 212
72 268
72 421
72 210
72 178
72 146
72 107
72 475
72 155
72 174
72 301
72 456
72 277
72 101
72 229
72 269
73 494
73 410
73 270
73 159
73 209
73 184
73 434
73 182
73 333
73 251
73 395
73 97
73 205
73 310
73 239
73 238
73 281
73 192
73 484
73 93
73 223
73 216
73 409
73 261
73 308
73 116
73 250
73 74
73 447
73 476
73 236
73 300
73 231
73 486
73 230
74 148
74 384
74 300
74 372
74 492
74 181
74 334
74 172
74 481
74 305
74 274
74 400
74 211
74 402
74 228
74 105
74 263
74 138
74 485
74 160
74 469
74 421
74 87
74 100
74 379
74 351
74 393
74 224
74 312
74 124
74 359
74 117
74 442
74 434
74 205
74 98
75 463
75 418
75 317
75 89
75 124
75 325
75 286
75 387
75 193
75 134
75 307
75 249
75 488
75 214
75 79
75 278
75 239
75 300
75 487
75 101
75 275
75 284
75 76
75 135
76 418
76 354
76 170
76 416
76 257
76 128
76 465
76 482
76 387
76 342
76 477
76 409
76 243
76 316
76 401
76 422
76 443
76 227
76 116
76 158
76 406
76 99
76 157
77 289
77 82
77 444
77 265
77 375
77 153
77 353
77 483
77 132
77 81
77 314
77 439
77 125
77 254
77 472
77 173
77 112
77 150
77 122
77 103
77 305
77 216
77 326
77 222
77 189
77 450
77 378
77 96
77 445
77 370
77 358
77 186
78 197
78 290
78 398
78 344
78 109
78 93
78 485
78 257
78 133
78 244
78 361
78 196
78 217
78 407
78 132
78 110
78 209
78 452
78 223
78 167
78 442
78 220
78 289
78 156
79 463
79 285
79 212
79 119
79 432
79 95
79 496
79 190
79 243
79 220
79 193
79 262
79 138
79 422
79 172
79 259
79 400
79 275
79 358
79 92
79 90
79 378
79 222
79 143
79 162
79 435
79 113
80 106
80 177
80 206
80 82
80 86
80 425
80 393
80 214
80 330
80 111
80 112
80 454
80 183
80 313
80 368
80 352
80 322
80 490
80 184
80 419
80 153
80 235
80 287
80 475
80 266
81 300
81 290
81 366
81 453
81 473
81 425
81 477
81 492
81 166
81 286
81 450
81 451
81 158
81 225
81 251
81 226
81 169
81 86
82 139
82 328
82 192
82 270
82 138
82 197
82 367
82 393
82 94
82 462
82 276
82 360
82 366
82 302
82 369
82 288
82 285
82 233
82 201
82 145
82 391
82 408
82 312
83 343
83 444
83 122
83 394
83 274
83 186
83 282
83 295
83 200
83 237
83 322
83 142
83 109
83 317
83 318
83 362
83 375
83 190
83 404
83 182
83 220
83 193
83 309
83 398
83 467
84 218
84 288
84 305
84 355
84 316
84 460
84 118
84 221
84 101
84 479
84 331
84 267
84 215
84 335
84 346
84 496
84 266
84 437
84 130
84 297
84 238
84 294
84 493
84 311
84 180
85 116
85 174
85 239
85 220
85 388
85 498
85 369
85 248
85 361
85 353
85 183
85 105
85 430
85 185
85 180
85 163
85 476
85 134
85 268
85 152
85 181
85 153
85 195
85 130
86 378
86 279
86 116
86 475
86 282
86 381
86 352
86 391
86 446
86 495
86 140
86 496
86 128
86 137
86 100
86 398
86 363
86 461
86 193
86 414
86 237
86 294
86 152
86 437
86 168
86 316
87 178
87 281
87 427
87 261
87 170
87 209
87 416
87 346
87 146
87 449
87 181
87 476
87 161
87 152
87 361
87 335
87 433
87 393
87 103
87 111
87 395
88 448
88 176
88 321
88 208
88 246
88 223
88 181
88 373
88 422
88 342
88 418
88 291
88 219
88 284
88 310
88 445
88 270
88 233
88 479
88 313
88 378
88 148
88 362
88 104
88 404
88 276
88 154
88 492
88 480
89 458
89 327
89 487
89 283
89 451
89 119
89 250
89 324
89 104
89 294
89 383
89 200
89 291
89 286
89 420
89 178
89 400
89 194
89 228
89 259
89 317
89 293
89 234
89 310
89 375
89 139
89 168
90 246
90 313
90 153
90 441
90 375
90 123
90 286
90 449
90 309
90 446
90 267
90 301
90 293
90 377
90 130
90 197
90 453
90 302
90 252
90 330
90 339
90 100
90 276
90 422
90 260
90 288
90 211
90 284
91 304
91 270
91 281
91 163
91 286
91 175
91 221
91 395
91 490
91 344
91 165
91 454
91 336
91 308
91 299
91 451
91 196
91 407
91 357
91 349
91 309
91 388
91 376
91 253
91 172
91 135
91 363
91 343
91 479
91 350
91 489
91 198
91 306
91 155
92 297
92 361
92 213
92 178
92 333
92 337
92 342
92 430
92 466
92 438
92 233
92 169
92 423
92 444
92 221
92 189
92 283
92 203
92 271
92 182
92 292
92 149
92 482
92 491
92 239
92 201
93 155
93 320
93 225
93 135
93 185
93 397
93 322
93 178
93 344
93 269
93 309
93 445
93 268
93 292
93 257
94 336
94 150
94 459
94 204
94 130
94 119
94 470
94 453
94 201
94 436
94 128
94 183
94 264
94 474
94 294
94 169
94 404
94 477
94 267
94 468
94 326
94 287
94 350
94 440
94 273
94 275
95 356
95 210
95 468
95 137
95 474
95 440
95 291
95 201
95 303
95 348
95 175
95 242
95 235
95 222
95 489
95 314
95 162
95 296
95 98
95 255
96 130
96 396
96 256
96 321
96 134
96 169
96 458
96 303
96 250
96 326
96 453
96 108
96 457
96 446
96 443
96 188
96 237
96 160
96 366
96 492
96 390
96 449
96 162
96 363
96 139
96 442
96 368
97 150
97 137
97 409
97 98
97 255
97 362
97 464
97 486
97 365
97 332
97 226
97 427
97 264
97 304
97 122
97 350
97 361
97 279
97 410
97 344
97 261
97 194
97 158
97 382
97 394
97 131
97 481
97 447
97 329
97 337
97 363
98 425
98 242
98 231
98 346
98 105
98 269
98 212
98 200
98 251
98 100
98 394
98 498
98 338
98 300
98 353
98 370
98 280
98 340
98 335
98 352
99 245
99 224
99 247
99 369
99 383
99 285
99 113
99 201
99 181
99 184
99 335
99 448
99 405
99 290
99 138
99 130
99 417
99 251
99 134
99 493
99 109
99 179
100 102
100 377
100 353
100 261
100 318
100 283
100 253
100 422
100 371
100 488
100 217
100 469
100 186
100 439
100 383
100 103
100 266
100 495
100 456
100 394
100 304
100 466
100 351
100 234
100 388
100 262
100 260
100 229
100 292
100 490
101 410
101 307
101 404
101 464
101 199
101 337
101 424
101 138
101 475
101 162
101 447
101 171
101 388
101 355
101 239
101 180
101 179
101 425
101 231
101 177
101 351
101 312
102 216
102 282
102 181
102 370
102 211
102 257
102 279
102 118
102 407
102 339
102 207
102 225
102 119
102 446
102 184
102 386
102 473
102 186
102 288
102 351
102 126
102 338
102 344
102 398
102 117
103 386
103 112
103 422
103 440
103 409
103 185
103 246
103 481
103 252
103 468
103 359
103 392
103 203
103 304
103 379
104 482
104 481
104 221
104 440
104 160
104 478
104 401
104 373
104 139
104 188
104 128
104 229
104 165
104 187
104 182
104 357
104 404
104 212
104 198
104 273
104 105
104 296
104 437
104 141
104 215
104 272
104 400
104 175
104 353
104 207
104 487
104 433
105 229
105 195
105 457
105 394
105 292
105 291
105 403
105 152
105 118
105 443
105 383
105 478
105 427
105 260
105 314
105 220
105 391
105 169
105 130
105 468
105 490
105 496
105 324
105 205
105 164
105 454
105 389
106 113
106 378
106 131
106 499
106 244
106 182
106 305
106 279
106 393
106 124
106 392
106 250
106 491
106 453
106 342
106 442
106 137
106 165
106 419
107 294
107 457
107 232
107 230
107 355
107 292
107 422
107 133
107 200
107 483
107 160
107 474
107 147
107 206
107 337
107 265
107 348
107 145
107 429
107 330
108 450
108 313
108 307
108 126
108 160
108 462
108 168
108 471
108 231
108 247
108 406
108 387
108 336
108 173
108 345
108 194
108 399
108 186
108 350
108 257
108 332
109 127
109 221
109 413
109 392
109 357
109 134
109 292
109 318
109 430
109 298
109 424
109 271
109 112
109 278
109 147
109 207
109 457
109 198
109 179
109 158
109 176
109 347
109 137
109 285
109 186
109 231
109 242
110 415
110 490
110 246
110 152
110 473
110 286
110 497
110 404
110 436
110 364
110 354
110 188
110 458
110 467
110 201
110 422
110 224
110 367
110 149
110 452
110 161
110 331
110 131
111 376
111 428
111 193
111 329
111 115
111 112
111 151
111 481
111 340
111 296
111 175
111 281
111 128
111 235
111 464
111 123
111 283
111 164
111 259
111 214
111 345
111 282
112 265
112 155
112 429
112 323
112 135
112 169
112 428
112 218
112 168
112 172
112 279
112 283
112 493
112 278
112 141
112 318
112 249
112 220
112 230
113 150
113 140
113 156
113 399
113 233
113 186
113 470
113 322
113 226
113 280
113 217
113 433
113 189
113 294
113 485
113 225
113 223
113 241
113 275
113 296
113 231
113 306
113 372
113 465
113 335
114 177
114 481
114 187
114 483
114 438
114 162
114 335
114 389
114 181
114 370
114 327
114 457
114 489
114 424
114 436
114 319
114 153
114 133
114 312
114 294
114 205
114 180
114 324
115 445
115 452
115 254
115 477
115 311
115 272
115 189
115 296
115 498
115 301
115 173
115 348
115 424
115 300
115 380
115 142
115 326
115 120
115 473
116 123
116 322
116 311
116 308
116 197
116 279
116 131
116 142
116 214
116 257
116 483
116 199
116 320
116 221
116 206
116 476
117 329
117 163
117 201
117 233
117 494
117 261
117 215
117 304
117 166
117 425
117 183
117 458
117 291
117 189
117 326
117 251
117 430
117 175
117 272
117 119
117 444
117 267
117 226
118 292
118 308
118 377
118 130
118 468
118 169
118 260
118 140
118 294
118 367
118 345
118 183
118 158
118 173
118 132
118 171
118 165
118 252
118 355
118 146
118 156
118 405
118 233
118 375
118 196
118 360
118 319
119 272
119 147
119 234
119 468
119 145
119 433
119 495
119 219
119 446
119 486
119 477
119 198
119 167
119 450
119 279
119 212
119 129
119 461
119 245
119 407
119 332
120 297
120 230
120 471
120 309
120 374
120 303
120 176
120 494
120 225
120 313
120 126
120 308
120 325
120 136
120 198
120 333
121 260
121 226
121 447
121 319
121 454
121 247
121 378
121 283
121 180
121 475
121 345
121 252
121 299
121 132
121 373
121 426
121 391
121 397
121 227
121 477
121 487
121 188
121 332
122 460
122 181
122 128
122 418
122 490
122 211
122 145
122 167
122 250
122 148
122 124
122 275
122 468
122 236
122 225
122 303
122 408
122 171
122 359
122 286
122 196
122 471
122 241
122 322
122 299
122 336
122 208
123 399
123 427
123 149
123 307
123 402
123 208
123 410
123 180
123 269
123 429
123 390
123 302
123 212
123 234
123 412
123 198
123 479
123 196
123 453
123 283
123 493
124 183
124 492
124 191
124 325
124 131
124 326
124 197
124 480
124 157
124 487
124 154
124 470
124 363
124 220
124 282
125 366
125 357
125 338
125 278
125 425
125 312
125 354
125 478
125 317
125 392
125 368
125 458
125 490
125 355
125 449
125 140
125 324
125 479
126 247
126 201
126 246
126 293
126 268
126 400
126 214
126 460
126 411
126 378
126 152
126 393
126 490
126 351
126 379
126 184
126 337
126 155
126 361
126 263
126 363
126 338
126 447
126 297
126 340
127 481
127 445
127 404
127 269
127 447
127 370
127 215
127 157
127 203
127 128
127 251
127 236
127 281
127 327
127 319
127 362
127 407
127 330
127 498
128 345
128 218
128 273
128 456
128 197
128 327
128 462
128 181
128 275
128 485
128 213
128 256
128 307
128 389
129 345
129 215
129 412
129 305
129 249
129 300
129 184
129 194
129 375
129 371
129 404
129 229
129 271
129 499
129 157
129 441
129 159
129 204
129 386
129 317
129 393
129 279
129 394
129 364
129 336
130 198
130 427
130 154
130 480
130 243
130 362
130 136
130 319
130 160
130 494
130 470
130 279
130 217
130 268
130 328
130 189
130 441
130 320
130 173
130 190
130 294
131 415
131 439
131 414
131 363
131 450
131 209
131 420
131 382
131 278
131 253
131 350
131 192
131 175
131 484
131 357
131 347
131 489
131 341
131 362
131 184
131 263
131 139
131 193
131 224
131 287
132 199
132 427
132 344
132 167
132 393
132 461
132 493
132 145
132 450
132 435
132 264
132 325
132 436
132 399
132 415
132 216
132 173
132 479
133 274
133 487
133 439
133 243
133 436
133 257
133 319
133 374
133 150
133 345
133 316
133 138
133 227
133 247
133 267
133 464
133 483
133 433
133 416
133 230
134 339
134 484
134 163
134 256
134 271
134 365
134 144
134 338
134 203
134 141
134 330
134 332
135 209
135 416
135 190
135 470
135 230
135 355
135 156
135 485
135 452
135 254
135 341
135 428
135 490
135 207
135 192
135 195
135 405
135 336
135 270
135 157
135 449
135 410
135 280
135 274
135 246
136 479
136 277
136 162
136 265
136 335
136 353
136 194
136 271
136 333
136 437
136 139
136 419
136 152
136 459
136 327
136 156
136 282
136 363
136 292
136 365
136 323
136 453
137 243
137 307
137 333
137 317
137 213
137 193
137 177
137 458
137 463
137 423
137 380
137 242
137 238
137 159
137 188
137 241
137 497
137 334
137 163
137 228
137 141
137 493
137 151
137 305
138 285
138 350
138 281
138 153
138 178
138 388
138 368
138 302
138 187
138 163
138 493
138 357
138 420
138 432
138 237
138 378
138 389
138 470
138 416
138 421
138 430
138 413
139 257
139 497
139 293
139 214
139 194
139 166
139 360
139 302
139 447
139 472
139 396
139 164
139 299
139 421
139 365
139 183
139 433
139 332
139 251
139 466
139 243
139 334
139 340
139 201
139 388
140 271
140 282
140 453
140 433
140 407
140 410
140 257
140 488
140 475
140 443
140 478
140 158
140 449
140 472
140 149
140 266
140 260
140 148
140 217
140 245
140 328
140 195
141 207
141 438
141 315
141 327
141 297
141 292
141 442
141 464
141 151
141 496
141 469
141 446
141 195
141 253
141 435
141 404
141 268
141 316
141 267
141 331
141 230
141 443
141 246
142 189
142 238
142 325
142 345
142 365
142 266
142 391
142 210
142 224
142 240
142 231
142 361
142 446
142 476
142 181
142 243
142 227
142 178
142 302
142 268
142 226
142 202
142 357
142 306
142 381
142 388
142 253
143 258
143 399
143 206
143 285
143 232
143 198
143 228
143 250
143 190
143 162
143 488
143 325
143 271
143 146
144 350
144 262
144 469
144 460
144 463
144 457
144 403
144 489
144 243
144 337
144 294
144 369
144 480
144 490
144 404
144 310
144 360
144 188
144 304
144 499
144 419
144 199
144 220
144 432
144 232
144 333
144 159
144 248
145 232
145 275
145 491
145 378
145 421
145 206
145 299
145 284
145 280
145 329
145 455
145 154
145 302
145 382
145 419
145 171
145 295
145 343
145 214
145 264
145 197
145 209
145 191
145 147
145 425
146 471
146 246
146 260
146 233
146 239
146 356
146 277
146 371
146 380
146 202
146 306
146 341
146 331
146 437
146 354
146 485
146 242
146 376
147 446
147 204
147 328
147 249
147 214
147 218
147 209
147 488
147 477
147 234
147 427
147 469
147 393
147 189
147 345
147 476
147 355
147 251
147 402
147 432
147 399
147 308
148 222
148 497
148 428
148 395
148 490
148 357
148 466
148 254
148 316
148 192
148 454
148 451
148 402
148 219
148 234
148 175
148 329
148 452
148 178
148 467
148 439
148 383
148 377
148 305
149 267
149 294
149 390
149 174
149 448
149 496
149 438
149 175
149 278
149 292
149 447
149 356
149 328
149 376
149 214
149 481
149 499
149 156
149 431
149 491
150 397
150 449
150 362
150 220
150 241
150 421
150 157
150 329
150 395
150 196
150 260
150 426
150 315
150 389
150 342
150 374
150 207
150 318
150 277
150 205
150 203
150 253
150 456
151 353
151 447
151 304
151 179
151 396
151 439
151 169
151 207
151 257
151 154
151 432
151 413
151 262
151 360
151 278
151 292
151 372
151 286
151 327
151 373
152 473
152 328
152 231
152 208
152 318
152 160
152 156
152 235
152 488
152 434
152 237
152 365
152 422
152 486
152 460
152 410
153 368
153 354
153 468
153 211
153 181
153 184
153 202
153 336
153 312
153 319
153 212
153 373
153 155
153 408
153 363
154 474
154 219
154 437
154 302
154 209
154 212
154 316
154 167
154 286
154 216
154 258
154 410
154 407
154 421
154 338
154 375
154 172
154 267
154 379
154 494
154 440
154 239
155 274
155 376
155 263
155 367
155 491
155 414
155 298
155 224
155 373
155 230
155 209
155 238
155 486
155 328
155 482
155 199
155 324
155 266
156 237
156 469
156 361
156 434
156 230
156 288
156 449
156 414
156 312
156 297
156 246
156 394
156 490
156 424
156 226
156 252
156 450
156 456
156 413
156 330
156 295
156 343
156 387
157 339
157 392
157 169
157 316
157 340
157 433
157 447
157 211
157 394
157 266
157 469
157 455
158 295
158 400
158 187
158 403
158 266
158 237
158 460
158 317
158 407
158 252
158 337
158 481
158 294
158 397
158 192
158 201
158 322
158 191
158 410
158 474
158 475
158 488
158 236
158 230
159 489
159 250
159 274
159 218
159 461
159 467
159 270
159 413
159 298
159 272
159 204
159 233
159 358
159 245
159 350
159 392
159 182
159 451
159 243
159 173
160 278
160 246
160 431
160 435
160 484
160 327
160 174
160 295
160 486
160 438
160 447
160 315
160 163
160 361
160 212
160 262
160 270
160 420
160 469
161 318
161 476
161 281
161 181
161 447
161 496
161 390
161 244
161 263
161 247
161 187
161 298
161 413
161 498
161 262
161 455
161 395
161 332
162 275
162 327
162 184
162 489
162 492
162 455
162 486
162 487
162 363
162 470
162 443
162 278
162 244
162 165
162 469
162 231
162 311
162 199
162 249
162 461
162 295
162 325
162 319
163 477
163 373
163 209
163 304
163 276
163 277
163 206
163 362
163 278
163 199
163 233
163 309
163 323
163 178
163 483
163 404
163 313
163 167
163 261
163 454
164 496
164 299
164 398
164 388
164 258
164 469
164 322
164 491
164 422
164 306
164 497
164 314
164 395
164 188
164 498
164 421
165 308
165 219
165 186
165 175
165 206
165 379
165 363
165 269
165 212
165 433
165 368
165 491
165 425
165 274
165 209
165 301
166 450
166 428
166 205
166 196
166 472
166 212
166 244
166 228
166 383
166 455
166 499
166 369
166 494
166 171
166 385
166 288
166 322
166 229
166 410
166 364
166 298
167 497
167 356
167 353
167 242
167 441
167 459
167 494
167 473
167 455
167 461
167 283
167 268
167 195
167 344
167 335
167 291
167 418
167 297
167 232
167 230
167 489
167 205
167 474
167 421
167 450
168 282
168 286
168 292
168 220
168 243
168 419
168 485
168 409
168 321
168 353
168 434
168 322
168 377
168 342
168 274
168 265
168 405
168 325
169 211
169 393
169 194
169 201
169 279
169 319
169 419
169 352
169 399
169 433
169 432
169 415
169 369
169 246
169 184
169 477
169 497
169 253
170 419
170 438
170 186
170 339
170 494
170 371
170 343
170 493
170 226
170 318
170 330
170 245
170 270
170 187
170 412
170 445
170 195
170 459
170 380
170 315
171 420
171 389
171 421
171 435
171 226
171 269
171 425
171 201
171 309
171 192
171 462
171 446
171 293
171 206
171 272
171 212
171 213
172 231
172 454
172 386
172 474
172 457
172 484
172 390
172 342
172 304
172 369
172 497
173 450
173 187
173 365
173 258
173 281
173 217
173 415
173 241
173 218
173 303
173 387
173 174
173 182
173 375
173 384
173 220
173 274
173 285
173 390
173 410
173 330
174 275
174 309
174 407
174 405
174 303
174 273
174 282
174 342
174 409
174 195
174 194
174 325
174 181
174 444
174 385
174 331
174 182
174 236
174 326
175 312
175 334
175 442
175 284
175 258
175 357
175 484
175 287
175 374
175 344
175 420
175 247
175 468
175 177
175 366
175 434
176 364
176 322
176 254
176 374
176 403
176 395
176 280
176 397
176 243
176 189
176 300
176 485
176 407
176 379
176 413
176 375
176 207
176 326
176 231
176 361
176 318
176 253
177 351
177 309
177 375
177 436
177 292
177 382
177 433
177 404
177 488
177 297
177 237
177 326
177 410
177 228
177 487
177 409
177 249
177 394
178 231
178 292
178 269
178 456
178 189
178 277
178 453
178 335
178 219
178 359
178 286
178 396
178 265
178 192
178 234
178 362
178 225
178 191
178 251
178 471
178 183
178 400
179 412
179 469
179 299
179 392
179 271
179 203
179 492
179 219
179 411
179 388
179 202
179 266
179 356
179 491
179 482
179 458
179 422
179 488
179 374
179 187
179 404
179 390
179 459
180 303
180 342
180 319
180 415
180 232
180 398
180 404
180 332
180 188
180 406
180 380
180 363
180 235
180 361
180 320
180 256
180 190
180 411
180 383
180 375
180 219
180 494
181 489
181 435
181 270
181 444
181 255
181 349
181 464
181 411
181 348
181 458
181 234
181 259
181 455
182 419
182 367
182 410
182 217
182 463
182 493
182 381
182 253
182 315
182 296
182 235
182 386
182 318
182 351
182 251
182 252
183 264
183 410
183 207
183 482
183 298
183 278
183 421
183 245
183 327
183 349
183 437
183 370
183 475
183 357
183 458
183 289
183 487
183 224
183 435
183 313
183 228
184 225
184 429
184 367
184 366
184 383
184 256
184 341
184 205
184 226
184 261
184 224
184 244
184 228
184 411
184 337
184 309
184 260
184 273
184 303
185 240
185 233
185 415
185 245
185 375
185 321
185 187
185 242
185 192
185 261
185 486
185 362
185 243
185 195
185 399
185 348
185 394
185 223
186 289
186 410
186 425
186 315
186 486
186 385
186 459
186 345
186 431
186 271
186 475
186 217
186 218
186 454
186 387
187 468
187 398
187 444
187 329
187 208
187 240
187 429
187 306
187 269
187 493
187 305
187 407
187 430
188 295
188 460
188 477
188 335
188 338
188 274
188 387
188 334
188 431
188 451
188 307
188 380
188 232
188 264
188 303
188 410
188 260
188 356
189 363
189 264
189 259
189 407
189 428
189 303
189 410
189 204
189 494
189 294
189 246
189 431
189 422
189 333
189 332
189 458
189 473
189 398
189 307
190 413
190 391
190 353
190 334
190 472
190 432
190 356
190 354
190 422
190 230
190 224
190 449
190 231
190 261
190 431
190 322
190 237
190 314
190 444
190 234
190 462
191 210
191 455
191 276
191 339
191 495
191 211
191 229
191 377
191 355
191 203
191 414
191 364
191 481
191 240
191 274
191 323
192 449
192 421
192 413
192 498
192 391
192 428
192 392
192 209
192 229
192 401
192 458
192 199
192 274
192 237
192 235
192 352
192 211
192 319
192 439
192 431
193 433
193 245
193 237
193 399
193 235
193 352
193 371
193 298
193 267
193 307
193 461
193 259
193 410
194 441
194 283
194 320
194 262
194 213
194 461
194 446
194 490
194 304
194 346
194 415
194 372
194 454
194 317
194 287
194 195
194 386
195 487
195 325
195 499
195 451
195 329
195 278
195 209
195 291
195 415
195 370
195 226
195 457
195 333
195 198
195 391
196 209
196 240
196 273
196 408
196 492
196 327
196 458
196 391
196 236
196 360
196 473
196 233
196 348
196 333
196 312
196 332
197 220
197 355
197 294
197 296
197 219
197 343
197 447
197 408
197 222
197 465
197 383
197 231
197 217
197 386
198 481
198 276
198 248
198 373
198 454
198 237
198 465
198 201
198 341
198 468
198 313
198 350
198 378
198 354
198 207
198 471
198 489
198 482
198 281
198 372
198 483
199 462
199 284
199 292
199 475
199 242
199 219
199 422
199 377
199 428
199 472
199 274
199 373
199 289
199 269
199 479
199 330
199 291
199 460
199 337
199 307
199 417
199 393
200 381
200 209
200 339
200 240
200 285
200 386
200 321
200 210
200 426
200 369
200 393
200 443
200 279
200 384
200 375
201 327
201 484
201 417
201 283
201 407
201 370
201 231
201 468
201 447
201 296
201 226
201 394
201 307
201 257
201 371
201 414
202 499
202 365
202 248
202 242
202 300
202 348
202 475
202 388
202 254
202 349
202 404
202 421
202 240
202 285
202 316
202 234
202 236
203 245
203 473
203 354
203 454
203 379
203 343
203 362
203 418
203 259
203 249
203 429
203 342
203 322
203 292
203 206
203 404
203 359
203 425
203 265
203 235
203 492
203 336
204 285
204 347
204 404
204 484
204 390
204 234
204 437
204 452
204 215
204 275
204 334
204 428
204 345
204 493
204 343
204 482
204 432
204 366
204 395
204 461
205 378
205 381
205 497
205 326
205 444
205 310
205 412
205 391
205 430
205 224
205 337
205 498
205 252
205 265
205 437
205 352
205 208
205 272
205 237
205 428
205 489
205 417
205 380
205 328
206 273
206 409
206 415
206 486
206 362
206 316
206 242
206 279
206 442
206 243
206 217
206 469
206 354
206 371
206 351
206 356
206 459
206 444
206 232
207 314
207 433
207 310
207 326
207 422
207 303
207 465
207 307
207 411
207 451
207 336
207 236
207 246
208 267
208 224
208 211
208 317
208 322
208 398
208 437
208 409
208 261
208 388
208 369
208 468
208 382
208 284
209 475
209 212
209 470
209 262
209 463
209 360
209 431
209 419
209 416
209 278
209 432
209 210
209 460
209 335
209 315
209 348
209 227
209 442
209 366
210 403
210 213
210 302
210 440
210 486
210 304
210 315
210 418
210 257
210 364
210 408
210 433
210 283
210 401
210 321
210 367
210 362
210 293
210 442
210 254
210 459
211 328
211 259
211 413
211 299
211 381
211 415
211 265
211 390
211 290
211 445
211 363
211 339
211 437
211 458
211 368
211 298
211 436
211 321
212 493
212 425
212 378
212 458
212 483
212 445
212 347
212 306
212 496
212 215
212 286
212 307
212 432
212 285
212 487
212 340
212 431
213 430
213 346
213 216
213 281
213 295
213 385
213 220
213 485
213 441
213 263
213 471
213 396
213 450
213 297
213 310
213 258
213 410
213 468
213 285
213 320
213 364
213 375
213 245
213 400
214 455
214 230
214 456
214 242
214 366
214 405
214 388
214 325
214 302
214 407
214 377
214 444
214 468
214 445
214 439
214 364
214 498
215 466
215 265
215 378
215 274
215 305
215 264
215 391
215 423
215 444
215 377
215 304
215 410
215 417
215 411
216 331
216 456
216 434
216 291
216 224
216 469
216 367
216 307
216 227
216 316
216 312
216 401
216 253
217 249
217 472
217 499
217 462
217 324
217 466
217 328
217 394
217 401
217 441
217 430
217 478
217 282
217 342
217 488
217 238
217 407
218 304
218 492
218 410
218 281
218 321
218 296
218 411
218 293
218 389
218 459
218 382
218 395
218 408
219 320
219 287
219 220
219 375
219 411
219 410
219 363
219 408
219 432
219 458
219 486
219 439
220 467
220 426
220 311
220 353
220 241
220 380
220 345
220 450
220 409
220 254
220 429
220 453
221 484
221 344
221 229
221 297
221 325
221 461
221 423
221 466
221 342
221 238
221 264
222 268
222 368
222 364
222 352
222 376
222 408
222 474
222 445
222 392
222 388
222 266
222 358
222 225
222 493
222 227
222 464
222 315
222 482
222 232
222 494
222 278
222 377
222 356
222 452
222 450
222 332
222 291
222 481
223 277
223 368
223 346
223 456
223 429
223 492
223 461
223 354
223 313
223 288
223 340
223 235
223 303
223 356
223 240
223 351
223 341
223 307
223 392
223 357
223 306
224 328
224 476
224 251
224 259
224 289
224 435
224 457
224 324
224 356
224 246
224 297
224 427
224 475
224 275
224 464
225 238
225 363
225 341
225 337
225 317
225 447
225 461
225 318
225 339
225 430
225 293
225 309
225 405
225 449
226 402
226 285
226 448
226 278
226 252
226 494
226 307
226 451
226 405
226 490
226 316
226 243
226 250
226 279
226 297
227 317
227 394
227 312
227 275
227 471
227 378
227 257
227 360
227 354
227 493
227 359
227 464
227 395
227 479
227 281
228 337
228 415
228 250
228 334
228 434
228 417
228 455
228 450
228 404
228 423
228 318
228 465
228 288
228 443
229 329
229 370
229 478
229 401
229 445
229 416
229 339
229 355
229 494
229 264
229 432
229 288
230 339
230 366
230 454
230 265
230 247
230 412
230 365
230 488
230 399
230 278
230 367
230 306
230 425
230 357
230 410
230 498
230 238
231 397
231 296
231 365
231 232
231 368
231 463
231 455
231 279
231 273
232 236
232 384
232 253
232 495
232 499
232 359
232 363
232 401
232 284
232 432
232 440
232 437
232 306
232 497
232 415
232 307
232 346
232 439
232 382
232 268
232 340
232 370
232 251
232 371
233 262
233 363
233 250
233 490
233 498
233 298
233 252
233 269
233 399
233 308
233 436
233 348
233 274
234 448
234 305
234 356
234 499
234 466
234 388
234 281
234 304
234 245
234 430
234 254
234 469
234 325
234 439
234 248
234 462
235 441
235 318
235 472
235 485
235 374
235 375
235 352
235 237
235 424
235 358
235 426
235 350
235 398
235 300
235 313
235 397
235 338
235 249
235 431
236 290
236 421
236 351
236 240
236 447
236 465
236 449
236 336
236 274
236 244
236 384
236 418
236 443
236 241
236 438
236 307
236 414
236 380
236 355
236 347
236 419
236 277
236 420
236 490
236 342
236 467
236 268
236 266
236 374
236 397
236 273
236 302
236 408
237 319
237 407
237 412
237 317
237 320
237 429
237 463
237 349
237 241
237 432
237 367
237 484
237 493
237 345
238 350
238 285
238 304
238 347
238 408
238 293
238 272
238 476
238 261
238 454
238 379
238 469
238 403
239 458
239 403
239 351
239 302
239 378
239 399
239 411
239 326
239 303
239 281
239 345
239 478
239 496
239 486
239 298
240 405
240 389
240 272
240 354
240 489
240 423
240 434
240 297
240 388
240 408
240 370
240 369
241 305
241 390
241 423
241 260
241 360
241 324
241 254
241 436
241 480
241 492
241 415
242 279
242 336
242 493
242 490
242 411
242 461
242 350
242 326
242 331
242 313
242 446
242 435
242 256
242 492
242 375
242 294
242 458
242 255
242 444
242 332
242 402
243 489
243 419
243 344
243 476
243 383
243 418
243 407
243 447
243 323
243 272
243 322
243 352
243 409
244 330
244 484
244 302
244 385
244 425
244 406
244 349
244 391
244 491
244 427
244 467
244 332
244 478
244 334
245 488
245 458
245 441
245 291
245 357
245 289
245 302
245 430
245 446
245 459
245 366
245 251
245 373
245 381
245 374
245 484
245 252
245 409
245 388
246 332
246 442
246 467
246 464
246 422
246 376
246 306
246 336
246 457
246 479
246 268
246 270
246 439
246 271
246 264
246 301
247 366
247 397
247 484
247 444
247 348
247 315
247 369
247 267
247 319
247 287
247 357
247 424
247 408
248 305
248 348
248 419
248 480
248 336
248 359
248 425
248 437
248 300
248 496
248 414
248 371
248 368
248 478
248 308
248 354
248 252
248 282
249 261
249 435
249 478
249 453
249 472
249 339
249 434
249 345
249 452
249 444
249 457
250 463
250 384
250 462
250 353
250 372
250 414
250 455
250 276
250 428
250 430
250 279
250 495
250 401
250 346
251 303
251 412
251 292
251 287
251 451
251 314
251 387
251 453
251 281
251 284
251 256
251 373
251 480
252 441
252 265
252 431
252 374
252 469
252 366
252 463
252 480
252 282
252 289
252 378
252 464
252 462
252 256
252 323
252 345
252 301
253 381
253 258
253 442
253 281
253 313
253 435
253 402
253 447
253 323
253 494
253 405
253 391
253 437
253 467
253 385
253 472
253 330
253 423
253 469
253 286
254 469
254 346
254 348
254 347
254 449
254 390
254 489
254 393
254 459
254 452
254 413
254 362
254 387
254 429
254 325
254 298
254 407
255 295
255 358
255 324
255 315
255 468
255 356
255 348
255 327
255 340
255 451
255 383
255 322
255 406
255 274
255 460
256 334
256 463
256 426
256 363
256 331
256 465
256 299
256 388
256 345
256 312
256 267
256 278
256 468
256 328
256 414
256 436
256 257
256 384
257 438
257 445
257 474
257 357
257 439
257 479
257 307
257 489
257 448
258 280
258 404
258 366
258 359
258 375
258 364
258 472
258 263
259 464
259 454
259 475
259 345
259 304
259 309
259 472
259 404
259 322
259 407
259 348
259 379
259 496
259 390
259 372
259 342
259 376
259 471
260 309
260 487
260 397
260 473
260 327
260 262
260 460
260 420
260 304
260 498
261 338
261 365
261 296
261 393
261 284
261 323
261 447
261 469
261 478
261 313
261 355
261 395
261 356
261 364
261 292
261 459
261 460
262 379
262 313
262 347
262 334
262 482
262 499
262 492
262 385
262 481
262 461
262 432
262 321
262 310
262 407
262 438
262 433
263 282
263 351
263 359
263 325
263 405
263 291
263 476
263 277
263 290
263 475
263 474
264 278
264 306
264 319
264 456
264 318
264 336
264 281
264 464
264 499
264 331
264 309
264 266
265 301
265 291
265 379
265 493
265 287
265 365
265 483
265 394
265 300
265 488
265 470
265 297
265 367
266 333
266 289
266 325
266 357
266 348
266 458
266 427
266 441
266 385
266 495
266 428
266 356
266 408
266 403
266 464
266 438
266 355
266 446
266 402
267 438
267 444
267 300
267 405
267 341
267 359
267 392
267 378
267 317
267 324
267 334
267 425
267 449
267 498
267 474
267 297
267 385
268 359
268 334
268 456
268 422
268 275
268 287
268 347
268 421
268 409
268 395
268 286
269 407
269 414
269 352
269 311
269 461
269 366
269 278
269 329
269 296
269 446
269 271
269 463
270 469
270 338
270 472
270 395
270 449
270 307
270 329
270 397
270 305
270 490
270 323
270 410
270 487
270 425
271 401
271 326
271 460
271 411
271 318
271 463
271 350
271 290
271 428
271 298
272 285
272 304
272 292
272 359
272 399
272 296
272 474
272 348
272 430
272 497
272 454
272 369
272 324
272 467
272 414
272 365
273 375
273 477
273 316
273 346
273 274
273 491
273 463
273 440
273 452
273 478
273 374
273 449
273 493
273 370
273 333
273 487
273 362
273 292
273 450
273 470
273 321
273 467
273 411
273 414
274 300
274 347
274 478
274 285
274 443
274 406
274 318
275 294
275 382
275 302
275 487
275 478
275 386
275 471
275 446
275 344
275 495
275 293
276 499
276 320
276 312
276 399
276 432
276 295
276 393
276 445
276 465
276 328
276 358
276 474
277 478
277 415
277 293
277 428
277 349
277 334
277 440
278 343
278 365
278 350
278 404
278 496
278 357
278 313
278 358
278 314
278 311
278 429
278 494
278 420
278 353
278 495
279 412
279 304
279 496
279 490
279 338
279 398
279 337
279 360
279 406
279 367
279 487
279 330
279 434
279 328
279 354
279 493
279 467
279 315
280 480
280 461
280 478
280 365
280 323
280 395
280 405
280 334
280 422
280 368
280 479
281 309
281 493
281 304
281 450
281 477
281 294
281 407
281 293
281 418
281 364
281 338
281 321
281 313
281 328
281 457
281 314
282 381
282 440
282 363
282 292
282 472
282 462
282 352
282 384
282 289
282 407
282 313
282 376
282 416
282 307
283 405
283 499
283 341
283 387
283 335
283 459
283 380
283 332
283 349
283 308
283 357
283 315
283 445
283 345
283 483
283 494
283 478
284 480
284 317
284 497
284 454
284 429
284 308
284 346
284 311
284 302
284 288
284 437
284 479
284 303
284 312
284 299
284 422
284 372
285 425
285 421
285 304
285 344
285 449
285 366
285 306
285 379
285 474
285 337
285 408
286 454
286 474
286 350
286 415
286 379
286 401
286 447
286 369
286 406
286 411
286 440
286 418
286 491
287 408
287 366
287 317
287 478
287 467
287 474
287 479
287 427
287 318
287 481
287 416
288 366
288 463
288 439
288 369
288 433
288 293
288 375
288 429
288 454
288 291
288 368
288 395
288 387
288 472
288 473
289 491
289 478
289 374
289 469
289 341
289 293
289 481
289 296
289 383
289 308
289 375
290 439
290 494
290 354
290 338
290 359
290 465
290 382
290 376
290 340
290 328
290 388
290 423
290 481
291 338
291 319
291 385
291 497
291 383
291 352
291 333
291 360
291 448
291 455
291 372
291 488
291 365
291 341
291 471
291 322
292 311
292 466
292 429
292 476
292 294
292 319
292 456
292 449
292 493
292 497
292 472
292 469
292 357
292 463
292 387
293 357
293 341
293 301
293 414
293 429
293 375
293 393
293 328
293 390
293 389
293 344
293 447
293 437
294 478
294 464
294 316
294 331
294 463
294 393
294 431
294 385
294 417
294 323
294 420
294 389
294 313
294 414
294 354
295 304
295 385
295 347
295 327
295 425
295 411
295 335
295 408
295 455
295 311
295 420
295 460
296 316
296 441
296 382
296 435
296 328
296 366
296 471
296 310
296 372
296 431
296 349
296 363
297 350
297 351
297 455
297 389
297 464
297 458
297 416
297 426
297 466
297 406
297 422
298 378
298 366
298 487
298 457
298 426
298 484
298 423
298 390
298 353
298 313
298 428
298 433
298 446
298 491
298 431
298 402
298 335
299 491
299 366
299 344
299 375
299 452
299 305
299 470
299 367
299 382
299 447
299 338
299 393
299 350
299 411
300 391
300 489
300 365
300 432
300 359
300 458
300 353
300 485
300 429
300 420
300 350
300 486
300 344
301 338
301 398
301 400
301 314
301 322
301 430
301 439
301 306
301 389
301 353
301 424
302 382
302 413
302 469
302 386
302 489
302 330
302 342
302 351
302 429
302 439
302 488
302 428
303 499
303 318
303 369
303 378
303 421
303 327
303 415
303 455
303 384
303 307
303 388
303 328
303 345
304 393
304 417
304 355
304 310
304 454
304 490
304 398
304 498
304 305
304 347
304 391
305 444
305 442
305 351
305 449
305 370
305 423
305 346
305 373
305 459
305 315
306 377
306 349
306 311
306 368
306 310
306 404
306 398
306 338
307 439
307 437
307 356
307 339
307 466
307 486
307 458
307 316
308 317
308 429
308 320
308 442
308 389
308 491
308 480
308 468
308 483
308 358
308 446
308 379
308 499
309 371
309 468
309 315
309 431
309 460
309 404
309 375
309 322
310 449
310 489
310 498
310 412
310 365
310 368
310 440
310 406
310 311
310 459
310 397
310 403
311 313
311 480
311 318
311 338
311 441
311 359
311 446
311 334
312 433
312 367
313 444
313 395
313 453
313 370
313 396
313 400
313 464
313 481
313 353
313 363
313 327
313 392
313 465
313 347
313 418
314 342
314 363
314 384
314 497
314 345
314 361
314 397
314 467
314 344
314 454
314 465
314 387
314 358
314 386
315 442
315 378
315 376
315 333
315 339
315 486
315 434
315 466
315 492
315 334
315 423
315 353
315 324
315 355
316 351
316 358
316 473
316 357
316 463
316 499
316 423
316 435
316 396
316 355
317 343
317 319
317 460
317 365
317 351
317 390
317 349
317 360
318 464
318 428
318 369
318 448
318 360
318 473
318 442
318 343
318 408
318 364
319 377
319 399
319 409
319 403
319 408
319 486
319 455
319 330
319 388
319 347
320 456
320 408
320 322
320 375
320 388
320 461
320 434
320 407
320 441
320 345
320 476
320 467
320 411
320 497
320 432
321 437
321 376
321 496
321 347
321 442
321 432
321 427
321 349
321 449
321 375
322 450
322 393
322 365
322 493
322 418
322 327
322 467
322 407
322 359
322 436
322 442
322 474
323 441
323 444
323 404
323 431
323 353
323 375
323 418
324 467
324 428
324 461
324 436
324 326
324 490
324 370
324 386
324 425
325 403
325 413
325 352
325 336
325 435
325 390
325 432
325 418
325 376
325 354
325 416
325 441
325 457
326 473
326 408
326 470
326 368
326 353
326 436
327 353
327 410
327 329
327 474
327 389
327 420
327 334
327 350
328 446
328 441
328 365
328 421
328 470
328 399
328 359
329 472
329 445
329 492
329 444
329 335
329 362
329 419
329 451
329 420
329 377
329 363
329 351
329 416
330 467
330 367
330 331
330 385
330 430
331 421
331 383
331 445
331 402
331 454
331 431
331 480
331 492
331 494
331 425
331 343
331 393
331 495
331 428
331 379
332 490
332 364
332 362
332 388
332 427
332 474
332 378
332 374
332 436
332 366
332 450
332 442
332 475
332 487
333 479
333 378
333 481
333 394
333 407
333 356
333 473
333 493
333 408
333 489
334 385
334 340
334 375
334 374
334 386
334 440
334 338
334 495
334 344
334 336
335 424
335 456
335 485
335 498
335 432
335 433
335 460
336 387
336 415
336 434
336 457
336 397
336 422
337 347
337 493
337 474
337 381
337 458
337 403
337 360
337 427
337 371
338 496
338 355
338 468
338 443
338 343
338 422
338 449
338 481
338 442
339 409
339 398
339 363
339 367
339 443
339 458
339 386
339 496
339 380
339 421
339 368
339 490
339 424
339 385
339 483
340 427
340 437
340 473
340 423
340 389
340 485
340 381
340 468
340 436
341 367
341 372
341 433
341 415
341 369
341 497
341 347
341 498
341 387
342 362
342 477
342 469
342 496
342 455
342 425
342 438
342 397
342 353
342 423
343 349
343 429
343 396
343 487
343 431
343 416
343 451
343 377
344 426
344 439
344 347
344 413
344 348
344 351
344 401
345 452
345 451
345 404
345 474
345 453
345 412
345 417
345 406
345 352
345 438
345 382
345 374
345 475
345 405
346 427
346 439
346 499
346 370
346 482
346 371
346 384
346 449
346 368
346 469
347 433
347 429
347 357
347 448
347 382
347 410
347 488
347 434
348 393
348 481
348 444
348 445
348 420
348 496
348 440
348 489
348 402
348 367
349 368
349 433
349 484
349 486
349 414
349 379
349 453
349 439
350 417
350 373
350 399
350 442
350 473
350 415
350 366
350 411
350 377
351 451
351 362
351 361
351 363
351 467
351 477
351 454
351 447
351 423
352 411
352 453
352 454
352 414
352 436
352 488
352 470
352 438
352 372
352 433
352 480
352 360
353 363
353 361
353 413
353 366
353 370
353 487
353 354
353 431
353 364
353 401
353 477
353 380
354 407
354 394
354 492
354 476
354 391
354 493
355 380
355 420
355 357
355 403
355 459
355 473
355 479
355 402
355 496
356 473
356 382
356 412
356 442
356 361
356 458
356 476
356 428
357 465
357 498
357 358
357 392
357 474
357 363
357 487
357 448
357 364
357 369
357 454
358 486
358 425
358 430
358 469
358 365
358 410
358 429
358 417
359 485
359 369
359 457
359 461
359 394
359 427
359 425
359 444
360 376
360 452
360 433
360 442
360 401
360 363
360 495
360 435
361 480
361 474
361 456
361 479
361 482
361 439
362 369
362 482
362 414
362 410
362 456
362 429
362 424
363 403
363 477
363 370
363 413
363 478
363 364
363 406
363 395
363 377
363 446
363 404
364 449
364 398
364 475
364 481
364 464
364 466
364 469
364 367
364 405
365 479
365 478
365 409
365 482
365 408
365 380
365 461
365 448
366 493
366 487
366 465
366 379
366 380
366 398
366 479
367 434
367 439
367 460
367 415
367 492
367 447
367 427
367 422
367 429
367 455
368 499
368 390
368 424
369 374
369 466
369 476
369 455
369 416
369 472
370 377
370 375
370 403
370 373
370 466
370 426
370 386
370 483
370 418
370 412
370 384
370 380
371 443
371 445
371 477
371 430
371 411
371 401
371 496
371 429
371 407
371 422
372 450
372 467
372 434
372 419
372 390
372 439
372 458
372 430
372 479
372 399
373 406
373 419
373 450
373 414
373 478
373 467
373 437
373 387
373 400
374 484
374 479
374 466
374 421
374 385
374 491
374 447
374 467
374 388
374 405
374 498
374 461
375 474
375 414
375 487
375 431
375 477
375 489
375 378
375 435
375 462
376 456
376 460
376 472
376 412
376 494
376 413
376 461
376 462
376 447
376 448
376 419
376 482
376 431
376 486
376 390
377 484
377 416
377 379
377 463
377 488
377 393
377 410
377 498
377 442
377 398
377 452
377 402
377 455
377 462
377 495
378 408
378 494
378 381
378 481
378 420
378 446
378 451
378 471
379 401
379 439
379 493
379 490
379 480
379 399
379 452
379 497
379 409
379 451
379 481
379 389
380 426
380 443
380 435
380 384
381 425
381 443
381 490
381 467
381 461
381 431
381 449
381 430
382 400
382 432
382 489
382 419
382 405
383 453
383 391
383 469
383 450
383 488
383 411
383 427
384 461
384 414
384 393
384 426
384 431
384 475
384 407
384 458
384 460
384 412
384 429
385 463
385 459
385 391
385 387
385 485
386 455
386 497
386 397
386 488
386 391
386 440
387 451
387 426
387 487
387 482
387 473
387 423
387 436
387 400
388 426
388 485
388 449
388 416
388 457
388 481
388 427
388 390
388 442
388 487
388 431
388 438
389 475
389 456
389 461
389 458
389 486
389 478
389 435
389 420
390 476
390 436
390 448
390 420
391 394
391 405
391 436
391 397
391 417
391 469
391 499
392 450
392 443
392 458
392 487
392 489
392 495
392 419
393 472
393 468
393 453
393 486
393 469
393 476
393 445
393 438
393 448
394 447
394 486
394 427
394 457
394 459
394 453
394 397
394 419
394 488
394 399
395 447
395 490
395 430
396 498
396 488
396 461
396 453
396 429
396 470
396 403
397 422
397 448
397 439
397 436
397 451
397 484
397 483
398 471
398 435
398 467
399 428
399 495
399 466
399 458
399 418
399 407
399 469
399 421
400 471
400 498
400 401
400 477
400 492
401 453
402 425
402 455
402 427
402 411
403 427
403 474
403 409
403 457
403 452
404 481
404 495
404 423
404 406
404 447
404 419
405 480
405 409
405 451
405 422
405 495
406 499
406 430
406 479
406 425
406 453
407 475
407 479
407 437
407 441
407 458
407 495
407 429
407 461
407 421
408 499
408 432
408 421
408 447
408 430
408 474
409 470
409 434
409 426
410 454
410 420
410 459
410 474
410 442
410 483
410 462
411 470
411 494
411 496
411 420
411 480
411 467
411 423
412 498
412 489
412 419
412 423
412 483
412 442
413 471
413 473
413 454
413 469
413 477
413 486
413 423
414 463
414 423
414 432
414 494
414 464
415 417
415 442
416 451
416 426
416 439
416 465
417 441
417 440
417 424
417 499
418 439
418 492
419 481
419 471
419 467
420 497
420 447
420 472
420 483
420 476
421 491
421 457
421 495
421 461
422 423
422 442
422 451
422 444
422 488
423 471
423 443
423 476
423 444
424 432
424 437
425 497
425 495
425 439
426 477
426 465
426 481
426 452
426 441
426 439
426 429
426 430
426 436
426 482
427 491
428 430
428 462
428 495
429 462
429 477
429 467
429 458
430 496
430 491
430 440
430 498
430 471
430 441
430 453
430 467
431 455
431 493
432 495
432 453
432 441
432 494
432 467
432 465
432 487
432 486
432 433
433 450
433 436
434 448
434 436
434 458
434 472
435 473
435 493
436 445
437 491
437 496
437 473
437 489
438 495
439 459
439 480
440 474
441 457
441 484
441 451
442 454
442 446
442 496
442 465
442 478
443 480
443 476
443 474
444 477
444 476
444 491
445 448
445 454
445 476
445 494
446 496
446 493
446 490
446 470
447 462
447 491
447 470
448 465
448 462
449 485
449 450
449 453
449 496
450 470
450 473
451 465
452 469
452 481
452 495
453 489
453 490
453 494
454 492
454 471
454 461
455 472
455 465
455 474
456 479
456 486
457 471
457 485
458 477
458 499
458 479
459 494
460 484
461 479
463 475
463 473
463 488
464 484
464 467
464 470
467 471
467 490
467 488
467 489
468 486
468 474
468 499
468 472
468 497
469 489
469 480
469 478
471 494
471 497
472 497
472 483
472 484
473 487
473 488
473 485
474 499
474 478
476 499
477 494
478 482
479 498
480 491
480 486
480 492
481 489
483 494
483 487
484 496
484 492
488 499
489 496
489 490
490 497
497 498
