VERTICES = 500
EDGES = 8000
0 390
0 471
0 52
0 59
0 106
0 22
0 368
0 190
0 139
0 272
0 433
0 228
0 307
0 278
0 361
0 293
0 418
0 151
0 1
0 447
0 194
0 79
0 250
0 227
0 407
0 422
0 5
0 50
1 229
1 116
1 172
1 54
1 241
1 11
1 462
1 454
1 419
1 338
1 195
1 210
1 150
1 479
1 38
1 131
1 233
1 346
1 199
1 327
1 498
1 383
1 491
1 367
1 53
1 324
1 343
1 55
1 12
1 323
1 456
1 18
1 149
1 179
1 100
2 307
2 125
2 430
2 454
2 234
2 312
2 306
2 203
2 32
2 387
2 222
2 209
2 192
2 369
2 364
2 492
2 200
2 73
2 148
2 267
2 385
2 336
2 366
2 311
2 443
2 326
2 278
2 81
2 161
3 365
3 475
3 332
3 96
3 259
3 166
3 204
3 479
3 10
3 489
3 390
3 98
3 248
3 470
3 222
3 49
3 476
3 234
3 253
3 251
3 355
3 431
3 114
3 52
3 75
3 116
3 366
4 81
4 245
4 201
4 77
4 108
4 130
4 348
4 481
4 364
4 494
4 436
4 239
4 450
4 319
4 183
4 243
4 235
4 189
4 176
4 51
4 250
4 434
4 252
4 101
4 102
4 261
4 163
4 53
4 16
4 350
4 484
4 452
4 487
4 107
4 106
4 388
4 54
5 10
5 46
5 489
5 95
5 450
5 70
5 298
5 434
5 137
5 167
5 385
5 341
5 111
5 464
5 258
5 45
5 64
5 255
5 319
5 135
5 386
5 154
5 78
5 157
5 161
5 305
5 237
5 421
5 131
5 264
5 490
5 492
5 86
5 397
5 129
6 261
6 479
6 35
6 119
6 418
6 396
6 193
6 342
6 419
6 55
6 438
6 211
6 102
6 343
6 95
6 330
6 278
6 461
6 375
6 192
6 416
6 484
6 307
6 115
6 407
6 71
6 177
6 235
6 133
6 406
6 111
7 115
7 390
7 419
7 463
7 48
7 497
7 343
7 458
7 168
7 276
7 45
7 476
7 372
7 490
7 108
7 137
7 112
7 420
7 24
7 288
7 46
7 44
7 14
7 73
7 269
7 350
7 216
7 459
7 159
7 257
7 300
7 320
7 434
7 254
7 164
7 165
7 134
8 349
8 372
8 468
8 74
8 409
8 147
8 492
8 499
8 345
8 473
8 490
8 275
8 93
8 63
8 105
8 18
8 387
8 248
8 272
8 135
8 102
8 59
8 319
8 212
8 209
8 258
8 236
8 55
8 224
8 165
8 228
8 134
8 99
9 277
9 95
9 205
9 474
9 145
9 312
9 464
9 80
9 185
9 207
9 47
9 332
9 318
9 263
9 375
9 377
9 171
9 167
9 349
9 97
9 321
9 242
9 182
9 148
9 345
9 157
10 495
10 150
10 375
10 333
10 314
10 476
10 275
10 421
10 97
10 397
10 378
10 88
10 279
10 118
10 80
10 49
10 260
10 299
10 85
10 435
10 361
10 16
10 129
10 20
10 233
11 99
11 47
11 469
11 315
11 296
11 253
11 210
11 263
11 158
11 434
11 477
11 29
11 212
11 397
11 62
11 480
11 420
11 240
11 129
11 496
11 399
11 271
11 462
11 254
11 383
11 157
11 433
11 52
11 200
11 394
11 124
11 393
11 193
11 431
11 177
11 351
12 465
12 112
12 230
12 491
12 248
12 490
12 263
12 110
12 132
12 82
12 260
12 134
12 92
12 148
12 84
12 77
12 254
12 45
12 378
12 21
12 182
12 279
12 47
12 286
12 120
12 68
12 308
13 451
13 54
13 215
13 203
13 340
13 61
13 37
13 415
13 412
13 240
13 104
13 251
13 377
13 434
13 63
13 114
13 48
13 343
13 109
13 65
13 25
13 479
13 120
13 43
13 117
13 206
13 155
13 146
13 260
13 292
13 167
13 183
13 229
13 310
13 249
13 221
13 263
13 66
13 222
14 43
14 198
14 227
14 163
14 318
14 334
14 175
14 458
14 406
14 495
14 392
14 164
14 172
14 359
14 267
14 415
14 433
14 269
14 201
14 210
14 182
14 369
14 431
14 160
14 97
14 376
15 239
15 396
15 305
15 251
15 292
15 230
15 155
15 211
15 159
15 123
15 205
15 332
15 376
15 59
15 438
15 108
15 37
15 306
15 49
15 151
15 464
15 421
15 449
15 214
15 210
15 225
15 440
15 195
15 112
15 451
15 97
15 43
15 184
15 203
16 19
16 395
16 181
16 22
16 397
16 258
16 38
16 296
16 117
16 163
16 436
16 288
16 456
16 65
16 375
16 294
16 325
16 198
16 159
16 64
16 341
16 338
16 88
16 414
16 308
16 468
16 93
17 316
17 281
17 460
17 470
17 343
17 464
17 203
17 125
17 469
17 124
17 487
17 254
17 426
17 313
17 489
17 101
17 137
17 49
17 35
17 328
17 239
17 180
17 374
17 255
17 195
17 353
17 482
17 96
17 322
17 21
17 351
17 318
18 406
18 361
18 225
18 363
18 41
18 488
18 335
18 157
18 139
18 328
18 393
18 81
18 104
18 482
18 155
18 96
18 187
18 58
18 63
18 237
18 193
18 440
18 489
18 481
18 316
18 206
19 429
19 247
19 113
19 396
19 57
19 280
19 161
19 409
19 252
19 156
19 333
19 261
19 295
19 470
19 177
19 312
19 37
19 234
19 334
19 253
19 192
19 440
19 458
19 164
19 230
19 150
19 85
19 174
19 420
19 183
19 66
19 148
19 340
19 114
19 322
19 300
20 404
20 281
20 141
20 187
20 226
20 406
20 107
20 53
20 314
20 472
20 195
20 420
20 184
20 271
20 119
20 476
20 405
20 180
20 273
20 498
20 117
20 376
20 311
21 68
21 304
21 166
21 135
21 427
21 26
21 384
21 287
21 233
21 120
21 253
21 248
21 122
21 276
21 102
21 336
21 441
21 446
21 147
21 303
21 476
21 273
21 414
21 278
21 130
22 124
22 368
22 452
22 54
22 304
22 239
22 359
22 277
22 493
22 186
22 226
22 427
22 255
22 295
22 407
22 495
22 468
22 237
22 313
22 450
22 403
22 494
22 144
22 430
22 84
22 260
22 475
22 339
22 101
22 296
23 334
23 103
23 271
23 63
23 174
23 499
23 330
23 66
23 442
23 106
23 396
23 88
23 213
23 96
23 328
23 444
23 202
23 92
23 269
23 448
23 452
23 402
23 157
23 392
23 65
23 475
23 168
23 370
23 291
23 111
23 289
23 196
24 391
24 92
24 155
24 191
24 32
24 36
24 104
24 257
24 168
24 156
24 340
24 422
24 105
24 322
24 419
24 120
24 72
24 204
24 219
24 88
24 162
24 369
24 285
24 342
24 438
24 351
24 234
24 428
24 468
24 187
25 376
25 435
25 112
25 317
25 327
25 282
25 228
25 482
25 106
25 315
25 486
25 209
25 313
25 321
25 250
25 471
25 115
25 298
25 180
25 491
25 489
25 98
25 265
25 253
25 45
25 193
25 179
25 303
25 398
25 129
25 217
25 257
25 299
26 50
26 282
26 320
26 265
26 331
26 82
26 362
26 466
26 38
26 421
26 229
26 260
26 285
26 110
26 464
26 379
26 213
26 130
26 374
26 100
26 446
26 386
26 364
26 388
26 326
26 244
26 368
26 336
26 161
26 109
26 315
26 87
26 156
26 208
26 406
27 72
27 100
27 80
27 258
27 409
27 144
27 63
27 219
27 199
27 361
27 198
27 60
27 388
27 379
27 34
27 275
27 307
27 269
27 210
27 120
27 419
27 477
27 293
27 117
27 338
27 299
27 239
27 88
27 331
27 75
27 183
27 308
27 364
27 452
27 284
27 209
27 246
27 45
28 111
28 405
28 353
28 175
28 233
28 433
28 426
28 339
28 454
28 251
28 445
28 338
28 143
28 30
28 331
28 345
28 488
28 478
28 135
28 197
28 72
28 492
28 37
28 195
28 316
28 167
28 322
28 231
28 179
28 319
28 215
28 58
28 183
28 237
28 125
29 69
29 384
29 476
29 262
29 386
29 70
29 395
29 324
29 68
29 457
29 406
29 463
29 121
29 454
29 54
29 249
29 475
29 479
29 88
29 172
29 248
29 412
29 309
29 316
29 130
29 492
29 53
29 367
30 382
30 211
30 65
30 291
30 384
30 400
30 31
30 57
30 102
30 346
30 108
30 123
30 236
30 274
30 473
30 496
30 219
30 187
30 429
30 494
30 250
30 398
30 222
30 330
30 480
30 325
30 366
30 401
30 60
30 193
30 450
30 415
30 213
30 365
31 445
31 389
31 497
31 171
31 132
31 108
31 409
31 116
31 89
31 241
31 437
31 95
31 482
31 192
31 274
31 78
31 447
31 136
31 451
31 46
31 223
31 396
31 226
31 90
31 126
31 291
31 306
31 357
31 208
31 317
31 174
32 498
32 355
32 202
32 87
32 57
32 71
32 90
32 477
32 325
32 74
32 100
32 81
32 59
32 108
32 365
32 176
32 266
32 330
32 455
32 292
32 305
32 278
32 487
32 389
32 170
32 494
32 409
32 78
33 454
33 382
33 385
33 449
33 403
33 182
33 396
33 57
33 114
33 164
33 180
33 398
33 99
33 447
33 151
33 339
33 71
33 231
33 270
33 173
33 414
33 139
33 137
33 477
33 36
33 292
33 34
33 45
33 113
33 260
34 237
34 84
34 140
34 410
34 395
34 315
34 82
34 333
34 255
34 135
34 258
34 421
34 245
34 414
34 417
34 50
34 263
34 305
34 317
34 380
34 490
34 300
34 309
34 356
34 134
34 491
34 377
34 320
34 385
35 106
35 108
35 472
35 395
35 126
35 471
35 234
35 457
35 494
35 125
35 170
35 464
35 91
35 258
35 480
35 219
35 42
35 475
35 284
35 249
35 88
35 341
35 260
35 176
35 235
35 181
35 129
36 202
36 430
36 112
36 245
36 467
36 45
36 293
36 499
36 271
36 46
36 492
36 458
36 222
36 444
36 295
36 233
36 164
36 69
36 99
36 368
36 316
36 494
36 180
36 259
37 161
37 494
37 190
37 143
37 65
37 487
37 316
37 69
37 391
37 439
37 170
37 81
37 236
37 168
37 128
37 342
37 95
37 302
37 474
37 271
37 484
37 121
37 274
37 41
38 442
38 371
38 291
38 386
38 454
38 318
38 311
38 146
38 100
38 317
38 499
38 218
38 394
38 184
38 96
38 320
38 349
38 431
38 498
38 377
38 348
38 94
38 404
38 460
38 244
38 448
39 141
39 129
39 397
39 133
39 441
39 473
39 496
39 184
39 407
39 43
39 346
39 189
39 94
39 125
39 214
39 456
39 50
39 130
39 454
39 45
39 58
39 59
39 180
39 333
39 352
39 44
39 271
39 354
39 104
39 208
39 457
40 458
40 428
40 67
40 253
40 199
40 261
40 352
40 443
40 449
40 148
40 116
40 129
40 66
40 399
40 111
40 164
40 408
40 467
40 325
40 322
40 163
40 279
40 400
40 309
40 186
41 143
41 137
41 471
41 54
41 457
41 437
41 194
41 342
41 462
41 333
41 50
41 338
41 187
41 443
41 69
41 196
42 303
42 56
42 218
42 422
42 116
42 155
42 480
42 347
42 442
42 277
42 298
42 493
42 481
42 127
42 111
42 169
42 410
42 151
42 135
42 318
42 476
42 252
42 296
42 115
42 109
42 159
42 436
42 64
42 207
42 437
42 470
43 49
43 60
43 276
43 348
43 482
43 461
43 70
43 142
43 441
43 250
43 387
43 115
43 376
43 158
43 374
43 186
43 289
43 153
43 477
43 308
43 424
43 243
43 63
43 341
43 119
43 320
43 337
44 57
44 254
44 296
44 423
44 471
44 442
44 76
44 321
44 466
44 425
44 306
44 186
44 166
44 163
44 458
44 357
44 94
44 473
44 253
44 424
44 340
44 479
44 311
44 388
44 249
44 281
45 404
45 91
45 51
45 460
45 468
45 280
45 396
45 133
45 355
45 177
45 326
45 476
45 209
45 417
45 376
45 451
45 197
45 71
45 46
45 244
45 386
45 216
45 291
45 56
45 310
45 420
45 89
45 379
45 161
45 298
45 441
45 253
45 427
45 474
46 339
46 322
46 77
46 248
46 442
46 389
46 139
46 342
46 156
46 352
46 423
46 288
46 432
46 117
46 243
46 210
46 485
46 98
46 153
46 495
46 309
46 274
46 461
46 411
46 148
46 498
46 116
47 446
47 346
47 140
47 444
47 225
47 249
47 122
47 96
47 224
47 437
47 301
47 405
47 160
47 475
47 257
47 187
47 107
47 401
47 431
47 412
47 256
47 373
47 142
47 112
47 375
47 126
47 204
48 431
48 145
48 178
48 89
48 239
48 86
48 120
48 256
48 230
48 107
48 476
48 266
48 146
48 90
48 132
48 310
48 260
48 180
48 124
48 54
48 344
48 240
48 394
48 449
48 300
48 484
49 131
49 195
49 179
49 50
49 459
49 120
49 83
49 263
49 438
49 486
49 70
49 222
49 215
49 286
49 196
49 329
49 429
49 95
49 77
49 469
49 258
49 292
49 239
49 322
49 366
49 81
49 295
50 116
50 440
50 465
50 147
50 377
50 305
50 139
50 490
50 255
50 238
50 499
50 319
50 144
50 444
50 236
50 237
50 181
50 349
50 222
50 466
50 388
50 383
50 119
50 57
50 187
50 481
51 209
51 407
51 484
51 151
51 88
51 186
51 463
51 436
51 60
51 133
51 181
51 72
51 89
51 473
51 302
51 400
51 483
51 251
51 499
51 234
51 306
51 409
51 323
51 106
51 413
51 185
51 78
52 94
52 233
52 330
52 204
52 58
52 367
52 159
52 162
52 153
52 255
52 402
52 208
52 333
52 155
52 244
52 117
52 364
52 490
52 144
52 377
52 446
52 456
52 122
52 139
52 119
52 346
52 125
52 298
52 209
52 135
53 106
53 237
53 105
53 167
53 148
53 416
53 149
53 220
53 481
53 269
53 477
53 143
53 391
53 433
53 335
53 443
53 214
53 250
53 467
53 361
53 418
53 183
53 399
53 427
53 243
53 109
53 60
53 363
53 227
54 244
54 312
54 57
54 418
54 275
54 239
54 264
54 77
54 431
54 443
54 469
54 181
54 197
54 231
54 262
54 492
54 200
54 468
55 447
55 94
55 302
55 486
55 165
55 140
55 433
55 93
55 62
55 153
55 192
55 498
55 260
55 230
55 243
55 207
55 81
55 238
55 488
55 445
55 454
55 468
55 324
55 164
55 434
55 382
55 416
55 393
55 398
55 221
56 294
56 458
56 455
56 206
56 406
56 98
56 303
56 205
56 271
56 252
56 442
56 489
56 435
56 236
56 155
56 376
56 363
56 331
56 262
56 491
56 377
56 313
56 426
56 69
56 223
56 117
56 408
56 387
56 81
56 221
56 276
56 189
56 266
56 340
56 148
56 97
57 254
57 485
57 333
57 420
57 219
57 301
57 478
57 99
57 422
57 297
57 350
57 162
57 150
57 195
57 396
57 428
57 319
57 123
57 145
57 405
57 193
57 358
57 115
57 349
57 192
58 444
58 414
58 244
58 200
58 62
58 215
58 372
58 278
58 92
58 72
58 328
58 290
58 356
58 378
58 152
58 398
58 281
58 377
58 314
58 456
58 481
58 151
58 272
58 117
58 494
58 375
58 162
59 136
59 378
59 141
59 311
59 326
59 271
59 227
59 273
59 130
59 360
59 116
59 333
59 455
59 150
59 228
59 197
59 374
59 353
59 291
59 287
59 425
59 487
59 73
59 344
59 448
59 382
59 415
59 319
59 283
60 497
60 126
60 366
60 392
60 252
60 163
60 322
60 498
60 114
60 453
60 308
60 247
60 336
60 202
60 180
60 305
60 246
60 107
60 372
60 333
60 132
60 177
60 435
60 304
60 350
60 83
60 492
60 115
60 135
60 190
60 417
60 460
60 369
60 426
60 413
60 267
61 498
61 469
61 288
61 416
61 262
61 71
61 84
61 111
61 125
61 378
61 264
61 167
61 363
61 255
61 386
61 331
61 314
61 464
61 271
61 417
61 372
61 104
61 346
61 201
61 375
61 203
61 418
61 468
61 147
62 204
62 324
62 159
62 109
62 104
62 273
62 147
62 347
62 139
62 78
62 392
62 469
62 271
62 341
62 172
62 294
62 101
62 257
62 217
62 445
62 428
62 481
62 304
62 416
62 225
62 165
62 436
62 149
62 499
62 134
63 452
63 183
63 201
63 96
63 145
63 388
63 106
63 278
63 346
63 356
63 149
63 343
63 374
63 314
63 181
63 239
63 382
63 250
63 454
63 160
63 197
63 331
63 282
63 223
63 298
63 464
63 477
63 486
63 394
63 400
63 369
64 447
64 364
64 242
64 289
64 65
64 251
64 331
64 359
64 80
64 324
64 492
64 254
64 144
64 353
64 363
64 403
64 202
64 280
64 238
64 244
64 74
64 140
64 95
64 106
64 151
64 346
64 130
64 485
65 339
65 442
65 457
65 158
65 324
65 454
65 327
65 105
65 468
65 123
65 218
65 221
65 166
65 458
65 381
65 455
65 162
65 230
65 414
65 477
65 431
65 312
65 449
65 392
65 332
65 97
65 358
65 494
65 425
65 115
66 467
66 157
66 67
66 70
66 427
66 295
66 140
66 175
66 230
66 118
66 100
66 473
66 247
66 195
66 226
66 228
66 177
66 159
66 378
66 153
66 491
66 447
66 285
66 202
66 347
66 332
66 339
66 253
66 484
66 264
67 359
67 353
67 86
67 272
67 251
67 456
67 274
67 158
67 452
67 179
67 447
67 110
67 163
67 299
67 448
67 209
67 79
67 227
67 87
67 430
67 226
67 186
67 288
67 124
67 100
67 303
67 349
68 443
68 197
68 228
68 403
68 459
68 174
68 96
68 304
68 272
68 347
68 196
68 76
68 485
68 451
68 398
68 415
68 496
68 220
68 462
68 148
69 156
69 220
69 487
69 495
69 188
69 263
69 78
69 316
69 158
69 386
69 84
69 465
69 254
69 293
69 126
69 440
69 428
69 110
69 376
69 210
69 387
69 377
69 257
69 255
69 473
69 365
69 462
69 355
69 329
69 178
70 216
70 356
70 267
70 331
70 464
70 315
70 231
70 438
70 275
70 302
70 339
70 145
70 228
70 479
70 214
70 213
70 349
70 365
70 322
70 122
70 255
70 288
70 229
71 91
71 130
71 278
71 314
71 155
71 437
71 96
71 451
71 330
71 460
71 455
71 248
71 267
71 496
71 383
71 166
71 452
71 178
71 76
71 193
71 367
72 317
72 222
72 174
72 167
72 279
72 186
72 100
72 241
72 306
72 267
72 346
72 166
72 177
72 431
72 489
72 350
72 320
72 488
72 286
72 352
72 96
72 283
72 87
72 282
72 238
72 443
72 319
72 301
72 292
72 433
72 121
72 112
73 306
73 423
73 480
73 229
73 86
73 118
73 149
73 117
73 313
73 409
73 224
73 321
73 231
73 420
73 147
73 448
73 270
73 178
73 452
73 455
73 275
74 132
74 453
74 199
74 329
74 493
74 338
74 431
74 214
74 247
74 118
74 257
74 222
74 80
74 147
74 374
74 359
74 274
74 469
74 221
74 410
74 366
74 248
74 457
74 391
74 252
74 276
74 461
74 236
75 453
75 155
75 497
75 286
75 456
75 146
75 240
75 325
75 252
75 162
75 191
75 177
75 448
75 465
75 216
75 467
75 248
75 318
75 388
75 105
75 422
75 134
75 435
75 470
75 414
76 191
76 217
76 433
76 404
76 333
76 317
76 304
76 98
76 253
76 79
76 341
76 435
76 245
76 439
76 238
76 228
76 111
76 291
76 434
76 450
76 425
76 223
76 243
76 343
76 412
76 403
76 183
76 414
76 146
77 393
77 224
77 439
77 285
77 160
77 187
77 343
77 166
77 411
77 241
77 168
77 340
77 282
77 188
77 328
77 272
77 382
77 212
77 469
77 259
77 314
77 408
77 252
77 164
78 179
78 470
78 330
78 498
78 150
78 228
78 165
78 288
78 340
78 202
78 377
78 417
78 161
78 256
78 292
78 447
78 329
78 195
78 275
78 387
78 246
78 322
78 351
78 144
78 331
78 281
78 380
78 121
78 473
78 250
78 368
78 81
78 270
78 213
78 286
78 93
78 268
78 451
78 159
79 269
79 84
79 248
79 447
79 300
79 209
79 370
79 352
79 289
79 438
79 274
79 164
79 232
79 217
79 357
79 80
79 348
79 328
79 314
79 418
79 259
79 216
79 434
79 343
79 478
79 393
79 458
79 192
79 382
80 460
80 123
80 374
80 447
80 365
80 348
80 155
80 144
80 489
80 191
80 198
80 399
80 386
80 360
80 254
80 189
80 88
80 214
80 376
80 270
80 420
80 250
80 262
80 278
80 159
80 427
80 405
80 209
81 467
81 315
81 289
81 349
81 460
81 164
81 368
81 327
81 213
81 468
81 202
81 328
81 395
81 183
81 191
81 139
81 166
81 480
81 479
81 237
81 188
81 94
81 270
81 471
81 242
81 170
81 461
81 148
81 421
81 344
81 260
82 146
82 296
82 220
82 349
82 437
82 149
82 194
82 161
82 292
82 400
82 192
82 99
82 105
82 340
82 242
82 135
82 141
82 134
82 369
82 384
82 354
82 388
82 348
82 477
82 343
82 157
83 486
83 430
83 318
83 282
83 92
83 193
83 234
83 253
83 299
83 140
83 371
83 304
83 379
83 313
83 120
83 422
83 131
83 348
83 261
83 256
83 272
83 110
83 455
84 359
84 233
84 170
84 261
84 199
84 228
84 340
84 115
84 368
84 481
84 376
84 315
84 178
84 304
84 482
84 312
84 446
84 215
84 309
84 159
84 155
84 363
84 405
84 456
84 464
84 460
84 383
85 328
85 295
85 353
85 458
85 260
85 405
85 203
85 107
85 163
85 481
85 460
85 429
85 214
85 237
85 468
85 200
85 127
85 376
85 266
85 202
85 472
85 122
85 102
85 478
85 161
85 496
85 453
86 171
86 343
86 359
86 454
86 295
86 417
86 308
86 357
86 150
86 92
86 93
86 136
86 498
86 296
86 87
86 429
86 377
86 370
86 291
86 88
87 443
87 170
87 146
87 409
87 145
87 114
87 157
87 343
87 491
87 404
87 493
87 335
87 259
87 478
87 109
87 175
87 377
87 375
87 356
87 218
87 434
87 263
87 466
87 269
87 308
88 424
88 473
88 462
88 470
88 362
88 458
88 137
88 108
88 298
88 177
88 185
88 103
88 414
88 173
88 171
88 451
88 378
88 445
89 235
89 382
89 454
89 288
89 255
89 371
89 279
89 415
89 257
89 208
89 99
89 113
89 102
89 211
89 494
89 395
89 442
89 201
89 351
89 134
89 463
89 206
89 160
89 128
89 370
89 456
89 209
89 315
89 183
89 343
89 299
90 120
90 200
90 456
90 423
90 379
90 426
90 172
90 221
90 491
90 153
90 387
90 343
90 425
90 292
90 178
90 279
90 388
90 291
90 107
90 204
90 268
90 352
90 201
90 340
90 439
90 118
90 371
91 414
91 384
91 371
91 107
91 410
91 469
91 424
91 133
91 159
91 148
91 386
91 213
91 340
91 221
91 111
91 393
91 206
91 294
91 425
91 348
91 385
91 131
91 209
92 412
92 405
92 209
92 440
92 127
92 291
92 347
92 431
92 240
92 396
92 441
92 378
92 121
92 139
92 437
92 337
92 385
92 416
92 372
92 419
92 390
92 135
92 205
92 487
92 373
92 96
92 374
93 284
93 387
93 377
93 140
93 432
93 311
93 130
93 452
93 488
93 117
93 125
93 214
93 184
93 104
93 106
93 182
93 402
93 358
94 206
94 442
94 377
94 216
94 374
94 441
94 365
94 470
94 326
94 391
94 277
94 456
94 194
94 466
94 97
94 331
94 247
94 258
94 180
94 410
94 182
94 153
94 431
94 367
94 169
94 369
94 147
94 361
94 467
94 451
94 299
94 474
94 183
94 412
95 404
95 309
95 414
95 198
95 426
95 183
95 136
95 425
95 296
95 359
95 219
95 240
95 273
95 168
95 327
95 406
95 321
95 171
95 261
95 431
95 153
95 203
95 487
95 339
95 143
95 238
95 216
95 278
96 239
96 315
96 323
96 347
96 438
96 194
96 432
96 421
96 439
96 162
96 486
96 408
96 270
96 195
96 358
96 449
96 230
96 147
96 468
96 453
96 192
96 104
96 247
96 452
96 460
96 326
96 113
96 317
96 328
97 325
97 291
97 302
97 341
97 361
97 164
97 181
97 349
97 273
97 404
97 172
97 239
97 175
97 356
97 314
97 135
97 237
97 279
97 127
97 345
97 394
97 335
97 481
97 180
97 417
98 332
98 106
98 403
98 304
98 473
98 241
98 430
98 140
98 107
98 163
98 396
98 349
98 283
98 223
98 406
98 180
98 383
98 213
98 115
98 360
98 414
98 415
98 158
98 168
98 208
98 459
98 423
98 279
99 328
99 477
99 421
99 275
99 430
99 334
99 186
99 137
99 405
99 102
99 253
99 125
99 206
99 262
99 316
99 212
99 310
99 488
99 193
99 296
99 250
100 208
100 366
100 301
100 341
100 442
100 393
100 266
100 355
100 450
100 475
100 261
100 323
100 380
100 307
100 449
100 203
100 110
100 404
100 346
100 381
100 270
100 289
100 491
100 329
100 179
100 476
101 248
101 475
101 384
101 192
101 164
101 243
101 233
101 445
101 167
101 129
101 271
101 113
101 194
101 408
101 342
101 155
101 460
101 433
101 350
101 179
101 288
101 262
101 447
101 324
101 176
101 127
101 348
101 276
101 208
102 106
102 384
102 234
102 190
102 163
102 419
102 442
102 432
102 166
102 341
102 104
102 487
102 195
102 313
102 303
102 388
102 496
102 470
102 395
102 133
102 444
102 129
102 457
102 340
102 145
102 413
102 363
102 220
102 214
103 332
103 193
103 396
103 245
103 110
103 188
103 225
103 495
103 249
103 165
103 402
103 449
103 365
103 464
103 308
103 368
103 278
103 291
103 154
103 150
103 363
103 337
103 395
103 164
103 314
103 389
103 244
103 375
103 424
103 294
103 296
103 199
103 220
104 238
104 266
104 424
104 192
104 351
104 487
104 433
104 274
104 156
104 430
104 350
104 403
104 236
104 284
104 354
104 169
104 262
104 246
104 167
104 339
104 423
104 208
104 386
104 193
104 332
104 407
104 317
104 384
105 344
105 409
105 246
105 346
105 238
105 493
105 230
105 193
105 185
105 438
105 487
105 472
105 239
105 296
105 331
105 418
105 406
105 341
105 107
105 394
105 345
105 212
105 483
105 347
105 323
105 269
106 443
106 236
106 413
106 244
106 350
106 331
106 302
106 477
106 343
106 364
106 256
106 326
106 485
106 329
106 190
106 175
106 279
106 380
106 484
106 474
106 192
106 495
106 109
106 208
106 470
107 305
107 365
107 273
107 285
107 444
107 281
107 461
107 469
107 237
107 266
107 116
107 426
107 344
107 245
107 488
107 391
107 355
107 467
107 203
107 113
107 451
107 197
107 425
108 279
108 289
108 138
108 446
108 112
108 271
108 338
108 270
108 212
108 359
108 488
108 149
108 349
108 209
108 355
108 251
108 413
108 153
108 186
108 397
108 241
108 302
108 496
108 292
108 226
108 310
108 170
108 157
109 392
109 462
109 335
109 360
109 416
109 260
109 403
109 161
109 498
109 182
109 443
109 252
109 288
109 463
109 420
109 150
109 146
109 310
109 277
109 202
109 465
109 230
109 451
109 188
109 118
109 135
109 154
109 274
110 352
110 192
110 331
110 125
110 432
110 287
110 490
110 140
110 338
110 441
110 203
110 145
110 211
110 477
110 364
110 483
110 262
110 143
110 228
110 223
110 248
110 259
111 116
111 333
111 353
111 201
111 208
111 458
111 343
111 243
111 123
111 403
111 331
111 265
111 387
111 375
111 372
111 457
111 442
111 385
111 467
111 229
111 427
111 115
111 227
111 255
111 202
111 216
112 184
112 314
112 179
112 312
112 248
112 489
112 359
112 310
112 434
112 171
112 471
112 366
112 428
112 424
112 127
112 124
112 292
112 191
112 211
112 218
112 120
112 333
112 462
112 317
112 167
112 222
112 417
113 257
113 385
113 380
113 253
113 205
113 481
113 167
113 400
113 157
113 142
113 319
113 204
113 424
113 140
113 351
113 120
113 136
113 485
113 421
113 490
113 468
113 460
113 230
113 116
113 278
113 391
113 283
114 151
114 266
114 200
114 441
114 345
114 309
114 383
114 368
114 117
114 145
114 375
114 127
114 388
114 238
114 122
114 216
114 305
114 475
114 313
114 358
114 135
114 235
114 359
114 351
114 495
114 201
115 262
115 237
115 306
115 274
115 253
115 259
115 289
115 217
115 454
115 385
115 481
115 458
115 373
115 427
115 394
115 431
115 178
115 494
115 226
115 286
115 445
115 180
115 256
115 117
115 414
115 331
115 491
115 206
115 495
115 173
115 125
115 147
116 385
116 350
116 396
116 127
116 243
116 157
116 467
116 202
116 288
116 451
116 309
116 407
116 449
116 471
116 269
116 489
116 173
116 362
116 240
116 315
116 184
116 394
116 249
116 298
116 286
116 438
116 294
116 404
117 414
117 224
117 446
117 249
117 175
117 394
117 402
117 163
117 172
117 133
117 374
117 494
117 362
117 204
117 230
117 226
117 453
117 403
117 493
117 299
117 268
117 206
117 430
117 235
117 481
117 483
117 338
117 260
118 250
118 156
118 286
118 122
118 332
118 388
118 213
118 439
118 333
118 360
118 135
118 172
118 157
118 307
118 293
118 443
118 436
118 486
118 313
118 456
118 191
118 479
118 459
118 198
118 353
118 215
118 249
118 494
118 187
118 473
119 409
119 418
119 247
119 201
119 367
119 344
119 387
119 443
119 149
119 483
119 133
119 173
119 337
119 231
119 123
119 232
119 301
119 492
119 391
119 495
119 484
119 410
119 298
119 342
119 400
119 405
119 167
119 351
119 347
120 293
120 129
120 218
120 125
120 246
120 215
120 424
120 360
120 260
120 472
120 132
120 460
120 476
120 323
120 294
120 277
120 336
120 128
120 126
120 368
120 484
120 160
120 236
120 429
120 422
121 426
121 154
121 179
121 385
121 267
121 213
121 407
121 284
121 211
121 439
121 344
121 492
121 455
122 322
122 459
122 257
122 381
122 435
122 380
122 336
122 287
122 152
122 323
122 441
122 375
122 349
122 356
122 468
122 252
122 373
122 208
122 149
122 282
122 392
122 378
122 362
122 337
122 332
122 263
123 135
123 245
123 223
123 398
123 299
123 328
123 262
123 279
123 126
123 436
123 129
123 498
123 486
123 130
123 420
123 254
123 456
123 237
123 421
123 260
123 201
123 409
123 356
124 151
124 138
124 325
124 403
124 188
124 240
124 366
124 395
124 204
124 391
124 419
124 214
124 353
124 252
124 423
124 235
124 473
124 161
124 168
124 447
124 474
125 420
125 401
125 408
125 474
125 421
125 447
125 394
125 202
125 175
125 453
125 165
125 451
125 130
125 213
125 247
125 392
125 187
125 333
125 235
125 452
125 402
125 251
125 194
125 162
125 455
125 348
125 332
125 313
125 382
126 336
126 314
126 443
126 475
126 236
126 429
126 409
126 473
126 451
126 410
126 155
126 202
126 492
126 461
126 215
126 263
126 369
126 258
126 456
126 420
126 134
126 354
126 269
126 440
126 228
126 318
126 213
126 411
127 368
127 322
127 437
127 229
127 137
127 205
127 230
127 138
127 395
127 267
127 291
127 193
127 251
127 338
127 159
127 406
127 489
127 286
127 434
127 196
127 419
127 405
128 279
128 345
128 156
128 172
128 241
128 432
128 249
128 245
128 342
128 131
128 412
128 383
128 499
128 269
128 250
128 179
128 329
128 194
128 199
128 498
128 478
128 232
128 136
129 462
129 385
129 188
129 199
129 161
129 305
129 338
129 480
129 178
129 221
129 139
129 226
129 448
129 284
129 397
129 237
129 164
129 191
129 132
129 243
129 172
129 372
129 320
129 174
129 166
129 449
129 362
129 231
130 364
130 147
130 436
130 225
130 324
130 146
130 215
130 467
130 357
130 456
130 485
130 265
130 188
130 236
130 232
130 345
130 348
130 198
130 227
130 207
130 177
130 241
130 388
130 134
130 233
130 441
130 322
130 258
130 181
130 397
130 273
130 390
130 338
130 267
130 159
130 489
131 161
131 495
131 196
131 373
131 392
131 272
131 290
131 367
131 354
131 382
131 182
131 183
131 215
131 494
131 480
131 232
131 355
131 415
131 285
131 449
131 291
131 288
131 384
132 298
132 248
132 145
132 358
132 198
132 432
132 395
132 339
132 190
132 279
132 147
132 449
132 136
132 377
132 166
132 355
132 320
132 480
132 203
132 360
132 332
132 228
132 376
132 477
133 270
133 350
133 191
133 454
133 257
133 399
133 235
133 493
133 499
133 369
133 408
133 140
133 234
133 139
133 381
133 383
133 237
133 308
133 398
133 373
133 431
133 360
134 219
134 413
134 488
134 334
134 440
134 209
134 208
134 358
134 217
134 255
134 495
134 368
134 185
134 457
134 420
134 188
134 259
134 432
134 203
134 370
134 485
134 434
134 435
134 376
134 292
134 205
134 314
134 304
135 192
135 453
135 439
135 292
135 342
135 340
135 160
135 173
135 202
135 430
135 239
135 273
135 440
135 389
135 254
135 332
135 166
135 422
135 210
135 448
136 216
136 212
136 272
136 460
136 396
136 229
136 221
136 327
136 338
136 234
136 498
136 324
136 211
136 295
136 373
136 379
136 154
136 345
136 402
136 294
136 247
136 478
136 170
137 156
137 402
137 310
137 308
137 478
137 152
137 316
137 262
137 260
137 339
137 257
137 244
137 267
137 206
137 463
137 146
137 361
137 416
137 456
137 280
137 491
137 393
138 381
138 310
138 324
138 297
138 482
138 232
138 473
138 450
138 335
138 462
138 364
138 458
138 291
138 384
138 204
138 203
138 200
138 467
138 309
138 497
139 361
139 297
139 425
139 232
139 306
139 467
139 428
139 338
139 153
139 448
139 155
139 205
139 162
139 392
139 271
139 300
139 372
139 302
139 238
139 252
139 357
140 173
140 168
140 303
140 254
140 477
140 312
140 490
140 495
140 302
140 212
140 146
140 427
140 321
140 403
140 163
140 384
140 345
140 453
140 414
140 462
140 183
140 442
140 207
140 174
141 239
141 219
141 267
141 238
141 150
141 316
141 384
141 386
141 273
141 289
141 419
141 440
141 318
141 189
141 325
141 313
141 477
141 410
141 201
141 146
142 353
142 199
142 491
142 444
142 307
142 496
142 483
142 405
142 294
142 383
142 209
142 419
142 359
142 226
142 331
142 434
142 145
142 159
142 175
142 183
142 372
142 355
143 454
143 281
143 172
143 472
143 470
143 153
143 391
143 329
143 293
143 300
143 482
143 399
143 432
143 230
143 214
143 240
143 403
143 418
143 401
143 433
143 386
143 422
144 357
144 200
144 191
144 220
144 482
144 212
144 464
144 412
144 488
144 378
144 329
144 429
144 310
144 156
144 312
144 208
144 436
144 405
144 403
144 151
144 387
144 165
144 254
144 494
144 241
144 442
144 426
145 436
145 383
145 261
145 393
145 340
145 330
145 288
145 438
145 359
145 368
145 386
145 147
145 493
145 244
145 212
145 280
145 220
145 460
145 331
145 151
145 324
145 198
146 490
146 497
146 248
146 431
146 216
146 381
146 441
146 190
146 496
146 341
146 468
146 165
146 322
146 367
146 430
146 310
146 272
146 442
146 495
146 238
146 408
147 365
147 222
147 402
147 196
147 156
147 301
147 306
147 388
147 300
147 443
147 499
147 189
147 395
147 425
147 335
147 317
147 182
147 280
147 192
147 324
147 453
147 333
147 150
147 392
147 241
147 465
148 427
148 176
148 400
148 174
148 383
148 248
148 209
148 251
148 394
148 171
148 464
148 189
148 237
148 334
148 463
148 312
148 372
148 166
148 159
148 300
148 433
148 201
148 317
148 347
149 363
149 338
149 155
149 356
149 454
149 349
149 471
149 208
149 239
149 465
149 370
149 402
149 268
149 330
149 255
149 290
149 371
149 421
149 367
149 295
149 498
149 422
149 158
149 259
149 204
149 188
149 216
150 327
150 346
150 186
150 427
150 458
150 214
150 377
150 414
150 206
150 248
150 162
150 285
150 151
150 280
150 330
150 429
150 487
150 457
150 159
150 375
150 215
150 441
150 291
150 308
150 245
150 372
150 392
150 431
150 204
151 451
151 340
151 276
151 278
151 354
151 264
151 474
151 175
151 301
151 355
151 255
151 266
151 274
151 345
151 324
151 286
151 303
151 405
152 213
152 265
152 228
152 205
152 259
152 219
152 282
152 197
152 258
152 218
152 288
152 478
152 270
152 342
152 215
152 459
152 315
152 247
152 267
152 406
152 440
152 299
152 394
152 308
152 281
152 457
153 258
153 227
153 298
153 337
153 499
153 196
153 466
153 158
153 373
153 378
153 489
153 156
153 457
153 317
153 243
153 237
153 467
153 358
153 407
153 262
153 369
153 363
154 339
154 364
154 359
154 286
154 418
154 211
154 493
154 436
154 208
154 307
154 311
154 374
154 442
154 324
154 367
154 406
155 351
155 287
155 293
155 174
155 276
155 357
155 423
155 326
155 224
155 281
155 485
155 422
155 319
155 300
155 383
155 260
155 385
155 225
155 235
155 394
155 172
155 257
155 207
155 261
155 304
155 479
156 401
156 388
156 270
156 457
156 316
156 336
156 366
156 447
156 201
156 430
156 303
156 412
156 462
156 294
156 234
156 337
156 269
156 423
156 424
156 373
156 448
156 492
156 335
156 343
156 163
157 158
157 198
157 452
157 391
157 489
157 296
157 191
157 244
157 224
157 493
157 482
157 460
157 173
157 371
157 405
157 179
157 297
158 324
158 268
158 243
158 369
158 406
158 485
158 227
158 397
158 358
158 335
158 378
158 408
158 344
158 339
158 246
158 437
158 316
158 474
158 391
159 166
159 365
159 331
159 425
159 198
159 407
159 340
159 370
159 479
159 264
159 174
159 471
159 484
159 458
159 476
159 488
159 429
159 395
160 313
160 478
160 484
160 209
160 373
160 483
160 244
160 382
160 174
160 165
160 496
160 436
160 464
160 372
160 276
160 181
160 277
160 238
160 262
161 445
161 378
161 486
161 453
161 392
161 391
161 418
161 382
161 350
161 196
161 370
161 303
161 337
161 162
162 484
162 261
162 490
162 487
162 274
162 475
162 191
162 372
162 280
162 347
162 239
162 422
162 307
162 419
162 441
162 179
162 375
162 376
162 353
162 446
162 244
163 221
163 224
163 318
163 328
163 244
163 356
163 194
163 402
163 480
163 202
163 408
163 490
163 239
163 418
163 311
163 493
164 181
164 217
164 452
164 456
164 273
164 188
164 200
164 239
164 203
164 406
164 420
164 312
164 242
164 225
164 472
164 408
164 431
164 208
164 277
164 165
164 306
164 189
164 180
164 468
164 449
165 495
165 263
165 260
165 424
165 293
165 497
165 236
165 447
165 369
165 235
165 180
165 334
165 237
165 470
165 433
165 179
166 471
166 458
166 380
166 379
166 285
166 420
166 339
166 402
166 193
166 297
166 337
166 293
166 366
166 483
166 237
166 236
166 246
166 463
167 325
167 429
167 296
167 244
167 206
167 396
167 435
167 397
167 252
167 335
167 197
167 290
167 489
167 401
167 444
167 239
168 451
168 470
168 347
168 303
168 320
168 348
168 224
168 385
168 202
168 282
168 447
168 250
168 401
168 478
168 481
168 421
168 184
168 490
168 356
168 317
168 311
168 220
168 398
168 289
169 466
169 286
169 425
169 295
169 183
169 222
169 199
169 399
169 328
169 490
169 297
169 385
169 404
169 439
169 281
169 476
169 381
170 476
170 197
170 461
170 361
170 340
170 457
170 486
170 196
170 254
170 377
170 316
170 409
170 411
170 403
170 280
170 297
170 232
170 342
171 453
171 341
171 187
171 354
171 177
171 218
171 273
171 277
171 262
171 200
171 385
171 375
171 456
171 183
171 340
171 306
171 216
171 230
171 391
172 439
172 270
172 327
172 351
172 210
172 410
172 494
172 175
172 179
172 437
172 313
172 336
172 426
172 291
172 232
172 365
172 258
172 399
172 352
172 361
172 299
172 461
172 296
172 226
173 215
173 290
173 225
173 403
173 338
173 442
173 494
173 488
173 429
173 279
173 398
173 390
173 199
173 405
173 217
173 434
173 478
174 298
174 357
174 296
174 327
174 424
174 363
174 414
174 423
174 402
174 446
174 461
174 324
174 477
174 301
174 277
174 283
174 356
175 332
175 403
175 181
175 253
175 436
175 484
175 189
175 466
175 383
175 435
175 309
175 437
175 475
175 496
175 481
175 375
175 425
176 333
176 458
176 227
176 300
176 438
176 417
176 381
176 406
176 427
176 251
176 324
176 239
176 410
176 340
176 489
176 386
176 352
177 207
177 408
177 371
177 267
177 217
177 407
177 203
177 302
177 406
177 475
177 395
177 358
177 466
177 246
177 425
177 213
177 241
177 220
177 324
177 450
177 295
177 194
178 217
178 191
178 313
178 454
178 436
178 292
178 299
178 476
178 351
178 315
178 293
178 206
178 305
178 243
178 445
178 331
178 406
178 241
178 489
178 426
178 444
178 215
178 309
178 365
178 360
179 315
179 434
179 309
179 344
179 244
179 252
179 288
179 400
179 255
179 231
179 198
179 180
179 461
179 328
179 438
179 472
179 334
179 208
179 269
179 364
179 316
179 245
180 472
180 215
180 380
180 369
180 240
180 299
180 303
180 190
180 382
180 473
180 207
180 373
180 396
180 402
180 328
180 354
180 383
180 232
180 183
181 315
181 399
181 458
181 380
181 281
181 414
181 413
181 284
181 235
181 188
181 373
181 328
181 238
181 455
181 497
181 275
181 440
181 273
181 257
181 447
181 382
181 243
181 210
181 491
181 274
182 333
182 384
182 327
182 320
182 486
182 411
182 461
182 282
182 467
182 198
182 409
182 260
182 364
182 312
183 478
183 327
183 384
183 270
183 262
183 309
183 395
183 399
183 354
183 441
183 257
183 437
183 184
184 221
184 313
184 380
184 377
184 213
184 402
184 396
184 450
184 366
184 488
184 342
184 246
184 362
184 394
184 219
184 337
184 477
184 417
185 376
185 370
185 282
185 300
185 302
185 434
185 388
185 397
185 493
185 469
185 201
185 380
185 396
185 463
185 342
185 409
185 200
185 211
185 298
185 337
185 400
186 427
186 267
186 195
186 326
186 272
186 385
186 372
186 350
186 402
186 363
186 389
186 483
186 493
186 317
186 191
186 295
186 218
186 340
186 439
186 438
186 283
186 412
186 405
186 315
186 225
187 254
187 232
187 324
187 469
187 197
187 303
187 498
187 400
187 360
187 224
187 388
187 467
187 497
187 208
187 421
187 206
187 372
187 196
187 366
187 323
188 437
188 241
188 262
188 283
188 371
188 456
188 368
188 287
188 290
188 412
188 348
188 427
188 203
188 229
188 361
188 196
188 358
188 250
188 309
189 310
189 367
189 368
189 270
189 398
189 246
189 333
189 339
189 370
189 198
189 224
189 273
189 498
189 411
189 428
189 219
189 442
189 260
189 393
189 332
189 287
189 214
189 362
189 383
190 325
190 200
190 407
190 363
190 416
190 203
190 351
190 372
190 288
190 379
190 201
190 435
190 338
190 206
190 240
190 292
190 276
190 247
190 320
191 439
191 222
191 226
191 364
191 465
191 437
191 357
191 238
191 236
191 297
191 431
191 220
191 486
191 218
191 227
191 425
191 397
191 345
192 239
192 273
192 409
192 277
192 399
192 484
192 458
192 469
192 378
192 364
192 476
192 495
192 410
192 242
192 498
192 464
192 198
192 296
192 341
192 352
192 411
192 314
192 316
193 316
193 214
193 289
193 439
193 375
193 239
193 194
193 358
193 262
193 322
193 378
193 492
193 311
194 414
194 280
194 247
194 451
194 465
194 403
194 209
194 243
194 458
194 416
194 201
194 429
194 487
194 197
194 481
194 431
194 400
194 314
194 444
194 336
194 290
195 282
195 429
195 278
195 274
195 455
195 418
195 437
195 255
195 371
195 249
195 337
195 494
195 495
195 432
195 475
195 459
195 252
196 478
196 416
196 459
196 446
196 245
196 236
196 350
196 306
196 338
196 297
196 330
196 337
196 436
196 199
196 206
196 454
197 223
197 449
197 361
197 490
197 226
197 347
197 388
197 217
197 400
197 248
197 207
197 218
197 302
197 359
197 356
197 465
197 320
197 497
198 290
198 415
198 281
198 374
198 239
198 407
198 213
198 289
198 350
198 269
198 349
198 387
198 303
199 434
199 395
199 218
199 429
199 220
199 242
199 459
199 371
199 359
199 430
199 485
199 350
199 465
199 457
199 304
199 483
199 204
199 415
199 294
199 330
199 470
199 427
200 460
200 459
200 218
200 408
200 414
200 277
200 410
200 297
200 276
200 318
200 361
200 413
200 349
200 228
200 385
200 419
200 469
200 254
200 346
200 495
200 365
201 462
201 449
201 247
201 433
201 381
201 234
201 446
201 298
201 205
201 297
201 488
201 279
201 374
201 472
201 455
201 394
201 443
202 397
202 403
202 302
202 315
202 351
202 318
202 261
202 227
202 326
202 362
202 231
202 218
202 393
202 460
202 367
202 486
202 427
202 434
203 381
203 249
203 472
203 233
203 405
203 289
203 490
203 456
203 250
203 366
203 484
203 411
203 455
203 306
203 435
203 386
204 471
204 275
204 262
204 226
204 424
204 375
204 438
204 425
204 327
204 338
204 442
204 228
204 376
204 406
204 408
204 225
204 323
204 458
204 217
204 329
204 411
204 367
204 346
204 347
204 363
205 368
205 489
205 492
205 253
205 456
205 481
205 245
205 301
205 340
205 410
205 431
205 303
205 276
206 364
206 352
206 217
206 400
206 330
206 267
206 215
206 355
206 424
206 240
206 335
206 246
207 478
207 260
207 276
207 330
207 419
207 331
207 244
207 482
207 377
207 366
207 286
207 488
207 430
208 271
208 453
208 383
208 260
208 301
208 226
208 396
208 391
208 406
208 377
208 253
208 482
208 305
208 425
208 265
208 227
208 470
208 485
208 427
208 375
208 477
208 349
209 319
209 455
209 256
209 272
209 367
209 492
209 331
209 222
209 235
209 382
209 444
209 386
209 253
209 457
209 279
209 436
209 408
209 476
209 414
209 213
209 289
209 250
210 236
210 467
210 454
210 328
210 258
210 414
210 359
210 387
210 313
210 395
210 344
210 345
210 364
210 459
210 240
210 237
210 383
210 354
210 286
211 289
211 312
211 327
211 319
211 279
211 322
211 457
211 383
211 355
211 408
211 442
211 376
211 238
211 439
211 372
211 443
211 459
211 257
211 214
211 336
212 444
212 338
212 488
212 394
212 364
212 487
212 266
212 399
212 242
212 243
212 289
212 254
212 215
212 344
212 454
213 463
213 252
213 222
213 417
213 289
213 418
213 439
213 357
213 216
213 356
213 471
213 273
213 240
213 268
213 238
213 292
213 337
213 428
213 265
213 432
213 231
213 442
213 435
213 346
213 257
214 435
214 343
214 263
214 381
214 430
214 274
214 432
214 466
214 301
214 486
214 328
214 222
214 392
214 277
214 232
214 370
215 348
215 372
215 382
215 417
215 285
215 387
215 388
215 440
215 399
216 493
216 309
216 401
216 228
216 381
216 481
216 225
216 470
216 421
216 488
216 286
216 312
216 251
216 253
216 330
216 466
217 262
217 308
217 494
217 289
217 343
217 394
217 283
217 290
217 248
217 320
217 466
217 287
217 371
217 395
217 219
217 492
217 247
217 305
217 272
217 488
217 406
218 368
218 270
218 332
218 466
218 404
218 455
218 390
218 418
218 265
218 347
218 433
218 498
218 330
218 382
218 256
219 464
219 294
219 395
219 353
219 255
219 498
219 357
219 309
219 242
219 300
219 429
219 377
219 307
219 387
219 271
219 262
219 231
219 455
219 441
219 331
219 268
219 422
219 485
219 227
220 371
220 452
220 333
220 356
220 395
220 403
220 459
220 470
220 311
220 359
220 439
220 433
220 316
220 243
220 233
220 367
220 327
220 449
221 249
221 274
221 364
221 472
221 284
221 312
221 406
221 300
221 278
221 335
221 449
221 412
221 394
221 458
222 327
222 361
222 294
222 247
222 226
222 276
222 348
222 244
222 424
222 227
222 271
222 431
222 415
222 406
222 495
222 413
223 226
223 360
223 392
223 357
223 278
223 247
223 486
223 256
223 380
223 446
223 261
223 332
223 406
223 468
223 478
223 383
224 489
224 364
224 348
224 482
224 312
224 353
224 484
224 343
224 415
224 284
224 371
224 486
224 336
224 345
224 493
224 344
224 234
225 474
225 412
225 365
225 382
225 436
225 334
225 244
225 274
225 408
225 308
225 357
225 427
225 461
225 301
225 420
226 283
226 333
226 295
226 296
226 231
226 476
226 371
226 360
226 259
226 427
226 335
226 439
226 435
226 458
226 483
226 272
226 489
226 389
226 282
226 494
227 485
227 397
227 272
227 318
227 486
227 443
227 234
227 482
227 417
227 328
227 447
227 323
227 409
227 310
227 403
227 277
227 370
227 306
228 437
228 266
228 331
228 371
228 241
228 272
228 276
228 421
228 440
228 398
228 457
228 465
228 340
228 370
228 377
228 244
228 486
228 237
228 282
228 288
228 293
228 250
229 385
229 303
229 279
229 434
229 415
229 284
229 465
229 259
229 490
229 285
229 306
229 416
229 245
229 272
229 321
229 358
229 494
229 359
229 379
230 231
230 471
230 300
230 248
230 341
230 443
230 428
230 477
230 239
230 351
230 272
230 383
230 244
230 392
230 380
230 339
230 255
230 303
231 390
231 349
231 329
231 323
231 446
231 371
231 365
231 437
231 330
231 260
231 475
231 469
231 338
231 364
231 455
231 498
231 373
231 476
232 304
232 445
232 419
232 480
232 347
232 496
232 406
232 256
232 444
232 359
232 376
232 286
232 443
232 451
232 293
232 367
233 247
233 416
233 490
233 487
233 353
233 308
233 301
233 289
233 371
233 257
233 459
233 326
233 349
233 418
233 452
233 319
233 408
234 317
234 479
234 410
234 277
234 426
234 245
234 256
234 433
234 365
234 453
234 342
234 482
235 399
235 383
235 286
235 484
235 329
235 345
235 485
235 499
235 450
235 451
235 482
235 296
235 380
235 260
235 384
235 466
235 340
235 303
235 490
235 327
235 245
235 486
235 394
236 323
236 389
236 368
236 433
236 477
236 447
236 288
236 440
236 406
236 337
236 250
236 282
236 300
236 411
236 331
236 241
236 370
236 245
236 488
236 328
237 412
237 329
237 372
237 439
237 338
237 446
237 252
237 484
237 466
237 427
237 425
237 376
237 268
237 449
237 314
237 343
237 363
237 321
237 378
238 343
238 248
238 441
238 417
238 306
238 475
238 401
238 311
238 388
238 254
238 253
238 337
238 342
238 302
238 418
238 391
238 496
238 360
238 405
238 354
238 292
238 376
238 323
238 498
239 410
239 467
239 275
239 255
239 470
239 306
239 384
239 401
239 481
239 406
239 342
239 350
239 341
239 258
240 320
240 420
240 241
240 413
240 447
240 350
240 463
240 318
240 398
240 407
240 412
240 326
240 472
240 337
240 279
240 361
240 255
240 247
240 353
241 347
241 334
241 327
241 279
241 441
241 277
241 341
241 426
241 302
241 369
241 311
241 448
241 453
242 425
242 375
242 474
242 422
242 335
242 324
242 314
242 437
242 462
242 338
242 282
242 287
242 420
242 487
243 429
243 336
243 309
243 340
243 471
243 296
243 472
243 310
243 335
243 258
243 347
243 460
243 462
243 337
243 334
243 283
243 452
243 271
243 381
243 339
243 344
243 411
243 322
244 341
244 327
244 425
244 260
244 457
244 445
244 490
244 380
244 256
244 364
244 451
244 495
244 405
244 349
244 432
244 412
245 252
245 420
245 475
245 408
245 421
245 476
245 277
245 349
245 281
245 327
246 294
246 287
246 285
246 405
246 468
246 490
246 444
246 260
246 360
246 280
246 440
246 302
246 332
246 489
246 434
246 392
246 387
246 321
247 292
247 469
247 389
247 249
247 363
247 396
247 486
247 282
247 429
247 446
247 368
247 324
247 259
247 323
247 445
247 309
247 278
247 362
247 261
247 360
247 398
248 346
248 453
248 325
248 321
248 470
248 418
248 461
248 318
248 451
248 458
249 495
249 271
249 407
249 382
249 325
249 448
249 293
249 268
249 361
249 469
249 254
249 327
249 451
249 423
249 282
250 342
250 485
250 253
250 331
250 426
250 308
250 281
250 391
250 324
250 348
250 465
250 447
250 477
250 279
250 402
250 430
250 498
250 327
250 307
250 346
251 393
251 319
251 344
251 330
251 282
251 371
251 478
251 417
251 395
251 326
251 353
251 254
252 483
252 345
252 358
252 399
252 484
252 462
252 444
252 453
252 337
252 381
252 401
252 341
252 391
252 379
252 320
252 295
252 328
252 253
252 398
252 494
252 256
252 353
253 420
253 293
253 467
253 475
253 409
253 336
253 408
253 495
253 291
253 399
253 497
253 261
253 345
253 400
253 405
253 378
254 282
254 424
254 438
254 399
254 398
254 332
254 263
254 426
254 268
254 448
254 455
254 473
255 380
255 493
255 435
255 453
255 260
255 349
255 317
255 365
255 440
255 369
255 489
255 457
256 301
256 448
256 318
256 398
256 310
256 471
256 418
256 360
256 485
256 454
256 316
256 364
256 489
256 381
256 345
256 288
256 499
256 416
256 434
256 483
256 372
257 450
257 283
257 344
257 463
257 314
257 327
257 496
257 453
257 351
257 337
257 363
257 303
257 426
257 475
258 281
258 449
258 303
258 411
258 442
258 317
258 329
258 378
258 463
258 288
258 345
258 423
258 435
258 362
258 353
258 323
258 404
258 298
258 391
258 431
258 294
259 289
259 433
259 331
259 488
259 315
259 352
259 424
259 260
259 415
259 264
259 318
259 348
259 270
259 422
259 310
259 386
259 429
260 487
260 315
260 267
260 433
260 300
260 271
260 285
260 428
260 342
260 358
260 262
260 485
260 275
260 386
260 409
260 307
260 410
260 291
260 279
260 473
260 439
261 319
261 265
261 369
261 399
261 346
261 364
261 451
261 423
261 497
261 475
261 311
261 303
261 391
261 341
261 366
261 442
262 295
262 355
262 445
262 421
262 396
262 394
262 330
262 493
262 486
262 270
262 420
262 472
262 469
262 376
263 361
263 314
263 417
263 396
263 323
263 379
263 292
263 344
263 370
263 424
263 380
263 481
263 438
263 448
263 487
263 490
264 411
264 445
264 465
264 413
264 342
264 431
264 484
264 357
264 319
264 285
264 299
264 394
264 382
264 288
264 405
265 490
265 275
265 379
265 436
265 289
265 468
265 273
265 476
265 417
265 338
265 499
265 427
266 402
266 347
266 491
266 452
266 497
266 493
266 344
266 383
266 275
266 411
266 481
266 360
267 344
267 365
267 358
267 322
267 414
267 286
267 318
267 269
267 368
267 448
267 398
267 338
267 484
267 393
267 350
267 327
268 413
268 384
268 289
268 414
268 299
268 285
268 314
268 335
268 274
269 427
269 271
269 371
269 413
269 484
269 433
269 313
269 325
269 491
269 350
269 312
269 422
269 381
269 376
269 358
269 385
269 497
269 340
270 466
270 444
270 373
270 313
270 497
270 458
270 356
270 438
270 483
270 370
270 481
270 392
270 421
270 378
270 326
270 493
271 329
271 336
271 463
271 317
271 291
271 374
271 337
271 393
271 333
271 449
271 445
271 461
272 301
272 387
272 457
272 380
272 309
272 368
272 394
272 349
272 406
272 390
272 315
272 370
272 405
272 463
272 411
273 399
273 469
273 290
273 293
273 446
273 300
273 426
273 308
274 328
274 440
274 310
274 414
274 461
274 471
274 321
274 286
274 426
274 397
275 399
275 365
275 481
275 305
275 472
275 340
275 352
275 394
275 343
275 461
275 412
275 354
275 318
275 445
275 396
275 382
275 281
275 321
276 310
276 493
276 328
276 467
276 343
276 487
276 481
276 488
276 398
276 361
276 430
276 499
276 345
276 341
277 437
277 427
277 433
277 372
277 479
277 472
277 321
277 358
278 452
278 437
278 474
278 300
278 280
278 336
278 398
278 367
278 420
278 306
278 347
279 394
279 389
279 494
279 332
279 374
279 449
279 342
279 483
279 451
279 376
279 391
279 433
279 302
280 404
280 288
280 315
280 492
280 335
280 374
280 355
280 447
280 432
280 367
280 360
281 407
281 392
281 369
281 313
281 474
281 459
281 385
281 301
281 394
281 476
281 437
282 459
282 384
282 345
282 379
282 458
282 496
282 484
282 305
282 314
282 427
282 419
282 289
283 482
283 395
283 336
283 335
283 494
283 468
283 294
283 430
283 380
283 329
283 393
283 498
283 298
283 347
283 297
283 483
283 436
284 388
284 367
284 293
284 314
284 401
284 324
284 355
284 423
284 351
284 309
284 379
284 313
284 464
284 323
284 395
284 333
284 436
284 375
284 420
284 290
285 318
285 348
285 296
285 322
285 464
285 374
285 373
285 445
285 317
285 426
285 377
285 421
285 390
286 304
286 380
286 484
286 296
286 373
286 403
286 358
286 449
286 407
286 490
286 441
286 293
286 487
286 299
286 479
287 335
287 372
287 429
287 355
287 460
287 383
287 416
287 435
287 493
287 301
287 423
287 486
288 296
288 355
288 411
288 324
288 458
288 460
288 477
288 419
288 364
288 408
288 345
288 316
288 351
289 399
289 458
289 443
289 342
289 312
289 331
289 362
289 301
289 390
289 424
289 490
289 333
289 320
289 325
289 412
289 452
289 358
290 292
290 386
290 417
290 392
290 479
290 328
290 448
290 384
290 468
290 334
290 492
290 400
290 332
290 296
290 477
290 487
290 444
291 412
291 489
291 353
291 417
291 451
291 496
291 388
291 426
291 464
291 458
291 346
291 418
291 442
292 385
292 393
292 360
292 406
292 371
292 301
292 310
292 299
292 398
292 462
293 481
293 311
293 384
293 348
293 492
293 417
293 419
294 440
294 496
294 411
294 397
294 418
294 332
294 308
294 409
294 458
294 305
294 341
294 430
294 387
294 454
294 323
294 321
294 316
294 415
294 459
294 344
294 392
295 319
295 327
295 437
295 450
295 361
295 342
295 423
295 473
295 297
296 308
296 352
296 472
296 384
296 325
296 453
296 309
296 441
296 350
296 489
296 349
296 468
297 453
297 326
297 337
297 334
297 425
297 475
297 307
298 428
298 413
298 332
298 497
298 301
298 403
298 479
298 327
298 473
298 324
298 491
298 446
298 441
299 403
299 374
299 365
299 413
299 425
299 310
299 391
300 398
300 486
300 389
300 408
300 405
300 350
300 352
300 373
300 358
300 308
300 392
300 434
301 370
301 364
301 495
301 410
301 365
301 383
301 332
301 468
301 423
301 444
301 340
301 405
301 326
301 398
301 378
301 499
301 327
302 359
302 386
302 440
302 443
302 491
302 458
302 385
302 356
302 375
302 358
302 404
302 403
302 328
302 400
302 460
302 350
302 316
303 320
303 351
303 364
303 339
303 445
303 329
303 428
303 321
303 318
303 352
303 356
303 426
303 420
303 458
303 415
303 479
304 496
304 338
304 404
304 353
304 446
304 462
304 319
304 367
304 329
304 388
304 455
304 406
304 366
304 497
304 395
304 486
304 441
305 454
305 352
305 488
305 373
305 448
305 459
305 371
305 452
305 421
305 431
305 477
305 357
305 318
305 481
305 375
305 406
306 458
306 450
306 393
306 456
306 483
306 384
307 497
307 443
307 342
307 336
307 422
307 383
307 420
307 425
307 461
307 347
307 453
308 444
308 428
308 341
308 448
308 474
308 466
308 411
309 394
309 372
309 329
309 355
309 410
309 364
309 482
309 498
309 374
309 343
309 379
309 393
309 419
310 497
310 352
310 427
310 333
310 318
310 407
310 357
310 498
310 423
310 340
310 454
310 496
310 426
310 356
311 495
311 454
311 494
311 409
311 497
311 351
311 353
311 375
311 344
311 478
311 368
311 334
311 443
311 358
311 394
311 412
311 355
312 346
312 388
312 339
312 387
312 342
312 469
312 419
312 440
312 392
312 325
312 457
312 428
312 480
312 410
312 487
312 432
313 462
313 352
313 478
313 346
313 426
313 399
313 486
313 412
313 406
313 379
313 316
313 393
313 390
313 464
313 482
314 326
314 418
314 317
314 340
314 329
314 443
314 376
314 370
314 350
314 477
314 459
314 362
314 321
315 454
315 483
315 331
315 400
315 339
315 440
315 455
315 345
315 435
315 352
316 366
316 332
316 459
316 344
316 466
316 424
316 400
317 484
317 480
317 369
317 462
317 331
317 452
317 392
317 455
317 435
317 458
317 328
317 473
317 338
317 377
317 324
318 450
318 364
318 499
318 413
318 427
318 381
318 337
318 354
318 475
318 449
318 429
318 490
318 463
319 408
319 454
319 385
319 381
319 483
319 336
319 468
319 377
319 366
319 396
319 364
319 422
319 327
319 490
319 460
319 392
319 497
319 343
320 437
320 350
320 386
320 445
320 432
320 473
320 336
320 357
320 364
320 374
320 342
320 378
320 481
320 425
320 390
320 485
321 487
321 359
321 323
321 371
321 446
321 421
321 490
321 439
321 447
322 388
322 329
322 436
322 496
322 341
322 330
323 450
323 327
323 483
323 449
323 489
323 414
323 440
323 497
323 455
323 343
324 489
324 354
324 364
324 446
324 371
324 332
324 349
324 411
324 367
324 398
324 392
324 383
324 475
325 372
325 417
325 410
325 425
325 482
325 371
325 350
325 326
325 362
325 475
325 351
325 464
325 352
326 372
326 463
326 487
326 367
326 354
326 427
326 498
327 427
327 497
327 425
327 499
327 390
327 415
327 384
327 467
327 419
327 444
327 331
327 440
327 411
327 349
328 428
328 483
328 372
328 478
328 440
328 420
328 391
328 336
328 345
328 377
328 477
328 397
328 346
329 348
329 337
329 495
329 387
329 339
329 440
329 448
329 358
329 389
329 379
330 376
330 374
330 482
330 348
330 366
330 429
330 447
330 419
330 381
330 491
330 361
330 390
330 483
330 413
330 497
331 380
331 485
331 368
331 417
331 409
331 420
331 416
331 408
331 355
331 479
332 333
332 338
332 388
332 387
332 472
332 378
332 337
332 437
332 397
332 471
332 398
333 424
333 406
333 458
333 353
333 382
333 430
333 440
333 433
334 455
334 435
334 361
334 417
334 437
334 473
334 398
335 490
335 479
335 419
335 398
335 437
335 471
335 434
335 488
335 461
335 431
335 435
335 343
336 376
336 443
336 488
336 439
336 485
336 405
336 498
336 494
337 421
337 411
337 487
337 394
337 400
337 499
337 389
337 490
337 428
337 368
338 410
338 460
338 393
338 398
338 481
338 494
338 464
338 456
338 437
338 470
338 433
338 362
338 477
339 471
339 391
339 465
339 441
339 440
339 495
339 437
339 373
339 444
339 359
339 414
339 485
340 389
340 438
340 409
340 491
340 360
340 473
341 376
341 407
341 366
341 364
341 467
341 484
341 497
341 368
341 406
341 387
341 447
341 434
341 472
342 366
342 468
342 476
342 480
342 404
342 462
342 358
342 365
342 489
342 437
342 442
342 412
342 351
342 460
343 427
343 415
343 443
343 414
343 434
343 464
343 497
344 407
344 401
344 365
344 369
344 383
344 488
344 428
344 497
345 380
345 450
345 445
345 422
345 474
345 366
345 364
345 465
345 473
346 367
346 487
346 412
346 452
346 438
346 437
346 461
346 449
346 466
346 349
346 415
346 445
346 400
347 462
347 407
347 468
347 366
347 478
347 350
347 496
347 464
347 376
347 420
347 363
347 422
348 396
348 497
348 465
348 404
348 499
348 361
348 349
349 432
349 364
349 394
349 415
349 481
349 388
349 401
349 384
349 368
349 451
350 431
350 381
350 368
350 380
350 476
350 364
350 490
350 475
350 492
350 417
350 377
351 467
351 421
351 441
351 417
351 455
351 398
351 442
352 466
352 390
352 380
353 366
353 460
353 477
353 479
353 375
353 390
353 465
353 474
353 446
353 471
353 493
353 428
353 439
354 492
354 471
354 422
354 391
354 473
354 397
354 482
354 477
355 463
355 456
355 366
355 365
355 446
355 422
355 494
355 390
355 498
355 439
355 425
355 441
355 442
355 411
355 381
355 489
355 453
356 433
356 471
356 490
356 379
356 434
356 485
356 422
356 493
356 464
357 499
357 401
357 467
357 493
357 380
357 381
357 476
357 456
357 446
358 386
358 394
358 372
358 466
358 389
358 474
359 405
359 412
359 378
359 490
359 416
359 456
359 377
359 457
359 482
359 422
359 381
359 399
360 470
360 397
360 454
360 431
360 423
360 494
360 395
360 453
360 456
361 400
361 437
361 409
361 479
362 447
362 443
362 387
362 480
362 434
362 424
362 479
362 464
362 404
362 489
362 472
362 450
363 401
363 466
363 416
363 438
363 453
363 395
363 369
363 410
363 495
364 492
364 414
364 445
364 439
364 437
364 423
364 446
364 443
364 390
364 396
364 382
364 491
365 482
365 415
365 409
365 469
365 401
365 483
365 383
365 457
365 435
365 479
365 437
365 411
366 454
366 439
366 416
366 489
366 407
366 404
366 386
367 394
367 475
367 474
367 472
367 477
367 420
367 441
367 390
367 467
367 483
367 470
367 445
367 410
367 387
368 431
368 377
368 369
368 410
368 473
369 417
369 499
369 390
369 467
369 379
369 446
369 493
369 460
369 394
369 408
369 461
369 453
370 381
370 497
370 408
370 426
370 453
370 383
370 459
370 472
370 481
370 409
370 488
370 391
370 468
370 467
370 478
370 442
371 489
371 459
371 475
371 387
371 413
371 417
371 461
372 405
372 434
372 431
373 397
373 473
373 403
373 424
373 420
373 489
373 428
373 460
374 415
374 407
374 440
374 495
374 465
374 422
374 434
374 490
375 430
375 498
375 389
375 455
375 378
375 382
375 497
375 419
376 496
376 462
376 460
376 391
376 482
376 478
376 387
376 402
376 419
377 399
377 438
377 427
377 489
377 460
377 429
377 467
377 415
377 449
377 379
377 380
377 472
378 447
378 398
378 441
378 404
378 407
378 480
378 421
378 385
378 468
378 434
378 440
378 416
379 483
379 451
379 473
379 383
380 395
380 454
380 392
380 399
380 401
380 443
380 474
380 462
380 465
380 485
380 475
381 452
381 458
381 491
381 445
381 424
381 498
381 430
381 465
381 495
382 461
382 464
382 405
382 396
382 413
382 487
382 453
382 460
382 430
382 414
382 469
383 474
383 415
383 395
383 476
383 489
383 410
383 411
383 439
383 499
384 438
384 461
384 395
384 464
384 417
385 457
385 408
385 499
385 447
385 444
385 459
385 470
385 403
385 418
385 483
385 479
385 448
386 456
386 491
386 392
386 475
386 388
386 400
387 496
387 470
387 431
387 436
387 453
387 402
387 479
388 453
388 420
388 440
388 419
388 449
388 454
388 414
388 472
389 444
389 473
389 469
389 418
389 490
389 404
390 493
390 414
390 439
390 473
391 406
391 460
391 417
391 493
391 395
391 437
392 485
392 476
392 398
392 450
392 445
392 481
393 492
393 474
393 464
394 492
394 439
394 405
394 422
394 449
394 420
394 469
395 488
395 405
395 426
395 498
395 485
396 463
396 460
396 478
396 444
396 418
396 477
396 419
397 411
397 447
397 495
397 428
397 408
397 426
397 498
397 453
398 496
398 443
398 420
398 437
398 454
398 492
398 430
399 433
399 431
399 485
399 460
399 406
399 455
400 445
400 454
400 495
400 402
401 465
401 434
401 439
401 486
401 436
401 456
402 431
402 470
402 423
402 472
402 481
402 437
402 482
403 426
403 464
403 409
403 406
403 488
403 493
403 414
403 472
403 492
403 478
403 481
404 415
404 421
404 479
404 420
404 452
405 467
405 425
405 486
406 486
406 415
406 455
406 435
406 438
407 415
407 486
407 493
407 492
407 499
407 458
407 477
407 420
407 464
407 443
408 423
408 475
408 497
408 496
408 419
408 438
408 494
408 444
409 467
409 411
409 491
409 434
409 471
409 465
410 435
410 483
410 460
410 492
410 416
410 470
411 446
411 435
411 475
411 429
411 491
412 417
412 499
413 467
413 461
413 446
413 490
413 418
414 486
414 426
414 471
414 498
414 456
415 419
415 471
415 436
415 432
415 489
416 490
416 487
416 417
416 481
416 467
416 450
416 448
416 456
417 489
417 483
417 487
417 425
418 466
418 480
418 499
418 421
419 444
419 472
419 473
419 479
419 446
420 449
420 421
420 430
421 441
421 497
421 423
421 469
421 434
421 424
422 450
422 461
422 438
423 487
423 484
423 469
423 493
423 450
423 480
424 446
424 439
424 475
424 426
424 486
424 479
424 499
425 450
425 432
425 426
425 451
425 487
425 499
426 499
426 472
426 463
427 446
427 463
427 459
427 499
428 453
428 432
428 439
428 481
428 492
429 475
429 466
429 463
429 438
429 476
429 434
429 462
429 446
429 450
430 439
430 449
430 483
430 443
430 454
430 448
431 439
431 435
431 437
431 494
431 442
432 473
432 487
432 488
433 484
433 497
433 466
433 438
434 478
434 462
434 444
434 484
434 466
435 493
435 467
436 476
436 442
436 483
436 489
437 451
437 466
437 443
437 482
437 456
437 488
438 460
438 485
438 492
438 443
438 464
438 497
438 473
438 482
439 457
439 472
439 478
439 442
440 483
440 464
440 476
440 467
440 463
440 478
441 451
441 485
441 458
441 443
441 489
441 450
442 466
442 479
442 452
443 467
443 461
444 460
444 453
444 459
444 484
444 478
445 468
445 465
445 494
445 455
446 481
446 465
446 466
446 472
446 490
446 477
447 461
447 483
448 455
448 464
449 488
449 466
449 496
449 474
449 470
449 456
449 493
450 457
450 465
450 490
450 472
450 489
450 482
451 469
451 478
452 489
452 465
452 457
452 474
452 490
453 472
453 460
453 459
454 464
454 499
455 493
455 470
456 493
456 458
456 487
457 493
457 483
458 497
458 493
458 469
459 468
459 485
459 462
459 469
459 493
460 472
461 476
461 492
461 499
461 463
462 470
462 471
463 474
463 481
464 490
465 496
466 469
467 488
467 478
467 487
467 484
468 473
468 481
468 474
468 486
468 480
470 490
471 472
471 498
472 485
472 475
473 497
475 482
475 480
475 486
476 498
477 486
477 493
477 488
477 497
478 486
479 499
480 489
481 491
481 498
482 497
482 490
484 488
484 495
486 496
487 488
489 490
491 495
492 494
496 499
496 497
498 499
