VERTICES = 500
EDGES = 8500
0 492
0 455
0 119
0 105
0 346
0 410
0 234
0 416
0 227
0 53
0 320
0 57
0 394
0 90
0 203
0 41
0 213
0 181
0 127
0 92
0 427
0 199
0 389
0 459
0 358
0 490
0 494
0 148
0 348
0 376
0 488
0 382
0 265
0 141
0 496
0 23
0 194
0 147
0 225
0 350
0 355
1 343
1 70
1 279
1 379
1 353
1 241
1 121
1 368
1 195
1 482
1 331
1 271
1 189
1 301
1 8
1 72
1 286
1 363
1 277
1 388
1 403
1 85
1 212
1 429
1 89
1 198
1 181
1 38
1 79
1 320
1 76
1 310
1 330
1 325
1 133
1 468
2 253
2 366
2 118
2 146
2 201
2 185
2 252
2 109
2 394
2 158
2 115
2 51
2 310
2 436
2 325
2 437
2 418
2 307
2 31
2 45
2 145
2 169
2 365
2 124
2 29
2 344
2 226
2 376
2 198
3 106
3 14
3 287
3 186
3 418
3 30
3 370
3 255
3 203
3 91
3 395
3 101
3 206
3 19
3 443
3 230
3 172
3 224
3 377
3 305
3 208
3 140
3 460
3 496
3 182
3 24
3 179
3 201
3 52
3 245
3 302
3 147
3 277
3 41
3 170
3 470
3 38
3 275
3 13
3 157
4 393
4 311
4 90
4 132
4 364
4 398
4 331
4 254
4 357
4 349
4 333
4 404
4 236
4 55
4 429
4 22
4 330
4 481
4 186
4 133
4 387
4 324
4 423
4 340
4 7
4 74
4 63
4 181
4 203
4 445
4 302
4 464
4 208
4 61
4 66
4 407
4 314
4 217
4 477
5 102
5 281
5 362
5 309
5 132
5 381
5 93
5 418
5 307
5 419
5 431
5 168
5 451
5 94
5 103
5 474
5 154
5 397
5 213
5 459
5 287
5 124
6 169
6 152
6 255
6 45
6 351
6 413
6 443
6 126
6 407
6 311
6 264
6 307
6 341
6 459
6 366
6 201
6 323
6 458
6 172
6 456
6 237
6 48
6 277
6 212
6 80
6 247
6 109
6 187
6 408
7 316
7 45
7 410
7 291
7 474
7 310
7 465
7 191
7 129
7 413
7 403
7 454
7 273
7 262
7 34
7 96
7 108
7 437
7 139
7 246
7 166
7 200
7 373
7 198
7 20
7 388
7 293
7 446
7 258
7 162
7 420
7 321
8 468
8 237
8 489
8 348
8 410
8 331
8 342
8 377
8 82
8 404
8 411
8 449
8 292
8 222
8 470
8 67
8 303
8 214
8 249
8 389
8 89
8 392
8 16
8 49
8 280
8 488
8 190
8 395
8 204
8 340
8 323
8 405
8 44
8 94
8 284
8 31
8 414
8 60
8 166
9 192
9 152
9 318
9 65
9 201
9 258
9 274
9 285
9 110
9 327
9 123
9 131
9 341
9 446
9 208
9 170
9 117
9 475
9 286
9 245
9 141
9 386
9 354
9 72
9 204
10 359
10 268
10 412
10 44
10 428
10 363
10 439
10 337
10 491
10 34
10 154
10 450
10 29
10 50
10 246
10 438
10 318
10 162
10 158
10 175
10 382
10 263
10 242
10 479
10 148
10 30
10 19
10 416
10 198
10 331
10 205
10 210
10 22
10 15
11 459
11 327
11 205
11 287
11 282
11 453
11 43
11 139
11 122
11 399
11 467
11 227
11 349
11 32
11 350
11 390
11 314
11 265
11 103
11 383
11 13
11 370
11 292
11 366
11 144
12 454
12 463
12 362
12 385
12 400
12 193
12 251
12 259
12 92
12 440
12 380
12 349
12 364
12 417
12 97
12 167
12 204
12 313
12 390
12 129
12 485
12 174
12 210
12 371
12 229
12 202
12 164
12 361
12 177
12 142
12 102
12 403
12 383
12 111
12 233
12 496
12 80
12 269
13 176
13 483
13 482
13 451
13 407
13 206
13 100
13 205
13 66
13 385
13 290
13 434
13 305
13 267
13 488
13 462
13 380
13 449
13 25
13 196
13 178
13 388
13 194
13 394
13 297
13 18
13 89
13 413
13 94
13 467
13 271
13 458
14 43
14 93
14 214
14 341
14 81
14 275
14 230
14 352
14 244
14 463
14 313
14 429
14 148
14 83
14 390
14 295
14 456
14 145
14 321
14 163
14 398
14 430
14 169
14 134
14 131
14 121
14 381
14 102
14 80
14 395
14 229
14 388
14 334
14 19
14 160
14 156
14 453
14 428
14 435
14 350
14 492
14 204
14 140
14 68
15 372
15 182
15 407
15 232
15 390
15 179
15 236
15 402
15 388
15 441
15 244
15 471
15 251
15 339
15 190
15 439
15 139
15 125
15 220
15 216
15 254
15 484
15 489
15 42
15 495
15 431
15 356
15 276
15 239
15 470
15 213
16 218
16 130
16 380
16 256
16 20
16 378
16 478
16 121
16 364
16 53
16 95
16 239
16 27
16 87
16 112
16 293
16 150
16 397
16 340
16 221
16 464
16 347
16 78
16 429
16 329
16 235
16 229
16 219
16 113
16 300
16 114
16 385
16 75
16 472
17 327
17 100
17 61
17 241
17 471
17 171
17 217
17 68
17 444
17 249
17 442
17 208
17 264
17 295
17 227
17 300
17 166
17 47
17 483
17 357
17 384
17 413
17 216
17 223
17 294
17 360
17 203
17 324
17 135
17 116
17 485
17 323
17 410
17 415
17 437
17 49
17 234
17 71
17 236
18 147
18 78
18 416
18 317
18 430
18 19
18 431
18 136
18 111
18 496
18 489
18 35
18 64
18 191
18 304
18 128
18 97
18 466
18 276
18 258
18 456
18 104
18 261
18 129
18 384
18 408
18 411
18 98
18 419
18 165
18 443
18 316
19 98
19 392
19 61
19 103
19 320
19 48
19 498
19 27
19 314
19 462
19 104
19 119
19 375
19 429
19 108
19 101
19 75
19 24
19 468
19 203
19 344
19 286
19 155
19 379
19 240
19 138
19 351
20 394
20 147
20 39
20 144
20 457
20 49
20 413
20 339
20 423
20 361
20 324
20 139
20 99
20 359
20 333
20 389
20 132
20 420
20 69
20 156
20 245
20 409
20 398
20 354
20 172
20 107
20 421
20 143
20 124
20 263
20 425
20 113
21 223
21 458
21 463
21 160
21 322
21 169
21 134
21 405
21 355
21 265
21 120
21 86
21 330
21 326
21 253
21 201
21 219
21 436
21 262
21 420
21 93
21 366
21 473
21 199
21 126
21 332
22 352
22 81
22 444
22 278
22 169
22 210
22 386
22 460
22 335
22 98
22 198
22 27
22 182
22 125
22 196
22 237
22 431
22 75
22 68
22 297
22 33
22 376
22 101
22 139
22 479
22 95
22 256
22 115
22 400
22 24
22 497
22 332
22 223
22 302
22 80
22 468
22 31
22 180
22 212
23 190
23 29
23 136
23 238
23 390
23 285
23 455
23 263
23 269
23 90
23 37
23 239
23 290
23 144
23 250
23 149
23 306
23 157
23 295
23 138
23 58
23 45
23 234
23 42
23 272
23 332
23 463
23 395
24 212
24 180
24 183
24 449
24 353
24 126
24 351
24 267
24 379
24 235
24 84
24 328
24 310
24 88
24 115
24 424
24 130
24 164
24 170
24 263
24 335
24 252
24 78
24 177
24 182
24 147
24 416
24 54
25 348
25 106
25 293
25 211
25 239
25 313
25 455
25 407
25 449
25 392
25 257
25 244
25 290
25 238
25 461
25 149
25 312
25 386
25 356
25 256
25 133
25 219
25 206
25 323
25 421
25 105
25 72
25 399
25 498
25 496
25 267
25 248
25 113
26 304
26 203
26 169
26 340
26 442
26 236
26 185
26 409
26 480
26 431
26 494
26 439
26 245
26 419
26 237
26 136
26 79
26 488
26 101
26 141
26 268
26 400
26 126
27 244
27 99
27 212
27 381
27 66
27 466
27 63
27 415
27 93
27 435
27 164
27 387
27 450
27 118
27 288
27 159
27 207
27 41
27 313
27 162
27 29
27 241
27 284
27 323
27 92
27 161
27 264
27 409
27 308
27 281
27 70
27 84
27 82
27 129
27 133
28 485
28 100
28 336
28 68
28 429
28 109
28 344
28 361
28 368
28 127
28 358
28 167
28 33
28 30
28 455
28 443
28 260
28 366
28 116
28 216
28 394
28 103
28 171
28 347
28 79
28 307
28 285
28 406
28 391
28 161
28 339
28 178
29 199
29 204
29 366
29 68
29 63
29 200
29 430
29 82
29 101
29 471
29 49
29 33
29 222
29 359
29 105
29 119
29 232
29 420
29 334
29 60
29 481
29 231
29 434
29 55
29 464
29 315
29 377
29 495
29 207
29 71
29 98
29 177
30 324
30 286
30 333
30 102
30 458
30 78
30 463
30 343
30 95
30 94
30 184
30 204
30 129
30 439
30 338
30 407
30 140
30 33
30 260
30 177
30 197
30 79
30 474
30 376
30 293
30 356
30 104
30 385
30 68
30 332
30 290
30 460
30 416
30 172
30 402
30 170
31 360
31 89
31 64
31 257
31 123
31 331
31 428
31 468
31 459
31 111
31 298
31 398
31 297
31 243
31 228
31 484
31 374
31 491
31 73
31 373
31 494
31 238
31 232
31 424
31 234
31 178
31 291
31 207
31 305
31 444
31 230
32 124
32 382
32 94
32 88
32 458
32 340
32 93
32 170
32 169
32 224
32 370
32 148
32 51
32 487
32 156
32 182
32 337
32 38
32 366
32 426
32 233
33 266
33 350
33 323
33 70
33 327
33 150
33 71
33 291
33 63
33 149
33 460
33 68
33 42
33 193
33 87
33 351
33 196
33 403
33 102
33 252
33 221
33 48
33 189
33 263
33 158
33 395
33 264
33 310
33 321
33 499
33 412
33 416
33 226
33 411
33 53
33 281
33 435
34 260
34 471
34 385
34 306
34 344
34 421
34 120
34 217
34 214
34 70
34 63
34 192
34 164
34 199
34 402
34 196
34 51
34 356
34 76
34 198
34 47
34 459
34 244
34 93
34 458
34 347
34 41
34 37
34 101
34 212
34 130
34 135
34 147
34 364
34 271
34 89
34 243
34 79
34 305
35 316
35 480
35 202
35 78
35 129
35 292
35 285
35 329
35 499
35 385
35 271
35 294
35 307
35 318
35 177
35 349
35 304
35 477
35 247
35 156
35 225
35 106
35 451
35 339
35 487
35 260
35 174
35 383
35 226
35 267
35 186
35 68
35 244
35 192
35 409
35 401
36 272
36 269
36 369
36 345
36 46
36 499
36 143
36 302
36 150
36 362
36 68
36 172
36 74
36 419
36 225
36 215
36 97
36 175
36 427
36 80
36 383
36 261
36 82
36 327
36 405
36 407
37 184
37 187
37 439
37 131
37 318
37 333
37 472
37 369
37 52
37 137
37 251
37 61
37 332
37 419
37 48
37 345
37 113
37 107
37 430
37 346
37 73
37 322
37 96
37 171
38 206
38 301
38 115
38 259
38 322
38 121
38 219
38 51
38 336
38 381
38 478
38 61
38 303
38 392
38 162
38 39
38 184
38 370
38 307
38 284
38 367
38 420
38 407
38 192
38 89
38 276
38 273
38 98
38 42
38 471
38 386
38 417
39 165
39 334
39 96
39 150
39 290
39 172
39 447
39 189
39 103
39 381
39 431
39 300
39 223
39 383
39 321
39 331
39 85
39 151
39 210
39 400
39 256
39 60
39 212
39 414
39 225
39 277
39 461
39 218
39 440
39 289
39 358
39 416
40 396
40 272
40 156
40 456
40 498
40 176
40 286
40 333
40 398
40 484
40 407
40 200
40 131
40 426
40 180
40 445
40 167
40 392
40 230
40 406
40 119
40 382
40 388
40 389
40 279
40 329
40 243
40 173
40 332
40 435
40 184
41 368
41 469
41 46
41 399
41 353
41 483
41 62
41 318
41 242
41 422
41 317
41 392
41 209
41 117
41 257
41 122
41 466
41 116
41 164
41 463
41 385
42 404
42 387
42 316
42 464
42 147
42 114
42 295
42 353
42 247
42 97
42 67
42 463
42 411
42 435
42 173
42 195
42 208
42 93
42 260
42 209
42 58
42 47
43 213
43 129
43 204
43 183
43 63
43 105
43 111
43 95
43 48
43 389
43 139
43 449
43 498
43 435
43 276
43 231
43 384
43 126
43 194
43 119
43 195
43 329
43 87
43 314
43 150
43 185
43 445
43 118
43 277
43 100
43 52
44 75
44 126
44 352
44 102
44 123
44 342
44 77
44 295
44 437
44 478
44 210
44 182
44 185
44 481
44 415
44 292
44 47
44 236
44 467
44 212
44 440
44 418
44 241
44 480
44 254
44 365
44 59
44 92
44 323
44 211
44 495
44 304
44 218
44 351
44 395
44 281
44 355
44 449
45 133
45 139
45 145
45 129
45 375
45 338
45 380
45 393
45 207
45 191
45 260
45 117
45 355
45 47
45 184
45 435
45 172
45 227
45 460
45 105
45 140
45 280
45 199
45 106
45 486
45 87
45 268
45 425
45 398
46 496
46 475
46 418
46 335
46 463
46 49
46 245
46 441
46 330
46 389
46 162
46 323
46 76
46 440
46 279
46 301
46 198
46 346
46 272
46 199
46 168
46 425
46 406
46 339
46 417
46 242
46 264
46 252
46 94
46 494
46 135
46 324
46 261
47 150
47 470
47 200
47 270
47 326
47 308
47 58
47 237
47 333
47 236
47 98
47 316
47 300
47 55
47 266
47 432
47 337
47 245
47 322
47 48
47 336
47 494
47 239
47 118
47 76
47 345
47 130
47 334
47 194
48 452
48 398
48 379
48 437
48 213
48 253
48 441
48 154
48 461
48 164
48 325
48 211
48 467
48 133
48 496
48 278
48 85
48 494
48 380
48 83
48 294
48 391
48 54
48 394
48 316
48 106
48 451
48 76
48 275
48 239
48 84
48 99
48 427
49 238
49 317
49 367
49 435
49 240
49 293
49 127
49 110
49 374
49 70
49 122
49 378
49 209
49 316
49 217
49 158
49 360
49 357
49 205
49 144
49 177
49 204
49 55
49 239
49 322
50 326
50 197
50 435
50 347
50 223
50 80
50 86
50 336
50 160
50 177
50 379
50 262
50 102
50 133
50 294
50 425
50 85
50 445
50 376
50 193
50 397
50 251
50 312
50 188
50 476
51 111
51 186
51 309
51 327
51 81
51 204
51 348
51 145
51 382
51 106
51 357
51 221
51 257
51 445
51 430
51 361
51 480
51 240
51 377
51 305
51 438
51 247
51 185
51 131
51 412
51 174
52 197
52 415
52 55
52 390
52 384
52 366
52 441
52 111
52 164
52 429
52 248
52 300
52 110
52 123
52 419
52 329
52 336
52 294
52 373
52 157
52 176
52 427
52 311
52 127
52 322
52 433
52 295
52 334
52 421
52 296
52 352
52 83
52 165
52 54
52 353
52 82
52 115
52 194
52 81
52 339
53 388
53 359
53 301
53 427
53 249
53 298
53 248
53 408
53 281
53 290
53 356
53 496
53 276
53 460
53 219
53 487
53 69
53 149
53 461
53 424
53 151
53 480
53 112
53 304
53 300
53 438
53 360
53 212
53 126
53 350
53 483
53 341
53 399
53 287
53 187
53 307
53 250
53 353
53 328
54 293
54 148
54 330
54 336
54 299
54 438
54 267
54 458
54 199
54 63
54 281
54 225
54 364
54 139
54 298
54 151
54 338
54 231
54 480
54 361
54 455
54 356
54 308
54 333
54 342
54 227
54 229
54 181
54 471
54 270
54 392
54 244
55 415
55 122
55 300
55 147
55 466
55 382
55 114
55 127
55 450
55 258
55 79
55 144
55 285
55 444
55 104
55 170
55 103
55 479
55 416
55 60
55 216
55 345
55 338
55 425
55 63
55 436
55 371
55 166
55 87
55 472
55 278
56 155
56 346
56 238
56 133
56 316
56 399
56 357
56 382
56 186
56 419
56 107
56 285
56 112
56 362
56 157
56 122
56 459
56 377
56 97
56 151
56 109
56 470
56 98
56 94
56 402
56 282
56 167
57 226
57 152
57 342
57 476
57 59
57 236
57 76
57 253
57 69
57 393
57 382
57 255
57 493
57 462
57 117
57 115
57 196
57 246
57 113
57 181
57 129
57 182
57 299
57 211
57 172
57 169
57 235
57 185
57 448
57 184
57 334
57 421
57 271
57 239
57 89
57 435
58 67
58 452
58 389
58 380
58 338
58 234
58 231
58 149
58 465
58 492
58 70
58 270
58 303
58 228
58 170
58 179
58 151
58 328
58 269
58 163
58 71
58 185
58 414
58 483
58 194
58 493
58 238
58 141
58 148
59 93
59 192
59 429
59 393
59 237
59 473
59 451
59 401
59 71
59 309
59 173
59 468
59 354
59 177
59 118
59 408
59 261
59 254
59 260
59 136
59 426
59 176
59 115
59 352
59 222
59 178
59 199
59 149
60 239
60 129
60 234
60 251
60 395
60 337
60 360
60 383
60 236
60 329
60 159
60 161
60 319
60 314
60 86
60 272
60 190
60 71
60 470
60 228
60 217
60 127
60 114
60 439
60 281
60 421
61 449
61 108
61 367
61 265
61 149
61 461
61 225
61 476
61 68
61 182
61 208
61 177
61 454
61 224
61 481
61 380
61 389
61 88
61 162
61 170
61 428
61 310
61 385
61 378
61 470
61 259
61 499
61 233
61 275
61 231
61 168
61 304
62 464
62 146
62 207
62 203
62 438
62 316
62 342
62 399
62 178
62 138
62 303
62 439
62 420
62 90
62 220
62 257
62 264
62 215
62 318
62 424
62 491
62 227
62 184
62 425
62 251
63 226
63 89
63 109
63 429
63 411
63 271
63 265
63 305
63 287
63 491
63 299
63 79
63 253
63 80
63 205
63 370
63 345
63 137
63 270
63 85
63 454
63 123
63 164
63 149
63 259
63 219
63 367
63 257
63 145
63 407
63 382
63 142
63 184
63 340
63 374
63 470
64 463
64 452
64 323
64 430
64 66
64 92
64 316
64 145
64 75
64 235
64 151
64 441
64 392
64 327
64 497
64 447
64 242
64 408
64 130
64 381
64 255
64 103
64 369
64 325
64 165
64 310
64 266
64 351
64 102
64 422
64 437
64 225
64 357
65 72
65 372
65 442
65 250
65 160
65 288
65 436
65 291
65 258
65 228
65 391
65 137
65 362
65 310
65 252
65 212
65 371
65 237
65 333
65 204
65 120
65 202
65 256
65 80
65 413
65 103
65 109
65 161
66 431
66 459
66 197
66 146
66 256
66 86
66 434
66 217
66 113
66 432
66 239
66 284
66 489
66 493
66 452
66 436
66 339
66 269
66 104
66 92
66 128
66 446
66 229
66 311
66 391
66 394
66 152
66 80
66 272
66 472
66 367
66 102
66 71
67 405
67 187
67 438
67 96
67 118
67 216
67 383
67 181
67 304
67 229
67 289
67 203
67 192
67 256
67 83
67 246
67 422
67 424
67 244
67 193
67 228
67 204
67 274
67 302
67 417
68 455
68 390
68 112
68 430
68 149
68 441
68 272
68 432
68 296
68 301
68 384
68 97
68 405
68 237
68 260
68 431
68 354
68 485
68 319
68 457
68 171
68 286
68 158
68 345
68 312
68 316
68 288
68 376
68 71
68 428
68 393
69 386
69 132
69 307
69 497
69 325
69 291
69 106
69 222
69 275
69 102
69 136
69 213
69 99
69 429
69 73
69 174
69 308
69 481
69 90
69 113
69 153
69 496
69 473
69 172
69 80
69 270
69 127
70 129
70 493
70 127
70 223
70 464
70 211
70 321
70 467
70 489
70 105
70 465
70 288
70 200
70 362
70 247
70 134
70 121
70 485
70 499
70 101
70 359
70 351
70 277
71 428
71 320
71 474
71 75
71 214
71 424
71 458
71 213
71 279
71 437
71 315
71 415
71 193
71 183
71 114
71 129
71 440
71 289
71 121
71 350
71 368
71 335
71 260
71 219
71 439
72 411
72 337
72 485
72 94
72 200
72 444
72 327
72 304
72 152
72 348
72 225
72 164
72 198
72 392
72 397
72 90
72 172
72 442
72 205
72 313
72 221
72 220
72 285
72 245
72 370
72 301
72 249
72 478
73 151
73 401
73 284
73 268
73 424
73 330
73 237
73 352
73 479
73 380
73 263
73 226
73 271
73 131
73 152
73 230
73 399
73 269
73 385
73 353
73 376
73 303
73 221
73 462
73 367
73 325
73 274
74 298
74 228
74 336
74 472
74 113
74 173
74 401
74 125
74 329
74 340
74 405
74 454
74 225
74 407
74 341
74 347
74 377
74 200
74 478
74 342
74 209
74 319
74 149
74 306
74 210
74 498
74 165
74 264
74 380
74 318
75 272
75 320
75 192
75 477
75 323
75 261
75 408
75 206
75 86
75 142
75 474
75 156
75 468
75 229
75 140
75 314
75 159
75 405
75 148
75 364
75 87
75 381
75 466
75 269
75 480
75 390
75 103
76 428
76 331
76 186
76 132
76 164
76 414
76 464
76 141
76 390
76 358
76 203
76 269
76 149
76 167
76 278
76 455
76 381
76 86
76 327
76 181
76 300
76 374
76 253
76 401
76 420
76 100
76 109
76 434
76 176
76 272
77 396
77 87
77 439
77 267
77 255
77 427
77 447
77 307
77 199
77 210
77 102
77 114
77 275
77 354
77 197
77 364
77 440
77 181
77 177
77 183
77 186
77 97
77 441
77 89
77 139
77 281
78 311
78 253
78 288
78 327
78 305
78 312
78 397
78 264
78 255
78 489
78 151
78 304
78 389
78 153
78 259
78 300
78 270
78 473
78 195
78 257
78 118
78 497
78 396
78 328
78 427
78 340
78 211
78 89
78 134
78 310
79 473
79 370
79 470
79 445
79 446
79 462
79 171
79 451
79 381
79 168
79 166
79 397
79 410
79 211
79 278
79 441
79 139
79 178
79 324
79 261
79 135
79 322
79 378
79 106
79 80
79 87
79 365
79 243
79 207
79 460
79 272
79 346
80 486
80 161
80 324
80 301
80 335
80 238
80 307
80 427
80 487
80 198
80 220
80 453
80 187
80 97
80 251
80 208
80 358
80 92
80 252
80 192
80 270
80 116
80 443
80 357
80 107
80 255
80 142
80 467
80 172
80 158
80 86
80 195
80 278
80 133
80 267
80 298
80 191
80 154
80 201
81 124
81 99
81 108
81 91
81 391
81 273
81 310
81 397
81 367
81 274
81 464
81 482
81 249
81 382
81 254
81 276
81 237
81 312
81 211
81 456
81 373
81 241
81 352
81 489
81 109
81 212
81 116
81 248
81 187
81 416
81 265
82 184
82 149
82 187
82 387
82 467
82 147
82 256
82 175
82 383
82 90
82 372
82 426
82 221
82 232
82 103
82 226
82 205
83 127
83 467
83 290
83 462
83 110
83 112
83 463
83 453
83 156
83 265
83 103
83 286
83 259
83 86
83 285
83 361
83 116
83 381
83 308
83 132
83 87
83 316
83 135
83 184
83 364
83 425
83 152
83 296
83 392
83 369
83 295
84 361
84 96
84 405
84 277
84 120
84 374
84 430
84 408
84 383
84 246
84 282
84 436
84 291
84 381
84 85
84 236
84 238
84 251
84 434
84 498
84 300
84 221
84 329
84 186
85 259
85 364
85 216
85 128
85 487
85 236
85 312
85 344
85 342
85 257
85 331
85 493
85 140
85 121
85 287
85 139
85 498
85 332
85 483
85 306
85 421
85 111
85 231
85 361
85 200
85 91
86 484
86 303
86 325
86 135
86 477
86 425
86 146
86 370
86 444
86 185
86 498
86 137
86 152
86 481
86 329
86 342
86 478
86 134
86 140
86 121
86 360
86 266
86 189
86 232
87 166
87 173
87 213
87 303
87 315
87 241
87 304
87 469
87 423
87 463
87 130
87 437
87 318
87 320
87 182
87 91
87 350
87 221
87 199
87 217
87 287
87 339
87 216
87 193
87 392
87 160
88 205
88 181
88 331
88 295
88 206
88 282
88 363
88 253
88 285
88 223
88 337
88 121
88 317
88 293
88 278
88 428
88 199
88 107
88 213
88 242
88 319
88 466
88 412
88 332
88 150
88 290
88 478
89 254
89 205
89 232
89 139
89 467
89 211
89 429
89 256
89 111
89 225
89 468
89 374
89 381
89 296
89 484
89 136
89 147
89 150
89 301
89 452
89 184
89 434
89 456
89 126
89 230
89 436
90 230
90 380
90 250
90 438
90 196
90 336
90 316
90 461
90 406
90 452
90 158
90 318
90 356
90 464
90 283
90 365
90 248
90 444
90 131
90 412
90 278
90 105
90 447
90 191
91 475
91 222
91 426
91 296
91 133
91 104
91 482
91 297
91 347
91 280
91 169
91 382
91 451
91 484
91 131
91 204
91 464
91 497
91 488
91 251
91 182
91 471
91 345
92 369
92 192
92 496
92 242
92 114
92 257
92 392
92 410
92 138
92 321
92 147
92 168
92 472
92 211
92 246
92 347
92 202
92 331
92 299
92 124
92 306
92 401
92 237
92 329
92 475
92 158
92 224
92 130
92 371
92 438
92 346
92 384
92 261
92 355
92 279
92 494
92 457
93 218
93 192
93 346
93 281
93 144
93 156
93 450
93 387
93 435
93 199
93 478
93 255
94 332
94 298
94 361
94 471
94 476
94 293
94 295
94 137
94 238
94 490
94 243
94 103
94 189
94 168
94 159
94 321
94 169
94 444
94 402
94 182
94 347
94 283
95 454
95 386
95 472
95 202
95 444
95 400
95 132
95 440
95 257
95 180
95 298
95 455
95 333
95 183
95 221
95 459
95 140
95 478
95 278
95 327
95 161
95 272
95 359
95 385
95 141
95 111
95 262
95 325
95 499
95 474
95 134
95 165
95 126
95 483
96 409
96 111
96 486
96 355
96 438
96 114
96 468
96 235
96 335
96 439
96 331
96 387
96 271
96 253
96 134
96 337
96 311
96 444
96 411
96 212
96 374
96 434
96 442
96 107
96 143
97 259
97 279
97 319
97 119
97 416
97 355
97 266
97 144
97 188
97 487
97 185
97 399
97 437
97 337
97 395
97 471
97 243
97 438
97 336
97 115
97 334
97 274
97 498
97 444
98 105
98 166
98 276
98 447
98 146
98 346
98 117
98 260
98 130
98 499
98 486
98 435
98 237
98 440
98 399
98 359
98 415
98 151
98 350
98 492
98 102
98 396
98 210
98 297
98 292
98 422
98 489
98 104
98 378
98 343
98 326
98 156
98 231
98 215
98 127
98 349
99 316
99 484
99 493
99 227
99 387
99 453
99 482
99 276
99 444
99 395
99 296
99 220
99 300
99 413
99 287
99 449
99 469
99 337
99 108
99 321
99 320
99 199
99 310
99 367
100 376
100 115
100 196
100 490
100 184
100 173
100 301
100 337
100 122
100 294
100 475
100 474
100 336
100 153
100 104
100 390
100 423
100 386
100 488
100 341
100 379
100 263
100 255
100 282
100 359
101 364
101 427
101 425
101 261
101 119
101 472
101 142
101 483
101 244
101 137
101 199
101 295
101 220
101 160
101 360
101 242
101 409
101 131
101 204
101 375
101 337
101 292
101 325
101 408
101 312
101 241
101 468
101 339
101 205
101 353
101 267
101 179
102 164
102 111
102 364
102 335
102 229
102 331
102 388
102 110
102 220
102 156
102 487
102 387
102 128
102 406
102 338
102 397
102 120
102 498
102 404
102 192
102 215
102 292
102 313
102 346
102 296
102 214
102 309
102 230
102 486
102 321
102 265
102 181
103 279
103 428
103 275
103 128
103 212
103 188
103 265
103 320
103 473
103 132
103 390
103 281
103 394
103 271
103 479
103 121
103 114
103 109
103 127
103 256
103 341
103 300
103 304
103 210
103 241
103 359
104 199
104 282
104 201
104 273
104 445
104 321
104 284
104 439
104 440
104 437
104 255
104 473
104 428
104 205
104 349
104 147
104 128
104 344
104 206
104 330
104 375
104 362
104 174
104 412
104 133
104 494
105 480
105 465
105 461
105 288
105 153
105 130
105 172
105 381
105 377
105 344
105 471
105 314
105 229
105 117
105 446
105 296
105 498
105 255
105 262
105 456
105 300
105 397
105 235
105 411
105 214
105 355
105 243
106 301
106 349
106 199
106 263
106 117
106 171
106 459
106 137
106 152
106 145
106 340
106 408
106 398
106 353
106 125
106 412
106 333
106 239
106 284
106 407
106 288
106 225
106 179
106 357
106 389
106 216
106 238
106 351
107 358
107 452
107 362
107 417
107 113
107 288
107 342
107 199
107 207
107 202
107 391
107 480
107 263
107 440
107 249
107 122
107 128
107 296
107 435
107 314
107 401
107 437
107 138
107 416
107 241
107 464
107 375
108 224
108 426
108 357
108 166
108 446
108 383
108 388
108 355
108 464
108 278
108 154
108 303
108 324
108 480
108 320
108 430
108 153
108 319
108 345
108 456
108 351
108 119
108 223
108 171
109 162
109 118
109 216
109 280
109 287
109 142
109 288
109 305
109 254
109 455
109 185
109 420
109 277
109 128
109 149
109 269
109 235
109 214
109 180
109 351
109 430
109 374
109 276
110 227
110 374
110 186
110 402
110 348
110 369
110 189
110 316
110 263
110 119
110 410
110 217
110 116
110 407
110 456
110 121
110 413
110 405
110 214
110 459
110 395
111 188
111 372
111 240
111 279
111 338
111 421
111 414
111 221
111 122
111 428
111 496
111 405
111 379
111 131
111 276
111 398
111 251
111 390
111 252
111 120
111 199
111 457
111 313
111 323
111 136
112 330
112 407
112 264
112 136
112 202
112 145
112 498
112 214
112 237
112 339
112 374
112 401
112 497
112 387
112 441
112 481
112 301
112 144
112 479
112 281
112 224
112 466
112 459
112 236
112 142
112 200
112 231
113 354
113 435
113 274
113 385
113 275
113 340
113 190
113 319
113 295
113 320
113 337
113 234
113 237
113 404
113 424
113 449
113 481
113 328
113 374
113 297
113 201
113 141
113 358
113 272
114 275
114 359
114 321
114 260
114 339
114 365
114 478
114 425
114 393
114 232
114 218
114 237
114 465
114 426
114 120
114 405
114 248
114 210
114 284
114 122
114 477
114 461
114 387
114 402
114 397
114 407
114 256
114 409
114 454
114 115
114 126
114 224
114 374
114 327
114 171
114 329
114 153
114 151
115 373
115 147
115 295
115 163
115 128
115 455
115 240
115 218
115 300
115 365
115 121
115 303
115 380
115 453
115 386
115 199
115 200
115 390
115 495
115 407
115 484
115 434
115 357
115 334
116 302
116 214
116 172
116 128
116 493
116 207
116 324
116 477
116 352
116 138
116 285
116 342
116 385
116 269
116 367
116 134
116 389
116 467
116 441
116 282
116 384
116 369
117 321
117 434
117 287
117 306
117 464
117 160
117 147
117 440
117 277
117 158
117 351
117 445
117 122
117 283
117 470
117 286
118 471
118 411
118 198
118 250
118 477
118 390
118 213
118 462
118 428
118 173
118 435
118 398
118 130
118 412
118 216
118 196
118 299
118 137
118 258
118 150
118 280
118 396
118 417
118 317
119 228
119 382
119 130
119 267
119 211
119 440
119 199
119 164
119 399
119 415
119 407
119 424
119 388
119 169
119 284
119 406
119 306
119 142
119 129
119 261
119 379
119 459
120 361
120 131
120 453
120 474
120 475
120 391
120 479
120 149
120 482
120 437
120 454
120 438
120 192
120 458
120 383
120 168
120 299
120 229
120 211
120 384
120 206
120 277
120 466
120 464
120 387
120 162
120 496
120 134
121 174
121 195
121 140
121 188
121 388
121 201
121 185
121 453
121 267
121 423
121 296
121 385
121 397
121 202
121 387
121 186
121 308
121 320
121 215
121 314
121 295
121 367
121 354
121 328
121 371
121 422
122 326
122 441
122 234
122 482
122 190
122 410
122 352
122 225
122 244
122 427
122 371
122 436
122 398
122 464
122 457
122 274
122 375
122 454
122 233
122 490
122 173
123 338
123 127
123 187
123 409
123 237
123 420
123 252
123 307
123 321
123 285
123 411
123 221
123 230
123 290
123 147
123 476
123 304
123 162
123 155
123 404
123 227
123 198
123 344
123 205
124 211
124 362
124 207
124 350
124 195
124 326
124 343
124 387
124 298
124 169
124 217
124 206
124 188
124 133
124 355
124 245
124 320
124 280
124 479
124 318
124 268
124 193
124 294
124 475
124 135
124 399
124 342
124 277
124 348
124 317
124 187
124 358
125 410
125 347
125 264
125 322
125 299
125 439
125 348
125 465
125 430
125 493
125 406
125 200
125 491
125 380
125 220
125 209
125 487
125 271
125 346
125 158
125 389
125 291
125 265
125 151
125 385
126 287
126 305
126 357
126 232
126 407
126 327
126 423
126 236
126 240
126 250
126 367
126 184
126 490
126 294
126 201
126 140
126 424
126 154
126 372
126 265
126 472
126 256
126 181
126 312
127 370
127 455
127 292
127 223
127 227
127 333
127 161
127 472
127 236
127 276
127 255
127 192
127 174
127 149
127 213
127 443
127 486
127 357
127 247
127 390
127 137
127 239
127 362
127 466
127 233
127 238
127 294
127 483
127 437
127 225
128 255
128 243
128 297
128 453
128 272
128 354
128 157
128 462
128 482
128 473
128 373
128 385
128 408
128 339
128 493
128 386
128 410
128 300
128 184
128 421
128 275
128 407
128 417
128 133
128 391
128 246
129 160
129 152
129 401
129 197
129 201
129 194
129 398
129 161
129 263
129 162
129 304
129 393
129 349
129 148
129 444
129 233
129 433
129 131
129 222
129 427
129 306
129 384
129 328
129 215
129 489
130 481
130 228
130 166
130 196
130 215
130 254
130 133
130 212
130 425
130 198
130 194
130 457
130 321
130 491
130 472
131 280
131 354
131 236
131 284
131 434
131 392
131 202
131 323
131 359
131 416
131 227
131 422
131 213
131 386
131 306
131 193
131 266
131 360
131 198
131 356
131 148
131 141
131 295
131 257
131 484
132 198
132 345
132 150
132 415
132 242
132 499
132 404
132 287
132 218
132 178
132 308
132 249
132 305
132 290
132 481
132 392
132 398
132 271
132 387
132 171
132 381
132 181
132 142
132 395
132 390
132 467
133 388
133 271
133 315
133 242
133 284
133 385
133 359
133 147
133 476
133 167
133 304
133 187
133 487
133 494
133 142
133 305
133 415
133 188
133 496
133 266
133 239
133 433
133 454
133 482
133 283
133 312
133 143
133 324
133 326
133 161
133 252
133 185
134 195
134 454
134 398
134 447
134 239
134 458
134 309
134 415
134 251
134 426
134 441
134 257
134 145
134 395
134 329
134 321
134 230
134 217
134 367
134 209
134 481
134 327
134 320
134 360
134 428
135 152
135 364
135 414
135 336
135 368
135 334
135 410
135 166
135 168
135 412
135 236
135 277
135 493
135 386
135 439
135 353
135 459
135 424
135 223
135 345
135 380
135 229
135 244
135 292
135 344
136 369
136 492
136 190
136 173
136 308
136 246
136 356
136 487
136 153
136 420
136 138
136 267
136 365
136 425
136 151
136 160
136 280
136 189
136 474
136 202
136 241
136 144
136 236
136 349
136 428
136 230
137 152
137 176
137 429
137 404
137 315
137 478
137 244
137 336
137 274
137 305
137 408
137 236
137 278
137 362
137 383
137 463
137 435
137 208
137 459
137 293
137 199
137 458
137 476
137 169
137 290
137 368
137 295
137 241
138 332
138 258
138 459
138 465
138 182
138 381
138 174
138 296
138 358
138 379
138 266
138 454
138 273
138 233
138 493
138 318
138 170
138 144
138 463
138 468
138 322
138 383
138 347
138 228
138 351
138 225
138 443
138 282
138 280
138 365
138 222
139 439
139 331
139 459
139 446
139 399
139 420
139 404
139 499
139 435
139 371
139 190
139 436
139 498
139 440
139 142
139 257
139 469
139 211
139 298
139 448
139 153
139 226
139 316
140 196
140 265
140 435
140 444
140 316
140 436
140 148
140 311
140 456
140 325
140 484
140 320
140 478
140 410
140 468
140 211
140 433
140 415
140 367
140 274
140 201
140 309
140 343
140 496
140 145
140 389
141 297
141 356
141 399
141 499
141 248
141 397
141 327
141 348
141 251
141 188
141 182
141 236
141 433
141 160
141 201
141 460
141 438
141 239
141 277
141 301
141 483
141 392
141 184
141 245
141 247
141 198
141 210
141 436
141 271
142 303
142 380
142 223
142 279
142 298
142 305
142 231
142 423
142 203
142 349
142 385
142 251
142 270
142 429
142 313
142 216
142 434
142 374
142 145
142 362
142 341
142 267
142 347
142 333
143 398
143 377
143 206
143 236
143 154
143 144
143 297
143 451
143 436
143 401
143 185
143 433
143 148
143 179
143 338
143 323
143 261
143 152
143 342
143 389
143 410
143 392
143 458
143 331
143 171
143 382
143 252
143 186
143 231
143 177
143 312
144 262
144 233
144 316
144 224
144 362
144 204
144 217
144 381
144 167
144 202
144 229
144 469
144 466
144 249
144 304
144 361
144 474
144 271
144 341
144 216
144 278
144 464
144 349
144 471
144 360
145 356
145 469
145 401
145 182
145 193
145 155
145 434
145 232
145 248
145 264
145 497
145 450
145 403
145 226
145 288
145 412
145 446
145 454
145 237
145 432
145 422
145 345
145 382
146 472
146 415
146 425
146 405
146 396
146 341
146 188
146 366
146 384
146 441
146 241
146 387
146 470
146 423
146 448
146 182
146 389
146 250
146 262
146 297
146 447
146 343
146 202
147 397
147 368
147 279
147 179
147 244
147 157
147 370
147 367
147 416
147 374
147 348
148 207
148 150
148 238
148 457
148 476
148 328
148 417
148 339
148 306
148 151
148 318
148 230
148 292
148 380
148 486
148 490
148 397
149 326
149 323
149 383
149 206
149 290
149 180
149 277
149 375
149 175
149 243
149 308
149 428
149 325
149 294
149 478
149 186
149 170
149 361
149 346
149 165
149 378
149 430
149 230
150 433
150 211
150 220
150 346
150 353
150 452
150 371
150 394
150 275
150 324
150 281
150 462
150 385
150 176
150 237
150 153
150 269
150 453
150 315
150 337
151 449
151 189
151 281
151 167
151 267
151 347
151 194
151 331
151 185
151 443
151 259
151 200
151 321
151 465
151 345
151 404
151 391
151 386
151 251
151 216
151 338
151 312
151 450
151 176
151 324
151 495
151 362
151 396
152 333
152 242
152 381
152 312
152 374
152 437
152 218
152 403
152 309
152 284
152 186
152 370
152 494
152 444
152 348
152 329
152 267
153 473
153 498
153 154
153 460
153 484
153 252
153 339
153 199
153 425
153 172
153 393
153 342
153 222
153 444
153 467
153 341
153 471
153 469
153 432
153 428
153 344
153 384
153 373
153 198
154 490
154 254
154 262
154 250
154 361
154 275
154 324
154 158
154 377
154 228
154 405
154 202
154 349
154 328
154 218
154 427
154 464
154 431
154 163
154 318
154 165
154 331
154 475
154 200
154 422
154 392
154 494
154 242
154 280
155 244
155 221
155 277
155 426
155 256
155 286
155 224
155 484
155 274
155 243
155 335
155 402
155 295
155 239
155 235
155 451
156 352
156 402
156 396
156 241
156 220
156 185
156 212
156 339
156 395
156 448
156 284
156 182
156 488
156 440
156 385
156 228
156 169
156 269
156 464
156 381
156 263
156 319
156 229
156 372
156 178
156 311
157 320
157 275
157 487
157 407
157 402
157 362
157 467
157 261
157 255
157 373
157 456
157 386
157 257
157 230
157 262
157 347
157 414
157 480
157 187
157 466
158 429
158 159
158 246
158 432
158 468
158 169
158 282
158 197
158 206
158 281
158 419
158 392
158 299
158 270
158 436
158 440
159 351
159 496
159 192
159 216
159 442
159 417
159 199
159 284
159 471
159 296
159 228
159 212
159 357
159 360
159 437
159 376
159 377
159 202
159 362
159 470
159 307
159 226
159 300
159 304
159 306
160 424
160 257
160 189
160 376
160 322
160 190
160 299
160 169
160 387
160 480
160 353
160 408
160 478
160 473
160 166
160 476
160 291
160 187
160 256
160 268
160 251
160 471
160 197
160 320
161 392
161 362
161 481
161 410
161 351
161 196
161 175
161 274
161 257
161 206
161 375
161 256
161 200
161 243
161 352
161 412
161 366
161 185
161 489
161 457
161 346
161 162
161 425
161 291
161 212
161 309
161 364
161 472
161 279
161 288
162 197
162 276
162 225
162 208
162 190
162 417
162 356
162 390
162 335
162 185
162 398
162 183
162 362
162 442
162 374
162 318
162 210
162 378
162 287
162 380
162 406
162 427
162 423
162 250
162 486
162 494
162 283
162 181
162 247
162 269
162 239
163 427
163 306
163 401
163 331
163 166
163 292
163 251
163 437
163 302
163 201
163 300
163 259
163 351
163 433
163 461
163 389
163 175
163 310
163 290
163 361
163 452
164 416
164 443
164 307
164 244
164 363
164 267
164 320
164 372
164 189
164 379
164 439
164 198
164 310
164 188
164 451
164 315
164 274
164 248
164 283
164 478
164 265
164 201
164 215
164 418
164 260
164 311
164 499
164 362
164 256
164 348
164 276
164 339
165 453
165 434
165 312
165 329
165 387
165 423
165 291
165 240
165 360
165 193
165 499
165 451
165 366
165 278
165 245
165 198
165 262
165 378
165 178
165 426
165 290
165 462
165 441
165 181
165 405
165 185
165 301
165 271
166 198
166 439
166 430
166 179
166 307
166 391
166 297
166 208
166 274
166 316
166 493
166 282
166 465
166 492
166 279
166 331
166 278
166 241
166 259
166 227
166 181
166 246
166 270
166 305
166 486
166 359
167 434
167 285
167 233
167 352
167 356
167 450
167 338
167 483
167 262
167 222
167 322
167 255
167 253
167 278
167 363
167 374
167 455
167 482
167 190
167 176
167 201
167 220
167 196
168 235
168 337
168 359
168 324
168 464
168 417
168 423
168 181
168 303
168 402
168 188
168 315
168 365
168 197
168 438
168 443
168 362
169 302
169 271
169 365
169 254
169 477
169 308
169 471
169 341
169 174
169 467
169 197
169 392
169 277
169 170
169 450
169 313
169 280
169 413
169 454
169 448
169 443
169 459
169 274
169 187
169 171
169 352
169 189
170 280
170 302
170 239
170 322
170 261
170 445
170 339
170 374
170 403
170 324
170 248
170 383
170 410
170 459
170 425
170 428
170 449
170 219
170 408
170 337
170 253
171 417
171 409
171 421
171 441
171 180
171 449
171 178
171 349
171 206
171 192
171 253
171 291
171 314
171 248
171 270
171 207
171 380
171 229
171 226
172 385
172 404
172 477
172 485
172 247
172 347
172 369
172 401
172 450
172 360
172 491
172 174
172 245
172 220
172 479
172 465
172 374
172 493
172 299
173 313
173 377
173 456
173 208
173 423
173 367
173 490
173 461
173 445
173 387
173 486
173 274
173 336
173 404
173 398
173 229
173 197
173 236
173 281
173 341
173 479
173 285
173 287
174 339
174 231
174 236
174 306
174 377
174 239
174 394
174 224
174 491
174 410
174 421
174 492
174 244
174 441
174 216
174 270
174 370
174 307
174 381
174 419
174 465
175 224
175 426
175 429
175 388
175 280
175 395
175 498
175 178
175 419
175 306
175 447
175 405
175 443
175 473
175 394
175 244
175 334
175 287
175 281
175 491
175 256
175 376
176 179
176 484
176 306
176 488
176 468
176 252
176 230
176 370
176 316
176 387
176 191
176 210
176 251
176 408
176 371
176 428
176 450
176 194
176 434
176 474
176 238
176 270
176 201
176 373
176 197
177 328
177 433
177 485
177 309
177 294
177 281
177 436
177 366
177 181
177 404
177 195
177 339
177 432
177 393
177 350
177 293
177 314
177 378
177 355
177 466
177 268
178 487
178 263
178 457
178 456
178 427
178 248
178 220
178 254
178 190
178 297
178 441
178 301
178 255
179 499
179 380
179 331
179 261
179 187
179 401
179 417
179 448
179 233
179 229
179 285
179 441
179 306
179 347
179 414
179 396
179 189
179 292
179 363
179 495
179 450
179 211
179 317
179 214
179 360
179 406
179 309
179 240
179 282
179 427
179 244
180 235
180 237
180 374
180 347
180 298
180 219
180 359
180 236
180 365
180 210
180 339
180 287
180 399
180 409
180 271
180 203
180 483
180 280
180 228
180 242
180 188
180 354
180 226
180 320
180 272
180 297
180 468
180 475
180 360
181 309
181 448
181 254
181 292
181 390
181 290
181 289
181 368
181 232
181 224
181 360
181 326
181 203
181 400
181 258
181 216
181 200
181 444
181 267
181 266
181 242
181 301
181 220
181 417
181 336
181 364
181 409
181 371
182 310
182 382
182 221
182 237
182 276
182 311
182 376
182 431
182 484
182 186
182 329
182 278
182 419
182 490
182 349
182 296
182 233
182 427
182 409
182 330
182 498
182 462
183 452
183 358
183 479
183 468
183 195
183 322
183 252
183 282
183 297
183 443
183 467
183 496
183 339
183 271
183 301
183 230
183 422
183 484
183 463
183 261
184 268
184 225
184 214
184 192
184 332
184 329
184 278
184 223
184 362
184 297
184 446
184 462
184 420
184 326
184 296
184 452
184 334
184 304
184 186
184 266
184 357
184 211
184 493
184 347
184 448
184 470
184 238
184 292
184 185
184 378
184 215
184 244
185 439
185 443
185 297
185 226
185 374
185 383
185 205
185 454
185 492
185 295
185 359
185 419
185 451
185 310
185 187
185 263
185 228
185 214
185 274
185 337
185 243
185 285
185 223
185 493
185 209
185 364
185 256
186 448
186 247
186 273
186 264
186 260
186 263
186 282
186 352
186 422
186 266
186 451
186 286
186 297
186 296
186 267
186 385
186 431
187 243
187 433
187 273
187 337
187 333
187 320
187 332
187 331
187 208
187 493
187 295
187 353
187 306
187 479
187 196
187 270
187 227
187 263
187 473
187 305
187 482
187 294
188 398
188 291
188 467
188 333
188 474
188 499
188 456
188 488
188 303
188 319
188 284
188 327
188 422
188 363
188 362
188 231
189 299
189 355
189 284
189 445
189 195
189 450
189 278
189 347
189 192
189 460
189 266
189 381
189 396
189 473
189 416
189 407
189 422
189 224
189 233
189 411
190 403
190 355
190 380
190 378
190 282
190 469
190 479
190 410
190 229
190 386
191 317
191 488
191 296
191 455
191 429
191 305
191 264
191 405
191 292
191 217
191 459
191 400
191 418
191 416
191 344
191 239
191 432
192 271
192 330
192 464
192 227
192 262
192 299
192 287
192 422
192 356
192 474
192 431
192 475
192 419
192 388
192 386
192 214
192 430
192 414
192 314
193 487
193 279
193 351
193 206
193 277
193 427
193 238
193 278
193 272
193 494
193 249
193 499
193 194
193 450
193 253
193 243
193 497
193 418
193 479
193 299
193 250
193 472
193 338
193 257
193 392
193 312
193 375
194 375
194 219
194 486
194 450
194 257
194 491
194 349
194 446
194 474
194 217
194 399
194 267
194 315
194 440
194 490
194 448
194 260
194 270
194 401
194 451
194 225
195 442
195 317
195 406
195 289
195 264
195 460
195 485
195 369
195 461
195 197
195 263
195 225
195 275
195 395
195 479
195 403
195 310
195 252
195 200
196 471
196 432
196 354
196 418
196 383
196 245
196 442
196 454
196 272
196 349
196 495
196 264
196 365
196 342
196 225
196 341
197 276
197 214
197 464
197 488
197 296
197 445
197 239
197 490
197 219
197 414
197 294
197 216
197 400
197 303
197 409
198 293
198 375
198 333
198 460
198 267
198 245
198 428
198 452
198 356
198 228
198 469
198 330
198 478
198 302
198 264
198 400
198 226
198 402
199 365
199 348
199 422
199 477
199 240
199 366
199 386
199 205
199 212
199 328
199 465
199 408
199 227
199 497
199 309
199 435
199 265
199 317
200 281
200 213
200 374
200 498
200 272
200 400
200 291
200 271
200 419
200 355
200 347
200 477
200 233
200 315
200 214
200 385
200 322
200 240
200 438
201 381
201 499
201 249
201 251
201 401
201 412
201 304
201 314
201 473
201 349
201 400
201 408
201 309
201 384
201 411
201 428
201 415
201 343
201 369
202 228
202 496
202 205
202 297
202 348
202 479
202 458
202 386
202 419
202 342
202 434
202 310
202 463
202 346
202 326
202 468
202 283
202 337
202 270
202 396
202 455
202 208
203 398
203 413
203 376
203 217
203 232
203 302
203 279
203 393
203 380
203 450
203 453
203 218
203 415
203 379
203 290
203 233
203 343
203 443
204 432
204 310
204 416
204 305
204 260
204 266
204 396
204 243
204 332
204 464
204 331
204 354
204 431
204 394
204 316
204 434
204 294
204 208
204 461
204 317
205 228
205 344
205 456
205 286
205 273
205 435
205 236
205 278
205 342
205 214
205 422
205 445
205 365
205 381
205 332
205 469
206 488
206 402
206 345
206 259
206 460
206 271
206 482
206 489
206 242
206 342
206 393
206 456
206 209
206 476
206 405
206 357
206 272
206 447
206 416
206 277
206 237
206 290
207 265
207 489
207 406
207 287
207 423
207 246
207 316
207 457
207 383
207 463
207 396
207 416
207 403
208 261
208 281
208 497
208 494
208 325
208 375
208 400
208 362
208 415
208 255
208 377
208 297
208 486
208 479
208 467
208 498
208 410
208 291
208 254
208 456
208 461
208 311
208 379
208 275
208 212
209 210
209 415
209 426
209 351
209 229
209 222
209 360
209 395
209 250
209 234
209 371
209 422
209 427
209 482
209 479
209 273
209 278
209 464
209 477
210 225
210 321
210 221
210 227
210 255
210 285
210 212
210 362
210 420
210 372
210 317
210 235
210 498
210 349
210 410
210 313
210 280
210 298
210 371
210 344
210 281
210 295
211 463
211 357
211 445
211 224
211 406
211 275
211 306
211 389
211 337
211 317
211 218
211 335
211 431
211 333
211 213
211 217
211 263
212 481
212 373
212 405
212 256
212 363
212 356
212 338
212 261
212 366
212 499
212 369
212 389
212 498
212 290
212 310
212 466
212 492
212 449
212 414
213 477
213 453
213 229
213 265
213 389
213 278
213 383
213 497
213 235
213 498
213 269
213 425
213 249
213 482
213 373
213 332
213 354
213 491
213 329
214 439
214 244
214 321
214 325
214 252
214 316
214 413
214 364
214 227
214 488
214 302
214 376
214 228
214 492
214 232
214 343
214 407
214 447
214 408
214 356
214 463
214 468
214 267
214 223
214 499
214 420
215 308
215 257
215 235
215 414
215 424
215 386
215 323
215 478
215 274
215 437
215 388
215 428
215 225
215 218
215 343
215 425
215 360
215 489
215 326
215 468
215 398
215 482
215 395
215 304
216 366
216 280
216 276
216 288
216 219
216 437
216 262
216 345
216 410
216 229
216 242
216 398
216 489
216 346
216 409
217 472
217 404
217 497
217 236
217 447
217 350
217 483
217 363
217 310
217 354
217 292
217 460
217 294
217 331
217 305
217 344
217 330
217 454
217 492
218 277
218 456
218 377
218 302
218 384
218 243
218 270
218 263
218 473
218 354
218 305
218 273
218 403
218 350
218 398
218 401
218 315
218 386
218 466
218 408
218 253
219 477
219 415
219 421
219 267
219 433
219 281
219 429
219 275
219 257
219 378
219 327
219 494
219 271
219 256
219 353
219 419
220 328
220 402
220 339
220 480
220 239
220 340
220 288
220 306
220 243
220 331
220 318
220 322
220 345
220 493
220 374
220 292
220 368
220 348
220 372
221 256
221 308
221 334
221 316
221 444
221 248
221 240
221 239
221 423
221 362
221 375
221 285
221 433
221 417
221 332
221 298
221 460
222 300
222 312
222 472
222 396
222 490
222 393
222 478
222 266
222 279
222 344
222 378
222 406
222 364
222 480
222 439
222 273
223 476
223 278
223 444
223 392
223 360
223 414
223 358
223 362
223 479
223 408
223 230
223 281
223 259
223 373
223 254
223 275
223 466
223 305
223 379
223 421
223 232
223 441
223 371
223 416
224 397
224 414
224 299
224 295
224 362
224 261
224 372
224 312
224 243
224 483
224 477
224 435
224 460
224 463
224 249
224 313
224 238
224 391
224 262
224 337
224 281
224 257
225 371
225 312
225 434
225 292
225 332
225 388
225 254
225 397
225 373
225 462
225 311
225 262
225 357
225 247
225 482
225 466
225 411
226 461
226 347
226 272
226 235
226 331
226 381
226 431
226 436
226 242
226 254
226 261
226 406
226 270
226 280
226 345
226 418
226 277
226 372
226 284
226 262
226 428
226 499
227 438
227 439
227 243
227 453
227 492
227 237
227 303
227 482
227 259
227 289
227 296
227 467
227 415
227 374
227 356
227 315
227 459
227 274
228 291
228 403
228 469
228 352
228 290
228 330
228 348
228 324
228 284
228 405
228 230
228 337
228 415
228 328
228 407
228 253
228 420
228 491
228 446
228 413
228 477
228 381
229 487
229 371
229 241
229 452
229 350
229 304
229 343
229 258
229 489
229 257
229 324
229 280
230 275
230 422
230 429
230 454
230 434
230 276
230 380
230 382
230 446
230 284
230 383
230 455
230 370
230 442
231 346
231 336
231 495
231 442
231 498
231 427
231 239
231 358
231 468
231 431
231 404
231 481
231 281
231 444
232 322
232 418
232 377
232 302
232 488
232 453
232 371
232 369
232 404
232 393
232 354
232 415
232 287
232 307
232 396
232 272
232 262
232 305
232 465
232 443
232 314
233 247
233 331
233 414
233 337
233 282
233 288
233 473
233 368
233 260
233 238
233 250
233 472
233 454
233 457
233 284
233 418
233 294
233 360
233 347
233 355
233 351
234 482
234 256
234 394
234 497
234 466
234 293
234 471
234 410
234 351
234 430
234 283
234 475
234 495
234 235
234 253
234 324
234 350
234 264
234 388
234 478
234 492
235 449
235 316
235 283
235 263
235 307
235 320
235 398
235 292
235 445
235 277
235 384
235 286
235 469
235 248
235 361
235 332
235 463
235 479
235 456
235 414
236 492
236 483
236 471
236 469
236 331
236 394
236 436
236 269
236 302
236 244
236 268
236 320
236 280
236 444
236 279
236 393
236 306
236 293
236 396
236 460
236 432
236 412
236 416
236 299
236 451
236 283
237 370
237 416
237 413
237 312
237 375
237 255
237 339
237 253
237 435
237 496
237 474
237 449
237 432
237 440
237 393
237 439
237 422
237 256
238 259
238 478
238 404
238 444
238 384
238 447
238 326
238 339
238 310
238 247
238 408
238 243
238 355
238 278
238 437
238 245
238 244
238 286
238 475
238 294
238 402
238 472
238 314
239 447
239 480
239 334
239 379
239 350
239 446
239 422
239 256
239 276
239 285
239 485
239 366
239 462
239 497
239 418
239 345
239 371
239 321
239 409
239 405
240 479
240 437
240 283
240 272
240 356
240 277
240 440
240 304
240 319
240 407
240 306
240 492
240 473
240 499
240 452
240 445
240 488
240 451
240 252
240 494
240 481
240 471
240 443
240 310
241 355
241 337
241 418
241 474
241 320
241 359
241 302
241 316
241 460
241 366
241 353
241 252
241 324
241 392
241 450
241 261
242 458
242 463
242 253
242 412
242 493
242 278
242 312
242 475
242 315
242 318
242 479
242 489
242 255
242 359
242 451
242 364
242 407
242 448
242 290
242 316
242 247
242 263
242 362
242 444
242 322
243 489
243 492
243 313
243 451
243 352
243 416
243 478
243 455
243 267
243 363
243 259
243 359
243 467
243 343
243 334
243 307
243 390
243 348
243 450
243 353
243 423
244 345
244 439
244 486
244 378
244 333
244 251
244 269
244 250
244 361
244 403
244 381
245 391
245 250
245 459
245 452
245 298
245 438
245 296
245 473
245 335
245 328
245 475
245 287
245 462
245 347
245 396
245 260
245 440
245 340
246 318
246 402
246 408
246 388
246 422
246 443
246 260
246 354
246 288
246 286
246 486
246 281
246 386
246 451
246 444
246 360
246 355
247 372
247 313
247 451
247 376
247 265
247 311
247 444
247 305
247 437
247 468
247 494
247 315
247 299
247 462
247 485
247 367
247 338
247 345
247 387
247 307
247 258
247 498
247 400
247 337
248 347
248 498
248 448
248 410
248 464
248 348
248 319
248 354
248 371
248 278
248 426
248 456
248 299
248 472
248 480
248 260
248 454
248 325
248 417
248 421
249 314
249 259
249 361
249 402
249 326
249 416
249 446
249 401
249 387
249 470
249 350
249 409
249 456
249 466
249 443
249 311
249 271
249 288
249 482
249 485
249 475
249 497
249 379
249 492
249 270
249 264
249 370
249 331
249 371
249 472
249 352
250 465
250 387
250 440
250 375
250 258
250 311
250 490
250 417
250 333
250 285
250 416
250 359
250 347
251 401
251 294
251 403
251 257
251 408
251 295
251 491
251 409
251 449
251 329
251 451
251 396
251 485
251 270
251 496
251 445
251 441
251 425
251 484
251 446
252 323
252 259
252 319
252 389
252 450
252 287
252 488
252 333
252 270
252 476
252 497
252 475
252 301
252 399
252 392
252 255
252 393
252 279
252 405
252 462
252 482
252 288
253 335
253 275
253 410
253 314
253 357
253 465
253 299
253 378
253 416
253 379
253 327
253 411
253 415
253 474
253 476
253 294
253 295
253 417
254 257
254 378
254 361
254 329
254 393
254 340
254 322
254 262
254 415
254 349
254 295
254 307
254 417
254 446
254 402
254 305
254 321
254 490
255 481
255 277
255 340
255 416
255 269
255 484
255 391
255 316
255 474
255 323
255 494
256 268
256 496
256 438
256 260
256 341
256 429
256 349
256 316
256 449
256 420
256 351
256 466
257 296
257 279
257 405
257 350
257 352
257 380
257 315
257 357
257 386
257 304
257 278
257 298
257 321
257 314
257 269
257 486
257 339
258 345
258 368
258 377
258 424
258 320
258 418
258 460
258 494
258 323
258 365
258 425
258 448
258 420
258 269
258 347
258 315
259 355
259 274
259 377
259 421
259 446
259 459
259 271
259 281
259 375
259 453
259 392
259 384
259 352
259 449
259 360
259 435
259 346
259 356
259 380
260 373
260 432
260 477
260 287
260 360
260 424
260 358
260 320
260 384
260 451
260 278
260 275
260 308
260 447
260 446
260 368
260 321
261 474
261 278
261 272
261 400
261 460
261 280
261 267
261 493
261 459
261 363
261 489
261 293
261 427
261 364
261 387
262 321
262 356
262 428
262 374
262 439
262 456
262 411
262 417
262 307
262 386
262 371
262 358
263 449
263 438
263 302
263 280
263 445
263 398
263 408
263 433
263 446
263 419
263 314
263 297
263 271
263 316
263 397
263 426
263 491
264 294
264 439
264 363
264 354
264 481
264 278
264 306
264 462
264 292
264 275
264 459
264 337
264 396
264 300
264 447
264 277
264 469
264 433
264 288
264 486
264 422
264 270
264 318
264 340
264 431
264 484
264 353
264 446
265 309
265 494
265 428
265 284
265 436
265 375
265 419
265 391
265 338
265 348
265 295
265 492
265 339
265 313
265 398
265 389
265 399
265 293
265 497
265 358
265 289
265 480
265 286
265 324
265 445
265 459
266 391
266 431
266 324
266 357
266 319
266 426
266 398
266 433
266 279
266 423
266 436
266 362
266 489
266 351
266 336
266 483
266 466
266 294
266 403
266 421
266 484
266 325
266 456
267 453
267 477
267 350
267 288
267 291
267 318
267 463
267 456
267 404
267 289
267 447
267 277
267 482
267 494
267 445
267 409
267 329
267 412
267 316
267 313
268 356
268 342
268 372
268 289
268 470
268 365
268 450
268 369
268 391
268 378
268 299
268 437
268 308
269 441
269 491
269 415
269 472
269 341
269 378
269 343
269 411
269 488
269 291
269 477
269 452
269 370
269 387
269 397
269 449
269 450
270 392
270 333
270 490
270 479
270 469
270 497
270 481
270 383
270 381
270 295
270 354
270 440
270 441
270 491
271 411
271 407
271 347
271 498
271 341
271 325
271 459
271 432
271 414
271 481
271 387
271 379
271 306
271 404
271 492
271 280
271 461
271 469
271 490
271 282
271 493
272 336
272 348
272 468
272 471
272 354
272 447
272 397
272 331
272 295
272 430
272 341
272 457
272 433
272 402
272 449
273 378
273 420
273 274
273 477
273 297
273 459
273 285
273 343
273 299
273 471
273 339
273 325
273 283
273 418
273 494
273 476
273 356
273 337
274 459
274 397
274 286
274 322
274 420
274 275
274 463
274 281
274 440
274 356
274 392
274 328
274 309
274 447
275 437
275 473
275 484
275 396
275 291
275 295
275 387
275 356
275 407
275 419
275 477
275 327
275 280
276 315
276 344
276 354
276 282
276 397
276 364
276 359
276 413
276 488
276 383
276 497
276 375
276 346
276 463
277 340
277 388
277 434
277 429
277 294
277 472
277 413
277 473
277 352
277 386
277 456
277 440
277 459
277 398
277 445
278 428
278 485
278 326
278 455
278 430
278 432
278 461
278 426
278 488
278 476
278 493
279 498
279 317
279 361
279 441
279 428
279 346
279 458
279 435
279 324
279 493
279 455
279 297
279 373
279 343
279 451
279 427
279 386
279 334
280 479
280 326
280 374
280 491
280 355
280 413
280 466
280 433
280 408
280 378
280 484
280 337
280 487
280 447
280 453
280 477
280 366
280 370
280 298
281 307
281 364
281 410
281 455
281 436
281 445
281 356
281 351
281 287
281 481
281 350
281 449
281 473
281 447
281 309
281 412
281 372
282 312
282 437
282 317
282 307
282 429
282 453
282 410
282 376
282 343
282 347
282 441
282 339
282 498
282 308
282 356
282 326
282 459
282 483
282 492
282 303
283 493
283 398
283 417
283 498
283 395
283 497
283 423
283 366
283 450
283 456
283 378
283 304
283 421
283 383
283 424
283 478
283 376
283 352
283 481
284 459
284 315
284 429
284 421
284 364
284 288
284 451
284 382
284 395
284 363
284 468
284 442
284 475
284 389
284 346
284 426
284 362
284 467
284 420
285 376
285 330
285 336
285 327
285 364
285 295
285 411
285 416
285 385
285 453
285 374
286 427
286 410
286 491
286 339
286 464
286 441
287 403
287 315
287 402
287 370
287 356
287 351
287 380
287 394
287 339
287 368
287 440
287 385
287 445
287 480
287 303
287 490
287 458
287 388
287 466
287 477
287 489
287 453
287 483
288 461
288 422
288 410
288 478
288 435
288 495
288 431
288 499
288 477
288 349
288 299
288 445
288 438
288 384
288 451
288 350
289 349
289 401
289 421
289 483
289 461
289 457
289 384
289 455
289 459
289 322
289 468
289 493
289 360
289 481
289 299
289 370
289 380
289 420
289 458
290 330
290 441
290 334
290 484
290 448
290 496
290 324
290 453
290 436
290 367
290 364
290 303
290 446
290 420
290 466
290 351
290 322
290 293
291 393
291 380
291 304
291 403
291 341
291 409
291 323
291 453
291 473
291 406
292 308
292 306
292 439
292 394
292 402
292 325
292 495
292 386
292 330
292 336
292 373
292 441
292 348
293 446
293 437
293 323
293 433
293 407
293 295
293 375
293 421
293 341
294 487
294 296
294 449
294 460
294 352
294 414
294 320
294 378
294 380
294 435
294 335
294 397
294 315
294 478
294 482
294 305
294 348
295 315
295 297
295 464
295 365
295 360
295 458
295 363
295 493
295 489
295 309
295 379
295 420
296 407
296 378
296 386
296 346
296 404
296 422
296 449
296 343
296 493
296 347
296 302
296 297
296 361
296 314
296 382
296 403
296 320
296 453
296 477
297 367
297 380
297 478
297 434
297 401
297 351
297 426
297 442
297 356
297 333
297 346
297 448
297 408
298 443
298 330
298 451
298 450
298 425
298 427
298 334
298 486
298 457
298 454
298 401
298 485
298 461
298 324
298 403
299 442
299 373
299 394
299 395
299 375
299 378
299 486
299 489
299 327
299 469
299 322
299 317
299 492
299 441
300 476
300 349
300 475
300 314
300 389
300 485
300 445
300 456
300 322
300 428
300 457
300 442
301 456
301 480
301 325
301 307
301 338
301 459
301 445
301 373
301 348
301 496
301 328
301 320
302 445
302 387
302 494
302 395
302 420
302 379
303 427
303 417
303 482
303 371
303 497
303 339
303 356
303 402
303 421
303 378
303 451
303 472
304 339
304 376
304 449
304 404
304 457
304 418
304 459
304 373
304 377
305 363
305 419
305 446
305 368
305 416
305 398
305 315
305 484
305 486
305 456
305 429
305 455
305 330
305 345
305 436
305 338
305 335
305 454
305 481
306 401
306 389
306 385
306 437
306 468
306 328
306 330
306 384
306 497
306 312
306 326
306 486
306 482
306 327
307 445
307 363
307 454
307 308
307 358
307 382
307 433
307 412
307 497
307 369
308 442
308 497
308 447
308 350
308 435
308 491
308 385
308 390
308 382
308 465
308 424
309 340
309 343
309 494
309 369
309 339
309 423
309 418
309 436
309 420
309 373
309 338
309 481
309 408
310 343
310 413
310 338
310 389
310 398
310 424
310 472
310 427
311 367
311 401
311 439
311 358
311 333
311 339
311 413
311 476
312 491
312 356
312 482
312 490
312 366
312 313
312 470
312 472
312 440
312 349
312 352
312 489
312 376
313 499
313 375
313 498
313 458
313 475
313 353
313 368
313 394
313 477
313 346
313 350
313 315
313 451
313 321
313 341
314 418
314 412
314 330
314 392
314 402
314 444
314 387
314 483
314 482
314 316
315 479
315 450
315 333
315 402
315 394
315 347
315 350
315 359
315 444
315 367
315 428
315 362
315 381
315 488
315 337
315 392
315 432
315 356
315 474
316 364
316 402
316 455
316 388
316 331
316 319
316 378
316 334
316 421
316 456
317 375
317 331
317 472
317 319
317 422
317 341
317 454
317 426
317 456
317 394
317 320
317 327
317 338
317 381
317 468
318 479
318 359
318 453
318 468
318 403
318 482
319 447
319 487
319 394
319 370
319 357
319 445
319 407
319 384
319 412
319 464
319 465
319 436
319 333
319 340
319 496
320 405
320 335
320 370
320 467
320 494
320 409
320 399
320 397
320 379
320 412
321 378
321 429
321 401
321 480
321 346
321 397
321 340
321 411
321 455
321 435
321 464
321 440
322 336
322 397
322 483
322 481
322 330
322 335
322 414
322 462
322 471
322 391
322 354
322 368
322 327
322 352
322 488
322 412
323 469
323 325
323 408
323 429
323 487
323 352
323 339
323 490
323 372
323 387
323 418
323 354
323 389
323 383
324 422
324 403
324 335
324 449
324 389
324 367
324 353
324 493
324 356
324 452
324 344
324 450
324 386
325 368
325 328
325 361
325 335
325 349
325 384
325 376
325 390
325 345
325 440
326 427
326 411
326 459
326 349
326 345
326 491
326 330
326 437
326 390
326 485
326 479
326 379
326 428
326 483
326 391
327 415
327 347
327 389
327 488
327 378
327 454
327 474
327 363
327 436
327 496
328 397
328 495
328 491
328 362
328 348
328 456
328 410
328 379
328 344
328 341
328 350
328 332
329 478
329 351
329 365
329 462
329 445
329 494
329 360
329 473
329 398
329 334
330 466
330 429
330 499
330 344
330 473
330 433
330 374
330 475
330 360
330 461
330 341
330 482
330 412
330 378
330 397
330 393
330 422
330 357
331 480
331 456
331 415
331 458
331 427
331 479
331 474
331 417
331 400
331 465
331 477
331 345
331 455
332 483
332 342
332 390
332 352
332 349
332 445
332 454
332 429
332 463
332 442
332 466
333 353
333 382
333 436
333 405
333 396
333 485
333 464
333 493
333 420
333 413
333 416
333 496
334 407
334 379
334 434
334 411
334 493
334 354
334 351
334 453
334 483
335 498
335 349
335 418
335 381
335 477
335 492
335 469
335 436
335 453
335 374
336 453
336 414
336 437
336 392
336 390
336 377
336 356
336 426
337 426
337 406
337 467
337 386
337 420
337 368
337 364
337 427
337 492
337 384
337 366
337 346
338 416
338 371
338 348
338 440
338 375
338 374
338 473
338 448
338 367
338 407
339 436
339 426
339 455
339 343
339 495
339 460
339 405
339 410
339 370
339 411
340 466
340 348
340 364
340 363
340 416
340 479
340 360
340 451
340 430
341 437
341 344
341 395
341 379
341 347
341 447
341 478
341 444
341 385
341 387
341 394
341 421
341 434
342 464
342 346
342 372
342 429
342 370
342 395
342 382
342 498
342 482
342 463
342 441
342 358
342 383
342 493
342 401
343 349
343 468
343 488
343 393
343 365
343 480
343 479
343 498
343 402
343 452
343 413
343 407
343 360
343 344
343 368
343 435
344 347
344 483
344 471
344 427
344 482
344 450
344 393
344 496
344 442
344 414
345 357
345 374
345 463
345 394
345 455
345 458
345 391
345 386
345 426
346 361
346 402
346 440
346 441
347 365
347 468
347 382
347 424
347 381
347 432
347 370
347 394
347 387
347 391
348 499
348 467
348 381
348 460
348 496
348 471
348 392
348 427
348 435
348 423
348 473
348 408
349 462
349 366
349 362
349 411
349 467
349 440
349 388
349 383
349 459
349 415
349 433
349 443
349 390
349 498
349 479
349 402
350 425
350 439
350 484
350 367
350 359
350 442
350 497
350 364
350 404
351 377
351 487
351 408
351 379
351 477
351 499
351 448
351 406
351 404
351 446
351 462
351 494
351 363
352 498
352 495
352 377
352 438
352 401
352 436
352 358
352 355
352 359
352 461
352 432
352 452
352 493
352 448
352 471
353 378
353 469
353 429
353 388
353 364
354 456
354 422
354 440
354 485
354 368
354 473
354 388
354 365
354 426
354 378
354 474
354 358
354 370
354 470
354 356
354 493
354 357
354 421
355 396
355 375
355 424
355 441
355 435
355 397
355 458
355 367
356 476
356 422
356 499
356 402
356 386
356 393
356 378
357 369
357 469
357 449
357 416
357 478
357 417
357 403
357 440
358 390
358 470
358 371
358 444
358 394
358 383
359 379
359 420
359 368
359 382
359 493
359 491
359 372
359 402
359 419
360 405
360 484
360 436
360 415
360 470
360 420
360 403
360 475
360 460
360 438
360 496
360 454
360 478
360 424
360 383
361 489
361 477
361 458
361 404
361 383
361 363
361 460
361 497
361 362
361 435
361 403
361 373
361 493
362 404
362 382
362 375
362 459
362 371
362 426
362 478
363 374
363 496
363 384
363 468
364 484
364 460
364 386
364 381
364 374
364 481
364 399
364 487
365 485
365 419
365 467
365 376
365 470
365 495
365 399
365 499
366 376
366 386
366 436
366 485
366 483
366 414
366 410
366 478
366 498
366 374
367 391
367 397
367 451
367 373
367 414
367 488
367 419
367 490
367 403
367 386
367 392
367 480
368 490
368 397
368 463
368 410
368 414
368 424
368 398
369 480
369 395
369 497
369 489
369 383
370 468
370 428
370 391
370 413
370 456
370 448
370 374
370 385
370 479
370 495
371 478
371 405
371 472
371 401
371 395
371 490
372 451
372 481
372 449
372 480
372 417
372 490
372 413
372 450
372 389
372 491
373 445
373 390
373 496
373 459
373 400
373 444
373 388
373 382
373 425
373 453
373 440
374 488
374 491
374 395
374 378
374 497
374 427
375 462
375 376
375 398
375 380
375 383
375 400
375 478
375 397
376 411
376 415
376 474
376 424
376 484
376 451
376 469
376 446
376 423
377 436
377 383
377 434
377 446
377 486
377 493
377 451
377 466
377 479
377 440
378 494
378 460
378 462
378 485
378 385
378 390
379 427
379 399
379 493
379 476
379 400
379 450
379 498
380 386
380 490
380 462
380 381
380 495
380 496
380 444
380 390
380 442
380 451
380 443
380 393
380 477
381 494
381 409
381 495
381 483
381 457
381 414
381 410
382 467
382 436
382 450
382 479
382 473
382 401
382 428
382 407
382 412
382 444
382 419
382 481
382 487
382 423
382 395
382 452
383 445
383 421
383 417
383 462
383 491
383 443
383 424
383 441
384 421
384 389
384 498
384 443
384 478
384 442
384 496
384 468
384 479
384 471
385 499
385 408
385 402
385 475
385 498
385 418
385 421
385 423
386 424
386 481
386 420
386 426
386 441
386 462
386 479
386 416
386 480
386 421
386 476
386 401
387 497
387 499
387 474
387 488
387 448
387 476
387 412
387 458
387 494
388 493
388 452
388 489
389 447
389 482
389 481
389 420
389 494
389 465
389 486
389 394
389 428
390 420
390 423
390 473
390 496
390 479
390 430
390 459
390 452
390 422
390 467
391 465
391 403
391 454
391 432
391 459
391 400
391 407
392 427
392 466
392 428
392 431
392 456
392 453
392 423
392 434
392 440
392 436
393 394
393 428
393 481
393 430
393 417
393 415
394 463
394 437
394 413
395 447
395 425
395 483
395 410
395 444
395 458
395 467
396 433
396 473
396 447
396 399
397 403
397 499
397 413
397 410
397 404
397 458
397 418
397 452
397 464
397 408
397 475
398 489
398 407
398 466
398 443
398 437
398 421
399 490
399 447
399 464
399 462
399 444
399 406
399 460
400 453
400 418
400 495
400 435
401 457
401 406
401 465
402 417
402 477
402 444
402 475
402 487
403 420
403 455
403 475
403 492
404 485
404 424
404 413
404 409
404 435
404 446
404 482
404 495
405 423
405 476
405 497
405 431
405 494
406 425
406 465
406 445
406 438
406 463
407 497
407 454
407 468
408 445
408 464
408 490
408 444
409 498
409 457
409 454
409 471
410 473
410 424
411 439
411 490
411 417
411 489
411 429
412 433
412 422
412 488
412 428
412 469
412 417
413 483
413 458
413 470
413 485
413 457
413 417
413 480
413 498
413 454
413 450
413 463
414 423
414 418
414 487
414 452
415 468
415 439
415 433
415 467
416 459
416 498
416 433
416 457
417 466
417 426
417 446
417 488
417 499
417 495
418 478
418 422
418 435
418 480
418 441
418 447
419 439
419 446
419 468
419 490
420 454
420 438
420 493
420 482
420 479
421 454
421 481
421 470
421 444
421 485
421 498
421 439
422 442
422 435
422 446
422 438
422 460
422 474
423 432
423 479
423 496
423 486
423 457
423 467
423 472
424 475
424 460
424 459
424 491
424 469
424 471
424 496
424 470
424 464
424 476
424 427
424 430
425 481
425 492
425 493
425 448
426 449
426 485
426 452
426 482
426 498
426 488
427 450
427 447
427 491
427 494
427 467
427 497
427 462
428 466
428 452
428 459
428 458
428 494
429 484
429 456
429 440
429 498
430 443
430 497
430 470
430 495
430 471
430 458
430 441
431 458
431 474
431 448
432 477
432 457
432 455
432 442
433 468
433 458
433 444
433 497
433 480
433 450
433 439
434 466
434 454
434 472
434 441
434 447
434 462
434 496
435 436
435 487
435 463
435 458
435 491
436 496
436 439
437 476
437 461
437 481
437 485
438 492
438 487
439 454
439 451
439 486
439 491
439 481
439 465
440 458
440 470
440 477
441 461
441 488
441 448
442 446
442 452
442 486
443 492
443 452
444 455
444 480
445 467
445 487
445 488
445 483
445 494
445 447
445 496
446 484
446 447
446 458
446 490
446 468
447 497
447 455
447 490
447 460
448 471
449 492
449 476
449 470
449 463
450 474
450 459
450 475
451 453
452 485
452 457
452 460
452 465
452 492
453 475
454 495
454 498
455 462
456 495
456 473
456 485
457 499
457 460
457 458
458 463
459 469
460 496
461 462
461 468
462 470
462 482
462 474
463 465
463 481
463 476
463 492
463 468
463 479
465 493
466 475
466 488
467 478
467 498
468 483
469 478
469 487
470 485
470 491
470 476
470 496
471 494
472 495
473 483
474 499
474 476
474 481
474 489
476 478
476 477
477 494
478 498
478 485
478 490
480 490
482 492
482 489
483 493
484 490
484 494
485 490
