VERTICES = 500
EDGES = 9000
0 57
0 280
0 452
0 413
0 48
0 415
0 485
0 104
0 224
0 71
0 253
0 214
0 327
0 314
0 258
0 494
0 320
0 16
0 44
0 219
0 227
0 431
0 70
0 293
0 447
0 93
0 425
0 449
0 473
0 392
0 200
0 408
0 357
0 146
0 358
0 381
0 137
1 39
1 48
1 290
1 304
1 73
1 256
1 481
1 18
1 117
1 383
1 216
1 217
1 166
1 494
1 365
1 41
1 228
1 457
1 129
1 236
1 105
1 314
1 491
1 32
1 189
1 412
1 154
1 196
1 208
2 282
2 413
2 82
2 453
2 424
2 392
2 111
2 366
2 170
2 373
2 185
2 464
2 332
2 246
2 416
2 457
2 351
2 476
2 23
2 266
2 449
2 33
2 144
2 263
2 275
2 98
2 51
2 271
3 116
3 468
3 166
3 111
3 21
3 359
3 48
3 52
3 174
3 421
3 277
3 430
3 312
3 492
3 354
3 215
3 143
3 364
3 480
3 68
3 247
3 14
3 363
3 13
3 477
3 226
3 199
3 341
3 125
3 494
3 214
3 441
3 428
3 225
3 294
3 308
3 43
4 29
4 372
4 95
4 437
4 279
4 471
4 398
4 83
4 5
4 445
4 489
4 118
4 181
4 18
4 285
4 399
4 15
4 337
4 409
4 94
4 486
4 320
4 253
4 124
4 78
4 367
4 497
4 6
4 106
4 10
5 439
5 192
5 316
5 426
5 209
5 88
5 25
5 14
5 311
5 37
5 467
5 213
5 18
5 342
5 160
5 277
5 318
5 420
5 126
5 123
5 223
5 74
5 438
5 456
5 349
5 242
5 106
5 330
5 165
5 285
5 120
5 432
5 303
5 248
5 188
5 76
5 459
6 122
6 375
6 87
6 448
6 356
6 182
6 67
6 451
6 94
6 474
6 460
6 195
6 268
6 48
6 417
6 333
6 28
6 440
6 11
6 341
6 312
6 105
6 227
6 46
6 353
6 275
6 452
6 33
6 284
6 376
6 232
6 328
6 93
6 135
6 453
6 311
6 420
7 260
7 344
7 481
7 27
7 275
7 279
7 277
7 409
7 18
7 295
7 120
7 448
7 96
7 416
7 108
7 335
7 417
7 327
7 360
7 107
7 498
7 499
7 132
7 53
7 81
7 349
7 39
7 319
7 191
7 342
7 379
7 236
7 303
7 29
7 460
7 392
7 393
7 172
7 412
7 238
8 404
8 275
8 331
8 197
8 449
8 482
8 425
8 185
8 396
8 295
8 439
8 364
8 117
8 29
8 368
8 108
8 470
8 201
8 256
8 211
8 360
8 13
8 148
8 399
8 371
8 272
8 102
8 420
8 341
8 290
8 86
8 106
8 498
8 395
8 68
8 413
8 317
8 233
8 435
8 273
8 363
9 328
9 242
9 85
9 389
9 291
9 331
9 384
9 158
9 218
9 151
9 57
9 317
9 211
9 122
9 301
9 467
9 169
9 73
9 234
9 172
9 463
9 87
9 159
9 446
9 312
9 47
9 135
9 84
10 294
10 268
10 398
10 456
10 279
10 261
10 141
10 409
10 381
10 251
10 122
10 59
10 180
10 162
10 361
10 436
10 257
10 330
10 201
10 179
10 254
10 403
10 79
10 447
10 490
10 419
10 394
10 359
10 15
10 250
10 365
10 161
10 159
10 276
10 195
11 199
11 321
11 419
11 14
11 290
11 307
11 312
11 297
11 208
11 456
11 326
11 483
11 293
11 441
11 390
11 432
11 183
11 382
11 60
11 314
11 243
11 286
11 18
11 184
11 236
11 427
11 27
11 120
11 92
11 202
11 283
11 76
11 318
11 73
11 433
12 484
12 106
12 433
12 405
12 345
12 493
12 104
12 389
12 487
12 336
12 30
12 50
12 430
12 258
12 22
12 347
12 416
12 29
12 112
12 208
12 70
12 72
12 197
12 69
12 438
12 87
12 497
12 154
12 496
12 88
12 192
12 464
12 220
13 216
13 313
13 40
13 421
13 165
13 143
13 347
13 15
13 43
13 485
13 226
13 328
13 29
13 211
13 441
13 329
13 162
13 409
13 89
13 220
13 113
13 18
13 262
13 136
13 195
14 263
14 295
14 243
14 43
14 211
14 317
14 294
14 277
14 32
14 191
14 432
14 66
14 298
14 303
14 252
14 280
14 391
14 122
14 115
14 338
14 402
14 139
14 160
14 97
14 112
14 37
14 232
14 143
14 86
14 250
14 163
14 447
14 354
14 71
14 320
14 111
14 367
14 276
14 491
14 51
14 323
14 55
14 333
14 197
14 337
15 60
15 243
15 190
15 285
15 410
15 225
15 168
15 197
15 23
15 417
15 179
15 77
15 283
15 85
15 435
15 157
15 97
15 230
15 458
15 361
15 94
15 256
15 132
15 395
15 227
15 385
15 498
15 440
15 82
15 233
15 382
15 259
15 398
15 98
15 198
15 484
15 211
15 63
15 20
16 480
16 54
16 332
16 462
16 469
16 260
16 229
16 292
16 93
16 38
16 458
16 158
16 443
16 331
16 402
16 22
16 300
16 372
16 187
16 278
16 18
16 425
16 323
16 343
16 327
16 316
16 164
16 205
16 470
16 411
16 159
16 438
16 337
16 399
16 486
16 267
17 471
17 334
17 372
17 488
17 171
17 44
17 357
17 125
17 341
17 33
17 178
17 237
17 197
17 173
17 416
17 328
17 309
17 313
17 227
17 198
17 314
17 131
17 345
17 278
17 405
17 122
17 440
17 439
17 236
17 425
17 247
18 167
18 114
18 182
18 312
18 119
18 282
18 270
18 281
18 205
18 46
18 190
18 389
18 478
18 294
18 430
18 96
18 256
18 82
18 383
18 368
18 59
18 464
18 81
18 140
18 435
18 176
18 436
18 175
18 174
18 78
18 462
18 335
18 392
18 489
18 313
18 414
18 349
18 366
18 61
18 200
19 104
19 450
19 493
19 189
19 274
19 411
19 324
19 225
19 460
19 219
19 198
19 191
19 318
19 371
19 380
19 70
19 136
19 294
19 468
19 76
19 396
19 164
19 281
19 233
19 234
19 490
19 228
19 332
19 90
20 341
20 434
20 453
20 239
20 125
20 324
20 205
20 97
20 98
20 76
20 255
20 173
20 182
20 93
20 71
20 230
20 56
20 207
20 415
20 129
20 299
20 241
20 134
20 320
20 114
20 119
20 35
20 242
20 178
21 82
21 407
21 73
21 78
21 250
21 479
21 142
21 387
21 74
21 144
21 350
21 32
21 445
21 302
21 50
21 483
21 414
21 344
21 463
21 358
21 248
21 58
21 125
21 56
21 272
21 462
21 118
21 292
21 224
21 355
21 52
21 285
21 349
21 310
21 426
21 222
21 386
21 183
21 442
21 449
21 375
21 313
21 251
21 318
21 482
22 175
22 243
22 426
22 417
22 181
22 389
22 353
22 233
22 462
22 493
22 221
22 116
22 481
22 433
22 368
22 245
22 384
22 446
22 71
22 46
22 47
22 357
22 151
22 132
22 231
22 177
22 225
22 115
22 260
22 257
22 52
22 121
23 438
23 318
23 212
23 241
23 446
23 349
23 467
23 325
23 435
23 87
23 110
23 132
23 315
23 408
23 37
23 39
23 123
23 100
23 103
23 492
23 54
23 461
23 434
23 378
23 274
23 289
23 497
23 118
23 490
23 480
23 299
23 362
24 221
24 45
24 334
24 69
24 29
24 374
24 107
24 230
24 114
24 115
24 123
24 410
24 31
24 337
24 321
24 214
24 278
24 189
24 266
24 416
24 185
24 406
24 143
24 255
24 354
24 393
24 380
24 135
24 146
24 305
24 430
24 451
24 371
24 463
24 225
24 342
24 25
24 290
24 120
24 357
24 466
24 385
24 92
24 475
24 188
24 194
25 322
25 358
25 445
25 129
25 139
25 227
25 468
25 30
25 61
25 215
25 427
25 200
25 99
25 431
25 237
25 156
25 188
25 378
25 377
25 140
25 228
25 75
25 68
25 419
25 441
25 417
25 62
25 442
26 397
26 341
26 243
26 130
26 452
26 413
26 205
26 88
26 162
26 207
26 405
26 174
26 29
26 93
26 66
26 273
26 295
26 242
26 430
26 194
26 177
26 453
26 141
26 381
26 274
26 125
26 201
26 49
26 67
26 160
26 403
26 328
26 327
26 112
26 276
27 246
27 464
27 138
27 314
27 296
27 190
27 283
27 124
27 256
27 165
27 361
27 263
27 114
27 232
27 83
27 450
27 82
27 444
27 294
27 29
27 304
27 306
27 155
27 487
27 496
27 210
27 60
27 440
27 293
27 290
27 120
27 119
27 222
27 335
27 205
27 69
27 499
27 476
27 369
28 399
28 476
28 487
28 50
28 259
28 448
28 451
28 211
28 155
28 359
28 157
28 38
28 32
28 326
28 94
28 219
28 193
28 349
28 138
28 149
28 120
28 257
28 490
28 62
28 366
28 449
28 446
28 304
28 159
28 37
28 319
28 226
28 254
29 366
29 181
29 397
29 492
29 184
29 324
29 109
29 466
29 301
29 312
29 258
29 216
29 64
29 159
29 327
29 46
29 156
29 370
29 351
29 221
29 259
29 138
29 380
29 204
29 173
29 163
29 71
29 244
29 356
29 472
29 39
29 441
29 178
29 424
29 403
29 130
30 346
30 328
30 131
30 79
30 355
30 185
30 154
30 70
30 425
30 98
30 206
30 242
30 214
30 37
30 284
30 483
30 283
30 62
30 150
30 52
30 63
30 326
30 116
30 128
30 339
30 496
30 101
30 179
30 225
30 58
30 269
30 54
30 221
31 158
31 336
31 255
31 164
31 173
31 87
31 219
31 61
31 266
31 107
31 32
31 344
31 187
31 322
31 280
31 306
31 396
31 180
31 305
31 240
31 371
31 496
31 337
31 204
31 353
31 53
31 167
31 97
31 302
31 81
31 88
31 276
31 136
31 434
31 267
31 304
31 485
31 119
31 354
31 251
31 456
31 315
32 385
32 222
32 458
32 320
32 492
32 66
32 214
32 361
32 207
32 348
32 179
32 366
32 142
32 243
32 374
32 52
32 367
32 421
32 44
32 498
32 347
32 428
33 275
33 282
33 151
33 71
33 467
33 195
33 285
33 497
33 120
33 370
33 457
33 236
33 209
33 335
33 237
33 157
33 320
33 123
33 438
33 50
33 211
33 339
33 143
33 181
33 169
33 448
33 390
33 76
33 405
33 215
34 436
34 433
34 345
34 78
34 484
34 477
34 322
34 213
34 304
34 367
34 82
34 485
34 378
34 400
34 466
34 192
34 404
34 331
34 242
34 58
34 498
34 448
34 318
34 51
34 202
34 180
34 284
34 472
34 260
34 314
34 379
34 332
34 117
34 412
34 410
34 249
34 225
34 259
34 111
34 373
34 150
35 274
35 285
35 325
35 482
35 126
35 319
35 201
35 463
35 118
35 291
35 306
35 68
35 220
35 451
35 487
35 186
35 267
35 346
35 307
35 184
35 321
35 404
35 39
35 314
35 255
35 69
35 491
35 395
35 340
35 36
35 315
35 466
35 127
35 202
35 161
35 275
35 92
35 120
35 431
35 312
35 185
35 100
36 350
36 83
36 448
36 464
36 374
36 275
36 376
36 288
36 431
36 223
36 393
36 90
36 401
36 183
36 286
36 78
36 298
36 351
36 451
36 81
36 184
36 267
36 470
36 439
36 277
36 407
36 152
36 248
36 225
36 281
36 172
36 340
36 369
36 258
36 166
36 181
36 261
36 64
36 495
36 482
36 109
36 342
36 217
37 464
37 495
37 463
37 198
37 296
37 57
37 481
37 279
37 354
37 217
37 168
37 313
37 66
37 476
37 260
37 404
37 339
37 297
37 273
37 397
37 288
37 221
37 470
37 172
37 47
37 232
37 135
37 344
37 43
38 221
38 42
38 103
38 229
38 223
38 374
38 412
38 163
38 279
38 190
38 156
38 148
38 215
38 185
38 437
38 436
38 452
38 310
38 50
38 51
38 115
38 105
38 372
38 382
38 393
38 111
38 186
38 302
38 396
38 129
38 398
38 295
38 171
38 466
38 191
39 210
39 497
39 281
39 200
39 221
39 91
39 153
39 300
39 460
39 305
39 344
39 70
39 494
39 328
39 372
39 470
39 203
39 489
39 135
39 196
39 341
39 491
39 361
40 441
40 167
40 475
40 288
40 132
40 373
40 322
40 350
40 82
40 230
40 228
40 211
40 44
40 81
40 360
40 389
40 223
40 497
40 110
40 193
40 43
40 225
40 194
40 315
40 121
40 426
40 93
40 267
40 272
40 60
40 45
40 68
40 48
40 179
40 496
40 268
40 332
40 58
40 417
40 433
40 349
40 478
41 423
41 273
41 112
41 441
41 144
41 143
41 342
41 425
41 67
41 286
41 79
41 456
41 254
41 83
41 403
41 340
41 417
41 304
41 76
41 298
41 129
41 302
41 221
41 413
41 209
41 113
41 489
41 351
41 141
41 301
41 338
42 71
42 379
42 114
42 84
42 468
42 491
42 256
42 427
42 177
42 494
42 218
42 335
42 80
42 184
42 361
42 292
42 434
42 456
42 214
42 435
42 458
42 267
42 474
42 387
42 151
42 264
42 312
42 410
42 445
42 315
42 282
42 153
42 246
43 199
43 192
43 233
43 141
43 188
43 252
43 410
43 439
43 456
43 448
43 389
43 386
43 352
43 241
43 318
43 122
43 402
43 267
43 290
44 141
44 46
44 253
44 76
44 249
44 452
44 166
44 398
44 437
44 205
44 135
44 425
44 473
44 384
44 176
44 460
44 130
44 438
44 51
44 316
44 254
44 174
44 317
44 245
44 65
44 471
44 201
44 151
44 101
44 88
44 397
44 246
44 442
44 197
44 333
44 150
44 301
45 83
45 456
45 407
45 110
45 264
45 130
45 292
45 330
45 283
45 67
45 345
45 82
45 212
45 424
45 291
45 433
45 136
45 229
45 245
45 297
45 404
45 499
46 380
46 337
46 455
46 108
46 227
46 370
46 166
46 373
46 252
46 324
46 367
46 255
46 403
46 231
46 296
46 189
46 477
46 225
46 457
46 369
46 72
46 432
46 492
46 139
46 55
46 93
46 315
46 482
46 390
46 74
46 75
46 467
47 390
47 262
47 192
47 366
47 59
47 52
47 264
47 103
47 70
47 110
47 233
47 240
47 384
47 239
47 142
47 296
47 85
47 236
47 71
47 343
47 53
47 209
47 94
47 238
47 136
47 406
47 121
47 226
47 472
47 246
47 295
47 161
47 374
48 492
48 186
48 359
48 420
48 128
48 209
48 366
48 60
48 235
48 228
48 229
48 437
48 251
48 457
48 453
48 226
48 207
48 52
48 134
48 231
48 54
48 412
48 187
48 51
48 324
48 466
48 365
48 245
48 398
48 62
48 219
48 166
48 320
48 346
48 111
48 408
49 145
49 224
49 338
49 374
49 434
49 353
49 176
49 189
49 371
49 347
49 321
49 163
49 447
49 471
49 183
49 292
49 283
49 362
49 84
49 465
49 334
49 448
49 117
49 320
49 121
49 285
49 106
49 308
50 410
50 201
50 172
50 494
50 191
50 414
50 84
50 478
50 267
50 491
50 244
50 355
50 87
50 463
50 251
50 473
50 327
50 272
50 387
50 212
50 472
50 451
50 465
50 116
50 417
50 454
50 351
50 442
50 371
50 183
50 280
50 483
51 217
51 358
51 156
51 335
51 243
51 428
51 323
51 376
51 373
51 466
51 346
51 356
51 85
51 125
51 161
51 329
51 359
51 305
51 241
51 66
51 56
51 283
51 339
51 214
51 286
51 200
51 385
51 254
51 369
51 94
51 237
51 84
51 374
51 143
51 149
51 199
51 148
51 498
51 182
51 252
51 394
51 236
51 57
51 159
51 273
51 210
51 115
51 480
52 166
52 466
52 249
52 164
52 486
52 440
52 344
52 414
52 408
52 190
52 298
52 347
52 324
52 227
52 429
52 175
52 125
52 225
52 72
52 343
52 59
52 212
52 497
52 346
52 143
52 156
52 112
52 238
52 148
52 294
52 221
52 283
52 62
52 111
52 96
52 100
52 138
52 60
52 456
52 292
53 230
53 460
53 255
53 209
53 294
53 494
53 217
53 127
53 474
53 73
53 223
53 107
53 366
53 135
53 479
53 185
53 173
53 182
53 434
53 397
53 317
53 372
53 191
53 232
53 403
53 228
53 373
53 369
53 456
53 220
53 418
53 204
53 362
53 299
53 235
53 64
53 80
53 234
53 335
54 135
54 287
54 222
54 223
54 343
54 100
54 271
54 407
54 113
54 249
54 179
54 289
54 361
54 273
54 208
54 403
54 66
54 259
54 124
54 184
54 348
54 285
54 315
54 445
54 355
54 426
54 182
54 109
54 265
55 167
55 185
55 102
55 458
55 178
55 218
55 362
55 71
55 251
55 155
55 223
55 166
55 402
55 336
55 209
55 416
55 377
55 276
55 361
55 448
55 446
55 191
55 388
55 180
55 231
55 267
55 247
55 444
56 227
56 63
56 75
56 259
56 205
56 315
56 176
56 61
56 454
56 293
56 493
56 166
56 317
56 281
56 297
56 253
56 422
56 130
56 269
56 96
56 146
56 274
56 354
56 443
56 179
56 481
56 279
56 383
56 109
56 230
56 368
57 150
57 343
57 488
57 72
57 383
57 136
57 342
57 179
57 356
57 282
57 64
57 65
57 298
57 487
57 394
57 406
57 169
57 405
57 156
57 87
57 184
57 479
57 263
57 451
57 213
57 148
57 93
57 209
57 259
57 181
57 140
57 469
57 239
57 218
57 333
58 335
58 228
58 260
58 87
58 73
58 296
58 278
58 277
58 104
58 453
58 283
58 332
58 463
58 248
58 351
58 80
58 218
58 387
58 182
58 467
59 316
59 449
59 91
59 471
59 133
59 245
59 218
59 148
59 144
59 473
59 86
59 230
59 139
59 395
59 398
59 425
59 199
59 134
59 438
59 63
59 111
59 455
59 146
59 480
59 185
59 184
59 274
59 145
59 162
59 93
60 220
60 115
60 268
60 171
60 333
60 415
60 439
60 75
60 346
60 352
60 331
60 83
60 329
60 206
60 488
60 235
60 392
60 449
60 143
60 81
60 96
60 157
60 65
60 222
60 409
60 447
60 470
60 379
60 427
60 342
60 184
60 262
60 78
60 283
60 159
60 164
60 138
60 149
60 389
61 306
61 260
61 299
61 395
61 118
61 188
61 115
61 272
61 269
61 377
61 81
61 369
61 368
61 249
61 191
61 279
61 206
61 451
61 114
61 142
61 428
61 146
61 150
61 437
61 280
61 454
61 127
61 149
61 193
61 468
61 247
61 254
61 124
61 165
62 116
62 316
62 141
62 174
62 400
62 176
62 67
62 247
62 262
62 450
62 167
62 470
62 210
62 278
62 458
62 75
62 287
62 300
62 258
62 119
62 371
62 430
62 474
62 451
62 219
62 418
62 395
62 268
62 128
62 160
62 163
62 447
62 74
62 370
62 296
62 440
63 440
63 189
63 302
63 255
63 470
63 259
63 481
63 159
63 456
63 308
63 400
63 356
63 487
63 320
63 299
63 82
63 186
63 404
63 174
63 304
63 395
63 438
63 442
63 279
63 464
63 497
63 473
63 450
63 325
63 113
63 280
63 424
63 181
63 246
63 296
63 138
63 346
63 262
63 197
63 375
63 463
64 81
64 295
64 329
64 437
64 141
64 108
64 390
64 253
64 318
64 482
64 222
64 396
64 170
64 405
64 116
64 440
64 248
64 465
64 457
64 87
64 304
64 84
64 238
64 435
64 324
64 371
64 404
64 86
64 73
64 234
64 282
64 314
64 291
64 118
64 138
64 266
64 311
65 75
65 466
65 486
65 316
65 238
65 77
65 228
65 215
65 320
65 220
65 333
65 93
65 138
65 414
65 254
65 403
65 349
65 330
65 204
65 484
65 438
65 447
65 455
65 178
65 429
65 393
65 156
65 222
65 487
66 79
66 130
66 235
66 485
66 425
66 198
66 413
66 486
66 238
66 444
66 239
66 449
66 465
66 120
66 92
66 376
66 103
66 226
66 491
66 490
66 209
66 405
66 145
66 361
66 476
66 323
66 283
66 482
66 451
66 362
66 336
66 93
66 433
66 459
66 331
67 229
67 215
67 305
67 447
67 84
67 392
67 145
67 335
67 427
67 464
67 325
67 179
67 184
67 190
67 493
67 264
67 429
67 273
67 414
67 463
67 202
67 188
67 307
67 292
67 128
67 284
67 133
67 185
67 388
67 242
67 81
67 477
67 357
67 298
67 135
67 139
67 405
68 491
68 372
68 259
68 96
68 112
68 179
68 287
68 336
68 115
68 375
68 189
68 143
68 192
68 162
68 76
68 270
68 127
68 141
68 318
68 268
68 398
68 265
68 435
68 101
68 452
68 239
69 449
69 190
69 414
69 89
69 334
69 141
69 143
69 125
69 267
69 248
69 217
69 413
69 150
69 340
69 338
69 273
69 406
69 348
69 157
69 82
69 357
69 187
69 305
69 182
69 260
69 400
69 361
69 79
69 455
69 350
69 337
69 90
69 312
69 427
69 139
70 304
70 149
70 376
70 472
70 341
70 359
70 120
70 321
70 448
70 477
70 387
70 276
70 183
70 81
70 364
70 415
70 393
70 481
70 88
70 260
70 349
70 479
70 440
70 425
70 97
70 165
70 255
70 123
70 175
70 224
70 476
70 301
70 487
70 215
70 100
70 338
70 248
71 430
71 144
71 238
71 195
71 420
71 267
71 324
71 291
71 125
71 327
71 356
71 397
71 431
71 335
71 398
71 282
71 413
71 98
71 295
71 101
71 213
71 236
71 112
71 258
71 348
71 254
71 124
71 450
72 400
72 101
72 415
72 120
72 300
72 371
72 263
72 321
72 410
72 376
72 265
72 490
72 286
72 141
72 107
72 234
72 421
72 303
72 356
72 397
72 405
72 110
72 427
72 304
72 388
72 132
73 481
73 381
73 162
73 279
73 273
73 344
73 349
73 488
73 98
73 364
73 296
73 306
73 95
73 142
73 419
73 111
73 484
73 181
73 174
73 86
73 115
73 377
73 478
73 391
73 382
74 321
74 248
74 322
74 133
74 362
74 285
74 270
74 227
74 193
74 192
74 247
74 78
74 214
74 152
74 300
74 413
74 412
74 276
74 419
74 183
74 343
74 162
74 424
74 172
74 275
74 397
74 259
74 381
74 264
74 141
74 385
74 204
75 445
75 239
75 234
75 98
75 367
75 113
75 460
75 79
75 492
75 131
75 124
75 197
75 86
75 142
75 130
75 206
75 403
75 96
75 406
75 204
75 209
75 136
75 358
75 419
75 243
76 431
76 306
76 250
76 274
76 80
76 173
76 418
76 217
76 135
76 225
76 139
76 207
76 280
76 253
76 232
76 471
76 318
76 272
76 333
76 364
76 428
76 130
76 462
76 221
76 182
76 445
76 279
77 281
77 435
77 397
77 180
77 458
77 117
77 289
77 415
77 185
77 305
77 492
77 96
77 229
77 248
77 463
77 361
77 315
77 91
77 437
77 282
78 281
78 303
78 183
78 177
78 239
78 131
78 114
78 137
78 271
78 469
78 341
78 322
78 414
78 323
78 385
78 438
78 231
78 457
78 86
78 217
78 405
78 143
78 325
78 496
78 301
78 470
78 214
78 116
78 260
78 140
78 241
79 254
79 337
79 351
79 384
79 137
79 452
79 403
79 295
79 222
79 215
79 342
79 160
79 225
79 280
79 129
79 208
79 473
79 180
79 212
79 102
79 178
79 186
79 319
79 394
79 199
79 89
79 174
79 282
79 138
79 391
79 111
80 106
80 295
80 363
80 294
80 87
80 111
80 188
80 349
80 484
80 374
80 285
80 412
80 485
80 154
80 376
80 246
80 314
80 437
80 421
80 320
80 340
80 156
80 287
80 263
80 367
80 261
80 189
80 200
80 395
80 441
80 316
80 313
81 363
81 202
81 121
81 87
81 450
81 471
81 114
81 461
81 107
81 423
81 288
81 334
81 118
81 328
81 224
81 199
81 278
81 116
81 237
81 240
81 275
81 472
81 405
81 133
81 239
81 169
81 296
81 397
81 228
81 458
81 286
82 396
82 123
82 224
82 475
82 298
82 245
82 165
82 193
82 449
82 104
82 175
82 351
82 336
82 363
82 433
82 492
82 268
82 394
82 143
82 341
82 303
82 236
82 198
82 335
82 223
82 319
82 227
82 387
82 212
82 249
82 421
82 273
82 84
82 111
82 220
82 361
83 237
83 121
83 483
83 236
83 445
83 327
83 144
83 204
83 171
83 134
83 385
83 364
83 493
83 99
83 129
83 301
83 468
83 195
83 316
83 273
83 279
83 244
83 466
83 138
83 141
83 95
83 142
83 231
83 181
83 266
84 91
84 486
84 154
84 421
84 226
84 361
84 390
84 98
84 170
84 453
84 290
84 446
84 231
84 432
84 492
84 136
84 312
84 209
84 86
84 300
84 447
84 365
84 308
84 412
84 157
84 398
84 233
84 436
84 483
84 333
84 271
84 470
84 431
84 448
84 404
84 175
84 133
85 297
85 418
85 97
85 417
85 270
85 307
85 239
85 153
85 313
85 238
85 428
85 364
85 464
85 277
85 318
85 429
85 143
85 343
85 98
85 442
85 192
85 290
85 324
85 175
85 259
85 188
85 108
85 136
86 235
86 134
86 391
86 249
86 462
86 460
86 497
86 356
86 382
86 494
86 311
86 207
86 417
86 180
86 332
86 300
86 92
86 112
86 421
86 242
86 362
86 463
86 274
86 331
86 201
87 496
87 431
87 314
87 162
87 252
87 318
87 99
87 156
87 483
87 219
87 109
87 396
87 406
87 308
87 459
87 298
87 335
87 287
87 258
87 271
87 414
87 238
87 290
87 189
87 282
87 122
87 250
87 131
87 147
87 433
87 126
87 137
87 497
87 202
87 139
87 499
87 241
88 458
88 104
88 156
88 360
88 174
88 258
88 417
88 117
88 127
88 243
88 206
88 412
88 277
88 381
88 304
88 464
88 336
88 452
88 407
88 171
88 366
88 272
88 252
88 329
88 394
88 121
88 237
88 460
89 294
89 98
89 431
89 116
89 337
89 138
89 427
89 387
89 482
89 433
89 440
89 442
89 120
89 124
89 207
89 248
89 135
89 291
89 213
89 375
89 463
89 121
90 217
90 337
90 193
90 498
90 488
90 192
90 441
90 435
90 106
90 181
90 186
90 346
90 160
90 410
90 162
90 371
90 433
90 312
90 404
90 220
90 241
90 102
90 307
90 179
90 268
90 204
90 185
90 356
90 442
90 308
90 198
91 143
91 347
91 421
91 142
91 97
91 197
91 457
91 476
91 473
91 383
91 141
91 346
91 482
91 111
91 450
91 300
91 123
91 489
91 204
91 422
91 465
91 445
91 373
91 94
91 331
91 269
92 354
92 360
92 288
92 103
92 351
92 451
92 224
92 497
92 447
92 191
92 420
92 210
92 97
92 430
92 381
92 112
92 292
92 463
92 231
92 119
92 400
92 98
92 466
93 215
93 305
93 418
93 332
93 116
93 120
93 446
93 246
93 95
93 480
93 163
93 207
93 354
93 186
93 335
93 373
93 345
93 277
93 449
93 416
93 380
93 127
93 319
93 137
93 237
93 236
93 455
94 402
94 132
94 406
94 216
94 300
94 297
94 473
94 488
94 314
94 194
94 218
94 199
94 357
94 228
94 147
94 236
94 281
94 389
94 292
94 316
94 244
95 383
95 99
95 195
95 236
95 452
95 134
95 281
95 420
95 239
95 471
95 166
95 307
95 187
95 216
95 362
95 405
95 104
95 426
95 330
95 172
95 397
95 350
95 127
95 475
95 235
95 381
95 462
95 491
95 177
95 103
95 257
96 144
96 166
96 467
96 201
96 383
96 443
96 276
96 233
96 128
96 355
96 401
96 241
96 468
96 492
96 337
96 226
96 288
96 177
96 454
96 259
96 281
96 227
96 219
96 326
96 183
96 170
96 304
96 250
96 174
96 396
96 336
96 435
96 285
96 168
96 185
96 126
96 476
97 184
97 372
97 231
97 259
97 481
97 383
97 305
97 261
97 355
97 492
97 245
97 255
97 378
97 213
97 498
97 316
97 325
97 354
97 195
97 148
97 430
97 363
97 452
97 205
97 323
97 357
97 410
97 469
97 419
97 315
97 295
97 319
97 398
97 299
97 360
97 177
98 447
98 451
98 359
98 349
98 356
98 462
98 472
98 222
98 243
98 416
98 132
98 223
98 173
98 446
98 387
98 269
98 399
98 495
98 175
99 489
99 288
99 383
99 368
99 387
99 130
99 483
99 183
99 471
99 164
99 485
99 281
99 456
99 367
99 404
99 314
99 388
99 391
99 364
99 396
99 326
99 320
99 429
99 169
99 111
99 449
99 390
99 109
99 143
99 112
99 363
99 311
99 283
99 357
100 499
100 316
100 222
100 327
100 351
100 378
100 458
100 114
100 449
100 335
100 175
100 109
100 173
100 155
100 279
100 385
100 491
100 461
100 107
100 291
100 273
100 347
100 407
100 433
101 255
101 375
101 356
101 123
101 402
101 147
101 109
101 373
101 466
101 288
101 144
101 451
101 351
101 131
101 424
101 374
101 331
101 376
101 349
101 133
101 323
102 214
102 301
102 460
102 364
102 306
102 237
102 155
102 420
102 335
102 267
102 172
102 462
102 426
102 116
102 499
102 393
102 169
102 477
102 202
102 176
102 135
103 428
103 180
103 215
103 159
103 277
103 209
103 451
103 203
103 462
103 315
103 321
103 385
103 222
103 246
103 492
103 312
103 481
103 319
103 293
103 155
103 152
103 115
103 386
103 317
103 181
103 318
103 228
103 352
104 397
104 325
104 172
104 150
104 157
104 349
104 490
104 274
104 324
104 264
104 129
104 165
104 312
104 456
104 288
104 278
104 340
104 314
104 394
104 342
104 435
104 467
104 413
104 398
104 319
104 247
104 440
104 299
105 302
105 446
105 447
105 424
105 290
105 345
105 262
105 201
105 190
105 414
105 279
105 256
105 468
105 233
105 124
105 110
105 217
105 350
105 337
105 443
105 456
105 144
105 328
105 299
105 429
105 273
105 295
105 123
106 450
106 124
106 277
106 385
106 248
106 198
106 287
106 233
106 292
106 222
106 215
106 325
106 276
106 219
106 210
106 470
106 123
106 392
106 263
106 381
106 447
106 232
106 474
106 133
106 319
106 231
106 278
106 464
107 427
107 383
107 140
107 196
107 204
107 157
107 181
107 114
107 419
107 313
107 370
107 468
107 258
107 299
107 397
107 111
107 490
108 320
108 441
108 254
108 489
108 216
108 261
108 275
108 113
108 428
108 285
108 145
108 268
108 265
108 264
108 231
108 177
108 391
108 141
108 240
108 397
108 452
108 202
108 204
109 370
109 480
109 211
109 421
109 447
109 488
109 489
109 303
109 181
109 440
109 299
109 407
109 360
109 408
109 252
109 414
109 288
109 161
109 186
109 230
109 443
109 261
109 152
109 384
109 220
109 331
109 267
110 483
110 467
110 444
110 155
110 288
110 429
110 234
110 392
110 370
110 286
110 168
110 445
110 247
110 328
110 330
110 131
110 315
110 281
110 338
110 218
110 142
110 498
110 339
110 316
110 376
110 296
110 353
110 170
110 351
110 472
110 209
110 450
110 312
110 479
111 262
111 431
111 453
111 446
111 138
111 113
111 114
111 416
111 392
111 377
111 380
111 353
111 221
111 375
111 127
111 314
111 413
111 167
111 462
111 299
111 450
111 266
112 351
112 437
112 449
112 268
112 314
112 390
112 221
112 197
112 320
112 237
112 300
112 142
112 423
112 439
112 430
112 115
112 304
112 174
112 484
112 151
112 468
112 353
112 389
112 352
112 292
112 235
112 391
112 233
113 196
113 166
113 386
113 404
113 154
113 202
113 170
113 122
113 163
113 165
113 259
113 457
113 273
113 300
113 275
113 469
113 171
113 236
113 445
113 248
113 176
113 350
113 301
113 327
113 476
113 442
113 471
113 139
113 242
114 349
114 223
114 239
114 356
114 201
114 169
114 477
114 261
114 255
114 355
114 491
114 293
114 165
114 321
114 473
114 346
114 401
114 372
114 222
115 462
115 362
115 495
115 409
115 436
115 373
115 317
115 383
115 313
115 122
115 132
115 191
115 346
115 361
115 283
115 470
115 185
115 120
115 396
115 355
115 445
115 287
115 202
115 240
115 360
115 453
115 440
115 375
115 227
116 269
116 372
116 399
116 417
116 292
116 449
116 330
116 254
116 452
116 314
116 147
116 337
116 143
116 132
116 359
116 480
116 230
116 207
116 446
116 411
116 127
116 463
116 174
116 316
116 258
116 424
116 282
116 275
116 418
116 213
117 240
117 460
117 281
117 472
117 401
117 407
117 156
117 300
117 129
117 220
117 148
117 451
117 425
117 149
117 347
117 282
117 163
117 278
117 475
117 127
117 146
117 249
117 359
117 369
117 325
117 452
117 310
117 364
117 486
118 267
118 313
118 281
118 389
118 228
118 122
118 490
118 386
118 161
118 127
118 437
118 355
118 331
118 324
118 145
118 329
118 219
118 140
118 170
118 413
118 352
118 318
118 467
118 288
118 498
118 135
118 367
118 201
118 266
118 327
119 441
119 170
119 223
119 343
119 434
119 254
119 392
119 201
119 498
119 284
119 344
119 365
119 280
119 425
119 403
119 145
119 407
119 394
119 476
119 185
119 402
119 247
119 272
119 466
119 296
120 454
120 371
120 207
120 278
120 389
120 126
120 181
120 237
120 229
120 471
120 308
120 172
120 352
120 240
120 175
120 332
120 385
120 167
120 450
120 239
120 260
120 315
120 227
121 344
121 253
121 130
121 428
121 388
121 158
121 493
121 164
121 411
121 261
121 195
121 249
121 241
121 220
121 375
121 252
121 451
121 454
121 191
121 284
121 354
121 238
121 387
121 341
121 304
121 303
121 156
121 479
121 448
121 386
122 324
122 495
122 285
122 428
122 279
122 412
122 295
122 331
122 286
122 354
122 496
122 450
122 445
122 425
122 239
122 345
122 322
122 311
122 299
122 422
122 155
122 410
122 442
122 499
122 242
122 282
122 192
122 228
122 325
122 150
122 312
123 342
123 255
123 336
123 246
123 371
123 131
123 157
123 257
123 491
123 439
123 244
123 410
123 475
123 283
123 417
123 442
123 400
123 430
123 449
123 483
123 387
123 485
124 411
124 271
124 186
124 373
124 493
124 265
124 405
124 192
124 358
124 127
124 302
124 185
124 273
124 420
124 318
124 390
124 428
124 242
124 400
124 404
124 464
124 280
124 321
124 267
124 438
124 161
125 186
125 302
125 346
125 213
125 484
125 288
125 414
125 374
125 295
125 343
125 480
125 369
125 417
125 266
125 409
125 129
125 478
125 246
126 414
126 240
126 244
126 221
126 295
126 451
126 283
126 224
126 134
126 312
126 428
126 167
126 345
126 293
126 144
126 470
126 157
126 171
126 359
126 493
126 457
126 314
126 249
126 267
126 128
126 191
126 344
126 149
126 139
126 146
126 298
126 375
126 422
126 440
126 284
126 278
127 152
127 201
127 313
127 307
127 197
127 460
127 413
127 195
127 232
127 361
127 282
127 229
127 422
127 448
127 249
127 297
127 171
127 401
127 496
127 135
127 485
127 489
127 394
128 182
128 277
128 497
128 129
128 140
128 165
128 447
128 178
128 358
128 320
128 420
128 348
128 285
128 329
128 176
128 174
128 472
128 272
128 492
128 416
128 220
128 435
128 326
129 172
129 411
129 364
129 491
129 237
129 226
129 328
129 205
129 241
129 138
129 431
129 147
129 187
129 410
129 474
129 309
129 194
129 245
130 433
130 405
130 375
130 429
130 299
130 190
130 247
130 178
130 437
130 397
130 479
130 484
130 331
130 351
130 273
130 225
130 310
130 426
130 427
130 319
130 474
130 262
130 295
130 201
130 194
130 157
130 493
130 394
131 189
131 158
131 456
131 432
131 236
131 245
131 243
131 214
131 331
131 392
131 377
131 464
131 227
131 468
131 143
131 360
131 281
131 207
131 218
131 444
131 301
131 489
131 417
131 479
131 389
132 487
132 265
132 350
132 458
132 143
132 415
132 461
132 439
132 182
132 267
132 233
132 479
132 237
132 498
132 166
132 371
132 469
132 163
132 134
132 277
132 331
132 490
132 157
132 260
133 163
133 422
133 495
133 352
133 326
133 257
133 187
133 265
133 438
133 491
133 415
133 227
133 309
133 394
133 439
133 385
133 250
133 389
133 231
133 170
133 332
133 242
133 210
133 403
133 204
133 480
134 337
134 259
134 404
134 411
134 397
134 207
134 204
134 186
134 467
134 171
134 338
134 294
134 174
134 388
134 375
134 478
134 240
134 345
134 151
134 227
134 254
134 472
134 264
134 425
134 339
134 451
134 482
135 242
135 476
135 346
135 261
135 285
135 374
135 461
135 258
135 465
135 136
135 218
135 442
135 438
135 425
135 388
135 414
135 339
135 225
135 322
135 384
135 179
135 390
135 297
135 145
135 305
135 413
136 179
136 229
136 276
136 290
136 168
136 338
136 182
136 262
136 195
136 347
136 354
136 416
136 191
136 320
136 342
136 225
136 362
136 329
136 155
136 218
136 358
136 453
136 242
136 474
137 346
137 262
137 269
137 369
137 154
137 273
137 426
137 424
137 191
137 390
137 310
137 367
137 337
137 216
137 284
137 142
137 286
137 394
137 465
137 297
137 317
137 149
137 155
137 153
137 253
137 404
138 261
138 391
138 308
138 245
138 445
138 345
138 258
138 188
138 310
138 192
138 256
138 158
138 394
138 484
138 428
138 152
138 175
138 324
138 231
138 486
138 467
138 200
138 149
138 389
138 278
138 343
138 300
138 212
138 441
138 170
138 163
138 263
138 335
138 277
138 399
139 479
139 269
139 191
139 258
139 238
139 387
139 464
139 201
139 423
139 289
139 237
139 239
139 323
139 147
139 293
139 417
139 307
139 390
139 181
139 333
139 157
139 300
139 261
139 319
139 320
139 317
140 253
140 291
140 433
140 398
140 176
140 484
140 413
140 300
140 440
140 312
140 346
140 269
140 389
140 278
140 496
140 415
140 338
140 285
140 276
140 258
140 461
140 357
140 347
140 230
140 442
140 331
140 247
140 207
140 349
141 359
141 370
141 215
141 295
141 343
141 406
141 465
141 234
141 318
141 347
141 418
141 222
141 156
141 211
141 213
141 302
141 412
141 288
141 286
141 263
141 366
141 383
141 250
141 456
141 451
142 435
142 150
142 181
142 201
142 378
142 391
142 481
142 336
142 200
142 174
142 403
142 470
142 160
142 475
142 317
142 465
142 352
142 430
142 190
142 212
142 372
142 243
142 170
142 196
142 247
142 172
142 432
143 223
143 482
143 384
143 273
143 353
143 490
143 440
143 460
143 232
143 346
143 177
143 399
143 260
143 309
143 412
143 297
143 407
143 497
143 281
143 499
144 316
144 364
144 185
144 389
144 204
144 329
144 280
144 184
144 459
144 368
144 455
144 298
144 366
144 221
144 355
144 423
144 464
144 233
144 262
144 469
144 460
144 421
144 410
144 392
144 491
144 439
144 164
144 211
144 468
144 448
144 156
144 350
145 253
145 413
145 417
145 188
145 219
145 235
145 298
145 287
145 443
145 277
145 157
145 288
145 398
145 373
145 214
145 478
145 457
145 441
145 426
145 362
145 387
145 377
145 431
145 361
145 233
146 328
146 301
146 166
146 304
146 184
146 263
146 352
146 334
146 437
146 203
146 307
146 213
146 288
146 204
146 499
146 317
146 202
146 452
146 303
146 314
146 421
146 196
147 437
147 248
147 335
147 485
147 365
147 447
147 150
147 227
147 495
147 294
147 201
147 348
147 374
147 301
147 202
147 441
147 421
147 299
147 339
147 364
147 462
147 180
148 183
148 486
148 485
148 425
148 201
148 264
148 337
148 279
148 366
148 272
148 326
148 177
148 307
148 334
148 324
148 354
148 287
148 188
148 189
148 491
148 385
148 199
148 450
148 453
148 397
149 347
149 459
149 482
149 216
149 484
149 433
149 321
149 425
149 403
149 498
149 351
149 381
149 437
149 194
149 371
150 204
150 473
150 485
150 328
150 362
150 180
150 357
150 389
150 309
150 461
150 336
150 269
150 425
150 287
150 484
150 423
150 273
150 196
150 358
150 275
150 386
150 181
150 285
150 232
150 259
150 214
150 483
150 394
150 385
150 479
151 448
151 193
151 460
151 258
151 494
151 256
151 360
151 176
151 391
151 283
151 365
151 237
151 203
151 330
151 208
151 437
151 443
151 444
151 396
151 187
151 456
151 358
151 210
151 198
151 292
151 158
151 459
151 254
151 435
151 300
151 240
151 289
151 328
152 310
152 279
152 323
152 273
152 341
152 283
152 231
152 493
152 373
152 429
152 241
152 233
152 390
152 319
152 410
152 229
152 346
152 322
152 230
152 477
152 264
152 400
152 265
152 433
152 368
152 302
152 349
153 419
153 324
153 327
153 338
153 282
153 301
153 398
153 198
153 176
153 312
153 466
153 254
153 405
153 490
153 483
153 447
153 377
153 323
153 383
153 269
154 469
154 365
154 268
154 242
154 426
154 490
154 462
154 294
154 453
154 169
154 157
154 308
154 375
154 239
154 226
154 221
154 476
154 436
154 404
154 472
155 315
155 365
155 258
155 446
155 341
155 230
155 257
155 224
155 235
155 343
155 345
155 408
155 335
155 419
155 180
155 392
155 293
155 179
155 298
155 242
156 433
156 194
156 233
156 342
156 407
156 491
156 172
156 334
156 465
156 328
156 192
156 313
156 368
156 289
156 245
156 449
156 362
156 212
156 472
156 246
157 206
157 409
157 326
157 382
157 210
157 273
157 464
157 356
157 350
157 257
157 466
157 240
157 471
157 162
157 278
157 497
157 463
157 258
157 419
158 361
158 262
158 187
158 497
158 482
158 320
158 486
158 461
158 477
158 353
158 174
158 216
158 490
158 254
158 164
158 475
158 418
158 278
159 171
159 206
159 426
159 316
159 214
159 466
159 461
159 484
159 301
159 473
159 209
159 329
159 490
159 247
159 427
159 481
159 267
159 210
159 485
159 418
159 395
159 197
159 378
159 238
159 304
159 455
159 259
160 407
160 433
160 299
160 383
160 234
160 436
160 414
160 236
160 190
160 345
160 260
160 320
160 457
160 387
160 292
160 420
160 230
160 256
160 275
160 418
160 466
160 385
160 245
160 448
160 447
161 209
161 219
161 234
161 396
161 387
161 295
161 448
161 477
161 379
161 383
161 478
161 183
161 457
161 418
161 413
161 394
161 192
161 495
162 217
162 171
162 215
162 201
162 480
162 270
162 394
162 231
162 226
162 295
162 273
162 299
162 367
162 296
162 279
162 353
162 420
162 395
162 184
162 304
162 495
162 411
162 359
162 322
162 423
162 317
162 320
162 391
162 339
162 488
162 390
162 409
162 309
162 167
163 474
163 417
163 326
163 321
163 415
163 482
163 214
163 486
163 236
163 298
163 304
163 267
163 199
163 427
163 325
164 176
164 244
164 435
164 466
164 243
164 223
164 402
164 179
164 214
164 381
164 284
164 314
164 416
164 354
164 392
164 348
164 267
164 173
164 339
164 340
164 322
165 396
165 488
165 194
165 204
165 385
165 250
165 254
165 186
165 178
165 166
165 175
165 414
165 497
165 198
165 296
165 392
165 476
165 324
165 399
165 213
165 264
165 298
165 362
165 315
165 450
165 181
165 227
165 429
165 447
166 416
166 378
166 384
166 379
166 450
166 278
166 343
166 382
166 212
166 197
166 285
166 397
166 336
166 265
166 440
166 485
166 434
166 487
166 179
166 365
166 432
166 423
167 381
167 259
167 480
167 291
167 200
167 201
167 261
167 382
167 479
167 410
167 441
167 272
167 287
167 420
167 375
167 399
167 277
167 461
167 220
167 424
167 386
167 213
167 227
167 271
167 350
168 456
168 482
168 372
168 338
168 214
168 434
168 440
168 462
168 315
168 363
168 421
168 410
168 182
168 297
168 289
168 480
168 477
168 448
168 227
169 444
169 352
169 397
169 407
169 323
169 372
169 374
169 381
169 309
169 281
169 235
169 180
169 250
169 396
169 470
169 291
169 179
169 320
169 486
169 321
169 431
169 338
169 211
170 307
170 447
170 403
170 299
170 473
170 353
170 320
170 206
170 432
170 300
170 430
170 228
170 305
170 446
170 358
170 251
170 376
170 235
170 397
171 197
171 214
171 328
171 236
171 175
171 407
171 220
171 454
171 228
171 386
171 370
171 223
171 488
171 218
171 311
171 302
172 189
172 175
172 173
172 485
172 376
172 389
172 440
172 209
172 349
172 380
172 419
172 399
172 473
172 499
172 479
172 238
172 252
172 406
172 428
172 397
172 422
172 286
172 436
172 188
172 353
173 453
173 270
173 432
173 380
173 367
173 480
173 314
173 386
173 340
173 358
173 262
173 189
173 362
173 303
173 474
173 353
173 415
173 361
173 273
173 177
174 243
174 329
174 474
174 471
174 401
174 221
174 411
174 188
174 391
174 190
174 465
174 184
174 434
174 385
174 486
174 327
174 464
174 323
174 213
174 449
174 304
174 318
175 328
175 268
175 310
175 365
175 394
175 244
175 391
175 232
175 433
175 339
175 260
175 471
175 305
175 428
175 220
175 437
175 183
175 473
175 248
175 298
175 478
175 383
175 217
175 201
175 441
176 263
176 407
176 229
176 282
176 207
176 332
176 380
176 377
176 264
176 296
176 383
176 341
176 369
176 271
176 496
176 414
176 370
176 423
176 286
176 278
176 357
176 240
176 498
177 414
177 179
177 346
177 321
177 462
177 212
177 474
177 219
177 300
177 209
177 434
177 317
177 418
177 356
177 178
177 407
177 473
177 364
177 200
177 359
177 292
177 353
177 399
177 282
177 494
178 415
178 200
178 245
178 442
178 436
178 269
178 286
178 265
178 491
178 203
178 404
178 312
178 395
178 273
178 389
178 384
178 374
178 496
178 401
178 195
178 307
178 198
178 448
178 437
179 393
179 350
179 259
179 454
179 490
179 392
179 377
179 370
179 317
179 312
179 192
179 225
179 442
179 256
179 265
179 266
179 252
179 488
179 494
179 213
179 422
180 195
180 473
180 283
180 340
180 370
180 234
180 441
180 230
180 376
180 278
180 466
180 228
180 181
180 255
180 330
180 242
180 488
180 442
180 300
180 218
180 369
180 388
180 219
180 233
180 279
180 273
180 464
180 416
181 217
181 466
181 218
181 311
181 377
181 282
181 255
181 322
181 395
181 306
181 257
181 427
181 338
181 292
182 469
182 451
182 422
182 243
182 317
182 384
182 237
182 262
182 456
182 455
182 442
182 330
182 200
182 223
182 445
182 377
182 315
182 268
182 253
182 207
182 311
182 441
182 300
182 411
182 385
182 472
182 245
183 229
183 404
183 243
183 397
183 220
183 435
183 261
183 202
183 353
183 481
183 287
183 378
183 227
183 284
183 264
183 323
183 201
183 194
184 469
184 365
184 185
184 438
184 325
184 313
184 449
184 190
184 395
184 287
184 428
184 434
184 405
184 321
184 397
184 324
184 456
184 490
184 491
184 214
184 351
184 309
184 299
184 475
184 329
184 432
184 401
185 352
185 312
185 381
185 251
185 442
185 474
185 462
185 363
185 254
185 485
185 480
185 290
185 310
185 240
185 204
185 419
185 416
185 258
185 239
185 243
185 491
185 414
185 296
185 383
186 197
186 415
186 273
186 327
186 337
186 448
186 295
186 292
186 299
186 192
186 203
186 345
186 442
186 392
186 245
186 437
186 296
187 463
187 304
187 458
187 364
187 361
187 335
187 227
187 342
187 238
187 221
187 300
187 484
187 356
187 341
187 355
187 393
187 465
187 299
187 392
187 475
187 252
187 326
187 387
187 215
187 303
187 217
187 337
187 379
188 344
188 478
188 341
188 249
188 381
188 308
188 297
188 458
188 339
188 382
188 235
188 247
188 299
188 242
188 211
188 317
188 226
188 349
188 208
188 350
188 430
188 294
189 338
189 247
189 245
189 206
189 367
189 376
189 434
189 363
189 197
189 384
189 218
189 394
189 334
189 290
189 404
189 346
189 397
189 368
189 321
190 280
190 438
190 475
190 206
190 321
190 383
190 446
190 421
190 391
190 420
190 283
190 300
190 298
190 489
190 224
190 493
190 424
190 342
190 460
190 253
190 214
190 215
190 204
190 320
190 405
191 207
191 482
191 267
191 415
191 378
191 484
191 393
191 356
191 200
191 342
191 227
191 213
191 282
191 193
191 251
191 442
192 361
192 391
192 370
192 318
192 285
192 335
192 357
192 493
192 326
192 303
192 292
192 313
192 471
192 409
192 222
192 242
192 286
192 346
192 290
192 479
192 325
192 485
192 360
192 347
192 494
192 411
193 197
193 429
193 207
193 337
193 490
193 308
193 386
193 287
193 400
193 331
193 315
193 325
193 443
193 268
194 260
194 402
194 462
194 331
194 325
194 308
194 310
194 360
194 238
194 450
194 279
194 197
194 444
194 465
194 246
194 205
194 351
194 240
194 320
194 489
194 420
194 228
194 486
194 373
195 236
195 477
195 289
195 408
195 447
195 452
195 365
195 392
195 427
195 390
195 373
195 275
195 434
195 454
195 422
195 296
195 361
195 301
196 430
196 274
196 397
196 431
196 483
196 197
196 303
196 410
196 329
196 484
196 211
196 418
196 387
196 453
196 375
196 470
196 369
196 492
196 299
196 479
197 440
197 370
197 216
197 268
197 495
197 269
197 401
197 331
197 396
197 467
197 442
197 478
197 206
197 482
197 212
197 454
197 436
197 308
198 360
198 311
198 222
198 296
198 496
198 276
198 493
198 380
198 376
198 415
198 385
198 279
198 457
198 397
198 351
198 303
198 299
198 359
198 217
198 223
199 462
199 240
199 280
199 283
199 472
199 319
199 498
199 494
199 429
199 447
199 414
199 286
199 435
199 333
199 409
199 440
199 393
199 210
199 399
199 390
199 404
199 407
199 405
199 266
199 364
199 482
199 314
199 448
199 361
199 239
199 346
199 397
199 293
199 446
200 267
200 294
200 260
200 217
200 276
200 454
200 330
200 379
200 325
200 487
200 239
200 496
200 335
200 382
200 383
200 429
200 205
200 499
200 428
200 308
200 489
200 263
200 398
200 228
200 347
201 475
201 212
201 493
201 463
201 438
201 282
201 227
201 403
201 303
201 322
201 477
201 295
201 414
201 272
201 341
201 219
201 244
201 459
201 298
201 209
201 233
202 322
202 359
202 368
202 365
202 272
202 361
202 284
202 455
202 311
202 374
202 492
202 300
202 313
202 320
202 334
203 223
203 269
203 486
203 270
203 350
203 296
203 222
203 490
203 418
203 339
203 348
203 276
203 210
203 376
203 366
203 481
203 338
203 473
203 408
203 275
203 482
203 475
203 354
203 413
203 285
203 427
203 433
204 391
204 434
204 366
204 490
204 487
204 486
204 249
204 222
204 322
204 488
204 286
204 232
204 406
204 303
204 373
204 304
204 229
204 245
204 375
204 239
205 222
205 233
205 313
205 486
205 430
205 496
205 311
205 329
205 288
205 361
205 419
205 397
205 251
205 434
205 405
205 230
205 257
205 386
205 279
205 232
205 365
205 295
205 282
206 218
206 363
206 324
206 431
206 438
206 233
206 436
206 481
206 269
206 412
206 417
206 498
206 441
206 487
206 385
206 264
206 386
206 217
206 371
206 245
206 480
206 422
206 407
206 384
206 473
206 477
206 291
207 237
207 394
207 486
207 429
207 358
207 332
207 282
207 286
207 249
207 381
207 216
207 345
207 470
207 325
207 271
207 466
207 360
208 302
208 332
208 425
208 262
208 291
208 444
208 357
208 350
208 416
208 297
208 403
208 270
208 278
208 330
208 250
208 495
208 415
208 402
208 272
208 299
209 214
209 252
209 453
209 323
209 272
209 259
209 271
209 403
209 364
209 432
209 283
209 245
209 365
209 234
209 328
209 274
209 355
209 231
209 440
209 277
209 376
209 341
209 247
209 417
209 411
210 342
210 312
210 303
210 463
210 386
210 467
210 350
210 493
210 437
210 478
210 499
210 230
210 436
210 301
210 354
210 469
210 349
210 441
210 364
210 264
210 413
210 249
210 287
210 403
210 232
210 236
210 494
211 386
211 336
211 365
211 350
211 476
211 391
211 393
211 344
211 456
211 243
211 274
211 255
211 308
211 220
211 329
211 390
211 473
211 339
211 247
211 398
211 493
211 352
211 310
211 435
211 423
211 256
211 337
211 427
211 416
211 278
212 371
212 265
212 418
212 228
212 467
212 345
212 280
212 382
212 244
212 311
212 448
212 446
212 463
212 340
212 217
212 455
212 370
212 424
212 247
212 318
212 449
212 398
212 213
212 419
212 350
212 297
212 480
212 219
212 253
213 433
213 378
213 477
213 390
213 299
213 251
213 265
213 424
213 267
213 278
213 225
213 235
213 458
213 476
213 475
213 472
213 223
213 222
213 350
214 288
214 437
214 319
214 299
214 454
214 378
214 242
214 357
214 408
214 394
214 366
214 285
214 340
214 217
214 498
214 414
214 484
214 419
214 490
214 245
214 269
214 258
214 232
215 497
215 499
215 398
215 423
215 225
215 300
215 282
215 297
215 248
215 405
215 387
215 274
215 486
215 458
215 412
215 429
215 383
215 493
215 443
215 242
215 394
215 489
215 449
215 469
215 287
216 235
216 254
216 417
216 218
216 315
216 288
216 422
216 263
216 274
216 327
216 384
216 340
216 225
216 302
216 434
216 409
216 324
216 258
216 407
216 344
216 397
217 409
217 236
217 385
217 241
217 355
217 480
217 324
217 274
217 496
217 285
217 262
217 264
217 250
217 459
217 352
217 322
217 312
217 351
217 229
218 220
218 253
218 304
218 456
218 491
218 430
218 334
218 441
218 459
218 284
218 293
218 413
218 454
218 324
218 484
218 274
218 323
218 374
218 378
218 434
218 282
218 436
218 343
218 342
218 431
218 380
218 480
218 278
219 220
219 389
219 372
219 366
219 393
219 288
219 491
219 489
219 262
219 430
219 348
219 480
219 317
219 490
219 330
219 297
219 410
219 360
219 498
219 424
220 252
220 292
220 330
220 464
220 258
220 253
220 277
220 424
220 380
220 244
220 435
220 433
220 409
220 371
220 296
220 373
220 462
220 299
220 221
220 417
220 426
220 349
220 284
220 425
220 267
220 326
220 346
220 402
221 297
221 326
221 495
221 469
221 313
221 244
221 431
221 235
221 405
221 364
221 261
221 358
221 272
221 437
221 352
221 379
221 428
221 284
221 391
221 415
221 370
221 472
221 359
221 369
221 397
222 486
222 460
222 320
222 328
222 435
222 404
222 383
222 233
222 281
222 465
222 373
222 376
222 351
222 289
222 257
222 246
222 462
223 311
223 414
223 352
223 360
223 348
223 229
223 255
223 287
223 293
223 268
223 437
223 481
223 228
223 432
223 440
223 296
223 391
223 262
223 407
223 498
223 234
223 362
223 379
224 247
224 401
224 286
224 396
224 386
224 365
224 232
224 363
224 406
224 331
224 263
224 478
224 350
224 313
224 253
224 475
224 394
224 427
224 308
224 348
224 319
224 467
224 440
224 484
224 395
225 338
225 401
225 480
225 356
225 404
225 308
225 335
225 474
225 318
225 417
225 309
225 469
225 367
225 427
225 370
226 396
226 320
226 365
226 288
226 306
226 442
226 357
226 484
226 430
226 310
226 381
226 369
226 248
226 264
226 236
226 246
226 487
226 393
226 455
226 354
226 265
227 305
227 425
227 477
227 310
227 266
227 290
227 315
227 316
227 338
227 330
227 238
227 491
227 462
227 271
228 335
228 369
228 234
228 317
228 342
228 257
228 357
228 378
228 318
228 366
228 362
228 272
228 467
228 374
228 412
228 355
228 263
228 308
228 484
228 433
228 241
228 233
228 316
228 385
228 291
228 375
228 274
229 426
229 445
229 464
229 352
229 409
229 441
229 317
229 461
229 377
229 393
229 497
229 378
229 371
229 237
229 251
229 365
229 434
230 485
230 320
230 463
230 415
230 433
230 283
230 240
230 237
230 443
230 498
230 375
230 441
230 423
230 285
230 411
230 339
230 401
230 332
230 277
230 385
230 278
230 253
230 436
231 453
231 343
231 471
231 481
231 307
231 405
231 487
231 497
231 347
231 367
231 345
231 359
231 353
231 476
231 447
231 269
231 325
231 356
231 395
231 308
231 477
231 262
231 280
231 235
232 400
232 277
232 368
232 354
232 237
232 255
232 353
232 243
232 418
232 453
232 499
232 439
232 478
232 259
232 411
232 258
232 263
233 454
233 395
233 466
233 464
233 335
233 317
233 433
233 376
233 465
233 383
233 261
233 474
233 342
233 248
233 269
233 438
233 322
233 283
234 264
234 429
234 298
234 453
234 320
234 346
234 364
234 252
234 497
234 401
234 350
234 302
234 477
234 344
234 250
234 386
234 487
234 361
234 472
234 369
234 313
234 240
234 461
234 275
234 479
235 465
235 422
235 240
235 304
235 318
235 480
235 242
235 239
235 417
235 461
235 402
235 271
235 404
235 300
235 446
235 489
235 317
235 497
235 257
235 276
235 335
236 432
236 476
236 435
236 313
236 450
236 244
236 430
236 461
236 379
236 420
236 241
236 448
236 287
236 290
236 488
236 351
236 282
236 337
236 328
236 425
236 264
236 482
237 333
237 286
237 324
237 346
237 410
237 326
237 272
237 251
237 414
237 468
237 278
237 431
237 336
237 364
237 456
237 412
237 400
237 446
237 250
237 301
237 347
237 264
237 445
238 401
238 390
238 246
238 418
238 484
238 314
238 448
238 395
238 264
238 365
238 388
238 449
238 354
238 479
238 289
238 329
238 402
238 260
238 372
238 284
238 399
239 306
239 427
239 495
239 395
239 404
239 429
239 457
239 267
239 334
239 450
239 387
239 330
239 472
239 361
239 315
239 438
239 331
239 368
240 254
240 463
240 270
240 422
240 376
240 247
240 484
240 316
240 378
240 248
240 290
240 356
240 352
240 476
240 268
240 407
240 342
240 288
240 449
240 321
240 477
240 425
240 473
240 271
240 327
241 411
241 395
241 491
241 498
241 371
241 457
241 273
241 315
241 470
241 494
241 442
241 331
241 328
241 310
241 412
241 483
241 469
241 431
241 329
241 275
242 355
242 290
242 251
242 350
242 424
242 337
242 322
242 279
242 273
242 372
242 274
242 473
242 406
242 400
242 277
242 427
242 356
242 244
242 263
242 246
242 455
242 378
242 309
242 341
242 497
242 285
243 495
243 433
243 255
243 280
243 432
243 363
243 449
243 372
243 499
243 263
243 431
243 367
243 294
243 298
243 341
243 458
243 469
244 262
244 254
244 315
244 408
244 381
244 324
244 450
244 413
244 318
244 250
244 270
244 495
244 377
244 279
244 295
244 410
244 489
244 453
244 329
244 367
244 361
244 388
244 449
244 422
244 298
244 412
244 302
244 467
245 478
245 469
245 252
245 496
245 276
245 320
245 346
245 374
245 286
245 278
245 273
245 270
245 298
245 291
245 302
246 268
246 461
246 437
246 345
246 390
246 369
246 372
246 257
246 350
246 265
246 427
246 348
246 335
246 397
246 375
246 365
246 447
246 300
247 256
247 327
247 268
247 321
247 323
247 275
247 276
248 470
248 452
248 296
248 444
248 356
248 456
248 455
248 402
248 429
248 281
248 299
248 284
248 315
248 368
248 305
249 398
249 432
249 442
249 311
249 412
249 396
249 480
249 378
249 303
249 322
249 424
249 443
249 422
249 427
249 297
249 466
249 356
249 344
249 352
249 313
249 452
249 420
250 260
250 472
250 268
250 420
250 392
250 402
250 287
250 407
250 482
250 433
250 488
250 411
250 423
250 358
250 344
251 461
251 302
251 361
251 486
251 491
251 489
251 366
251 335
251 439
251 344
251 483
251 457
251 303
251 467
251 409
251 346
251 479
251 494
251 358
251 327
251 498
251 434
251 338
251 466
251 309
251 408
252 292
252 410
252 390
252 463
252 414
252 342
252 305
252 323
252 383
252 438
252 385
252 289
252 363
252 274
252 269
252 261
252 313
252 440
253 282
253 439
253 329
253 388
253 380
253 406
253 372
253 479
253 391
253 281
253 285
253 334
253 395
253 438
253 342
253 284
253 433
253 456
253 361
254 480
254 267
254 424
254 294
254 437
254 372
254 487
254 384
254 477
254 402
254 361
254 443
254 456
254 340
254 305
254 453
254 462
254 403
254 322
254 335
254 341
254 344
254 404
255 334
255 269
255 381
255 380
255 352
255 362
255 471
255 402
255 439
255 478
255 308
255 360
255 387
255 448
255 316
255 351
255 324
255 418
255 336
255 262
256 357
256 481
256 283
256 385
256 309
256 497
256 271
256 300
256 472
256 295
256 431
256 401
256 433
256 277
257 420
257 336
257 297
257 499
257 346
257 318
257 384
257 375
257 268
257 281
257 284
257 379
257 498
257 396
257 428
257 427
257 419
257 369
257 438
258 469
258 448
258 415
258 351
258 498
258 402
258 485
258 337
258 373
258 422
258 266
258 482
258 307
258 397
258 407
258 354
258 388
258 409
259 270
259 483
259 384
259 387
259 499
259 463
259 369
259 336
259 395
259 292
259 465
259 424
259 376
259 335
259 468
259 279
259 418
259 378
259 398
259 480
259 394
259 372
259 475
259 439
259 348
259 294
259 419
259 428
259 345
259 266
259 361
260 342
260 303
260 407
260 402
260 271
260 264
260 363
260 478
260 266
260 362
260 383
260 435
260 491
260 431
260 427
260 346
261 378
261 402
261 439
261 452
261 386
261 470
261 367
261 285
261 395
261 372
261 481
261 467
261 318
261 469
261 284
261 332
261 438
261 330
261 407
261 269
261 416
261 464
261 493
261 331
261 426
262 484
262 293
262 350
262 489
262 294
262 415
262 487
262 480
262 490
262 333
262 343
262 368
262 373
262 435
262 347
262 404
262 336
262 498
262 460
262 302
263 479
263 485
263 416
263 438
263 292
263 371
263 463
263 369
263 498
263 344
263 274
263 386
263 488
263 404
263 471
263 321
263 491
263 320
263 368
263 467
263 415
264 330
264 413
264 291
264 499
264 372
264 447
264 347
264 394
264 270
264 467
264 340
264 438
264 367
264 342
264 373
264 430
264 423
265 496
265 336
265 439
265 327
265 432
265 343
265 345
265 401
265 497
265 381
265 309
265 366
265 474
265 348
265 427
266 342
266 357
266 301
266 455
266 397
266 496
266 335
266 429
266 320
266 478
266 457
266 416
266 412
266 291
266 337
267 415
267 383
267 434
267 281
267 387
267 300
267 433
267 431
267 313
267 408
267 362
267 395
267 376
267 474
267 412
267 330
268 499
268 343
268 285
268 273
268 337
268 417
268 431
268 464
268 283
268 290
268 298
268 394
268 335
268 346
268 380
268 375
268 300
268 425
268 294
269 294
269 381
269 313
269 317
269 327
269 276
269 437
269 409
269 496
269 351
269 385
269 495
269 474
269 467
269 400
269 302
269 481
269 335
270 418
270 303
270 299
270 328
270 339
270 412
270 396
270 347
270 421
270 298
270 453
270 281
270 465
271 341
271 348
271 303
271 328
271 321
271 381
271 354
271 429
271 288
271 377
271 417
271 499
271 468
271 498
271 340
271 380
272 339
272 377
272 441
272 443
272 495
272 368
272 382
272 446
272 349
272 370
272 328
272 458
272 287
273 476
273 317
273 320
273 395
273 472
273 351
273 383
273 437
273 359
273 360
273 300
273 448
273 374
273 348
273 421
273 349
273 299
273 493
273 352
273 364
274 472
274 381
274 421
274 363
274 332
274 322
274 402
274 428
274 376
274 323
274 334
274 446
274 410
274 484
274 438
274 281
274 414
274 299
275 399
275 473
275 320
275 482
275 408
275 378
275 414
275 321
275 425
275 360
276 407
276 440
276 412
276 341
276 478
276 495
276 450
276 474
276 368
276 414
276 396
276 410
276 348
276 492
276 284
276 324
276 465
277 334
277 317
277 377
277 320
277 284
277 303
277 475
277 409
277 354
277 467
277 371
277 439
277 372
277 474
277 370
277 403
277 344
277 319
277 448
277 381
277 366
278 365
278 477
278 435
278 481
278 330
278 490
278 389
278 327
278 434
278 468
278 296
278 298
278 309
278 297
278 376
279 475
279 489
279 351
279 484
279 376
279 370
279 430
279 292
279 400
279 394
279 433
279 332
279 387
279 320
279 477
279 308
280 445
280 394
280 311
280 407
280 352
280 410
280 423
280 377
280 316
280 338
280 349
280 480
280 315
280 421
280 310
280 484
280 373
280 326
280 298
280 322
280 464
280 413
281 363
281 334
281 424
281 378
281 344
281 396
281 434
281 399
281 452
281 343
282 297
282 494
282 442
282 388
282 365
282 368
282 370
282 453
282 476
282 480
282 464
282 486
282 376
282 445
282 436
282 450
282 433
282 468
283 481
283 305
283 418
283 290
283 367
283 415
283 409
283 374
283 400
283 480
283 449
283 298
283 465
283 339
283 426
284 442
284 419
284 452
284 299
284 410
284 351
284 301
284 333
284 453
284 312
284 454
284 345
284 296
284 437
284 339
284 400
284 397
285 451
285 439
285 388
285 427
285 345
285 350
285 487
285 412
285 348
285 393
285 441
285 411
285 405
285 378
285 300
285 464
286 419
286 413
286 340
286 341
286 403
286 453
286 459
286 463
286 387
286 394
286 391
286 406
286 396
286 310
286 439
286 467
286 435
287 441
287 321
287 392
287 495
287 318
287 376
287 447
287 302
287 323
287 375
287 296
287 467
287 409
288 356
288 414
288 453
288 468
288 350
288 409
288 439
288 316
288 354
288 446
288 423
288 342
288 490
288 377
288 428
289 440
289 341
289 305
289 417
289 366
289 437
289 357
289 433
289 450
289 328
289 291
289 408
289 459
290 435
290 305
290 362
290 469
290 334
290 364
290 337
290 327
290 391
290 491
290 422
290 298
290 459
290 462
290 383
290 433
290 413
290 450
290 380
290 453
290 406
290 296
291 378
291 373
291 294
291 348
291 382
291 442
291 316
291 403
291 301
291 488
291 498
291 387
291 449
291 463
291 458
291 298
292 417
292 499
292 416
292 323
292 325
292 485
292 464
292 374
292 343
292 497
292 462
292 338
293 471
293 340
293 451
293 418
293 350
293 320
293 434
293 354
293 321
293 416
293 472
293 392
293 464
293 358
294 395
294 497
294 313
294 331
294 490
294 346
294 475
294 396
294 415
294 473
294 445
294 442
294 335
295 476
295 399
295 423
295 347
295 430
295 338
295 321
295 395
295 412
295 434
295 314
295 319
295 401
295 475
295 418
295 429
295 441
295 383
296 376
296 385
296 469
296 341
296 454
296 375
296 380
296 383
296 348
296 369
296 487
296 355
296 424
296 374
297 457
297 410
297 301
297 353
297 300
297 299
297 437
297 484
297 398
297 347
297 422
297 338
297 328
298 315
298 376
298 302
298 416
298 399
298 450
298 316
298 347
298 482
298 444
298 420
298 353
299 301
299 342
299 456
299 377
299 457
299 417
299 358
299 450
299 405
300 469
300 324
300 356
300 302
300 416
300 408
300 461
300 380
300 494
300 487
300 477
300 460
300 311
300 491
300 451
300 307
300 319
301 354
301 372
301 410
301 429
301 361
301 348
301 435
301 371
301 436
301 489
301 492
301 428
301 472
301 378
301 397
302 438
302 456
302 315
302 329
302 440
302 378
302 492
302 399
302 471
302 334
302 424
302 389
302 400
302 444
302 408
302 423
302 484
302 476
302 451
303 378
303 436
303 358
303 495
303 339
303 441
303 474
303 357
303 335
303 459
303 353
303 306
303 433
303 379
303 352
303 340
304 310
304 480
304 339
304 360
304 313
304 311
304 327
304 324
304 464
304 363
304 420
304 463
304 494
304 413
304 445
304 440
304 346
305 498
305 490
305 476
305 446
305 352
305 429
305 387
305 442
305 365
305 411
305 386
305 347
306 420
306 434
306 354
306 419
306 448
306 433
306 318
306 336
306 450
306 364
306 388
306 309
306 494
306 412
306 451
307 346
307 383
307 431
307 319
307 493
307 440
307 365
307 324
307 483
307 321
307 352
307 411
307 330
307 438
307 385
307 309
308 415
308 422
308 470
308 360
308 445
308 494
308 313
308 343
308 395
308 405
308 359
308 355
308 345
309 331
309 318
309 402
309 456
309 364
309 398
309 425
309 450
309 435
309 452
309 381
309 327
309 403
309 472
309 355
310 318
310 393
310 451
310 490
310 410
310 313
310 322
310 452
310 352
310 436
310 338
311 478
311 334
311 406
311 317
311 380
311 449
311 352
311 418
311 393
311 394
311 335
311 349
312 424
312 341
312 459
312 373
312 448
312 365
312 336
312 470
312 481
312 316
312 314
312 344
312 340
312 463
312 374
313 494
313 350
313 357
313 407
313 489
313 403
313 450
313 344
313 352
313 463
314 359
314 391
314 321
314 495
314 469
314 368
314 406
314 342
314 466
314 388
314 499
315 475
315 491
315 399
315 432
315 418
315 329
315 420
315 481
315 415
315 452
315 442
315 404
315 456
315 343
315 400
315 428
315 389
315 365
315 438
316 367
316 358
316 402
316 458
316 418
316 338
316 375
316 413
316 473
316 467
317 359
317 328
317 403
317 481
317 392
317 471
317 405
317 348
317 440
317 356
318 378
318 391
318 466
318 436
318 499
318 450
318 408
318 427
318 349
318 383
318 365
318 423
318 348
318 353
319 323
319 418
319 474
319 411
319 419
319 431
319 476
319 333
319 408
319 499
319 422
319 400
319 483
320 477
320 440
320 372
320 463
321 362
321 361
321 337
321 393
321 429
321 477
321 425
321 353
321 420
321 495
321 438
321 427
321 496
321 335
322 449
322 442
322 412
322 405
322 326
322 463
322 364
322 484
322 466
322 498
322 447
322 454
322 487
322 458
322 336
322 418
322 492
323 350
323 481
323 476
323 339
323 330
323 422
323 460
323 326
323 404
323 424
323 378
323 337
323 445
323 489
323 355
323 400
323 455
323 365
324 351
324 393
324 420
324 383
324 443
324 438
324 361
324 486
324 442
324 365
324 483
324 334
324 468
324 355
324 424
324 352
324 379
324 400
324 448
324 477
325 457
325 349
325 405
325 493
325 410
325 462
325 421
325 401
325 326
325 332
325 483
325 385
325 372
325 440
326 451
326 342
326 488
326 357
326 443
326 327
326 424
326 498
326 464
326 446
326 410
327 437
327 378
327 393
327 329
327 445
327 465
327 415
327 478
327 436
327 409
327 386
327 388
327 484
328 414
328 497
328 386
328 426
328 412
328 350
328 380
328 333
328 448
328 353
329 438
329 347
329 453
329 354
329 496
329 341
329 382
329 479
329 406
329 366
329 486
329 351
330 444
330 470
330 493
330 342
330 473
330 345
330 385
330 490
330 482
330 392
330 339
330 497
330 489
330 436
331 409
331 478
331 358
331 337
331 495
331 378
331 374
331 339
331 476
331 455
332 388
332 484
332 487
332 369
332 498
332 496
332 403
332 399
332 427
332 356
332 411
332 376
332 486
332 382
332 478
332 367
333 481
333 368
333 452
333 401
333 415
333 440
333 410
333 394
333 374
333 351
333 441
333 453
333 471
333 484
333 375
333 495
334 435
334 372
334 412
334 407
334 386
334 346
334 380
334 499
334 487
334 398
334 397
334 335
334 352
335 362
335 347
335 378
335 452
335 375
335 483
335 450
335 352
335 380
335 344
335 490
335 422
336 473
336 356
336 347
336 455
336 444
336 385
336 390
336 464
336 346
336 338
336 350
337 491
337 433
337 466
337 431
337 470
337 474
337 489
337 430
337 486
337 386
337 352
337 498
337 376
338 469
338 443
338 412
338 457
338 346
338 497
338 413
338 463
339 442
339 383
339 361
339 357
339 398
339 449
339 343
339 445
339 491
339 364
339 352
340 421
340 433
340 398
340 424
340 425
340 348
340 381
340 430
341 410
341 437
341 413
341 387
341 477
341 385
341 435
341 373
341 348
341 494
341 431
341 479
342 389
342 422
342 369
342 475
342 428
342 345
342 442
342 455
342 437
342 349
343 485
343 382
343 496
343 399
343 419
343 426
343 477
343 442
343 367
343 433
343 474
343 373
343 349
343 432
344 355
344 362
344 351
344 415
344 401
344 447
344 442
344 406
344 474
344 361
345 376
345 356
345 429
345 378
345 455
345 395
345 417
345 486
345 365
345 469
345 360
345 431
345 480
345 446
345 484
345 368
346 472
346 461
346 490
346 446
346 384
346 438
346 367
346 377
346 382
346 417
346 428
347 478
347 375
347 368
347 473
347 407
347 358
347 416
347 402
347 349
347 351
347 428
348 454
348 475
348 362
348 405
348 448
348 465
348 407
349 367
349 450
349 419
349 397
349 425
349 371
349 377
350 453
350 438
350 478
350 357
350 473
350 447
351 411
351 485
351 427
351 423
351 443
351 481
351 490
351 450
351 436
351 468
351 406
352 443
352 491
352 467
352 402
352 404
352 486
352 406
352 451
352 485
352 455
352 394
352 414
352 473
353 357
353 373
353 485
353 420
354 379
354 365
354 422
354 460
354 414
354 389
354 463
354 476
354 387
355 360
355 414
355 359
355 464
355 377
355 427
356 482
356 410
356 469
356 373
356 455
356 366
356 380
356 415
356 486
357 464
357 422
357 381
357 414
357 437
357 483
357 392
357 438
357 482
357 447
357 415
357 365
357 442
357 410
358 465
358 478
358 382
358 369
358 440
358 495
358 461
358 438
358 445
358 496
358 462
359 455
359 466
359 451
359 368
359 375
359 364
359 467
359 413
359 483
359 464
360 418
360 402
360 453
360 439
360 423
360 494
360 451
360 498
360 441
360 371
360 412
360 384
361 370
361 372
361 443
361 452
361 420
361 421
361 394
361 432
362 370
362 463
362 491
362 466
362 417
362 405
362 408
362 456
363 438
363 450
363 420
363 395
363 409
363 495
364 389
364 477
364 432
364 393
364 430
365 490
365 497
365 369
365 474
365 476
365 438
366 397
366 395
366 483
366 467
366 473
366 444
366 492
366 424
366 422
367 475
367 401
367 481
367 411
367 450
367 457
367 486
367 418
367 382
367 417
367 384
368 415
368 447
368 457
368 436
368 427
368 414
368 421
368 429
369 428
369 381
369 386
369 374
369 376
369 491
369 447
369 489
369 460
369 450
370 460
370 454
370 420
370 384
370 499
370 480
370 450
370 373
370 488
370 424
370 416
370 385
371 416
371 494
371 372
371 488
371 491
371 423
371 483
371 452
371 387
371 408
372 429
372 439
372 427
372 414
372 418
372 381
372 453
372 379
372 384
372 405
372 426
372 476
373 470
373 416
373 386
373 440
373 458
373 419
373 427
374 440
374 490
374 383
374 487
374 426
374 483
374 460
374 391
374 474
374 486
375 382
375 467
375 449
375 422
375 442
375 450
375 396
375 480
375 441
375 434
375 436
376 477
376 381
376 453
376 494
376 400
376 413
376 394
376 455
376 377
376 490
377 421
377 388
377 481
377 475
377 442
377 479
377 395
378 405
378 452
378 433
378 441
378 445
378 384
378 465
378 490
379 464
379 401
379 395
379 455
379 408
379 432
379 402
380 444
380 476
380 473
380 439
380 427
380 409
380 456
380 470
380 398
381 394
381 478
381 493
381 403
381 453
381 434
381 441
381 409
381 392
381 444
381 487
381 447
382 403
382 486
382 462
382 444
382 484
382 461
382 428
382 392
383 425
383 441
383 497
383 406
383 443
383 458
383 494
384 394
384 472
384 427
384 456
384 490
384 470
384 407
384 463
384 403
384 458
384 431
384 464
385 416
385 401
385 487
385 426
385 474
385 440
385 483
385 428
385 404
385 479
385 408
386 445
386 495
386 436
386 489
386 412
386 416
386 499
386 426
386 444
386 461
387 485
387 449
387 404
387 427
387 471
387 453
387 475
387 436
387 433
387 457
387 484
388 443
388 481
388 493
388 478
388 475
388 436
388 435
388 423
388 394
389 480
389 411
389 476
389 455
390 460
390 440
391 425
391 413
391 415
391 451
392 412
392 401
392 472
393 429
393 415
393 421
393 440
393 417
393 472
393 494
393 459
394 485
394 436
394 484
394 402
394 448
395 499
395 443
395 478
395 414
395 482
395 435
395 448
395 431
395 483
395 419
396 416
396 439
396 480
396 476
396 434
396 457
396 492
397 488
397 445
397 409
397 460
398 439
398 443
398 480
398 447
398 497
399 498
399 492
399 476
399 443
399 489
400 435
400 494
400 430
400 421
400 477
400 410
400 436
401 451
401 404
401 430
401 447
401 407
401 468
402 448
402 444
402 475
402 455
402 479
402 403
402 417
403 427
403 473
403 485
403 484
403 494
403 428
403 495
403 409
403 479
404 417
404 458
404 472
404 461
404 415
404 476
404 467
404 451
405 466
405 431
405 460
405 417
405 499
406 485
406 483
406 459
406 497
406 488
407 450
407 429
407 411
407 454
407 419
407 433
407 465
407 487
408 469
408 435
408 498
409 464
409 417
409 429
409 490
409 498
409 478
409 441
409 497
410 456
410 461
410 466
410 425
410 491
410 458
411 445
411 421
411 429
411 477
411 414
412 484
412 451
413 426
413 466
413 461
413 440
413 492
413 489
413 432
413 488
413 486
413 482
414 464
414 476
414 439
414 486
414 474
415 479
415 431
415 473
415 451
415 457
415 467
415 459
415 418
415 433
415 485
415 487
415 493
415 486
416 492
416 420
416 457
416 432
416 479
417 431
418 452
418 423
419 462
419 425
419 471
419 446
419 460
419 453
419 427
419 456
419 449
419 433
419 466
420 427
420 485
420 462
420 469
421 483
421 465
421 462
421 482
422 452
422 492
422 425
422 423
422 475
423 447
423 467
423 494
423 455
423 493
424 488
424 493
424 437
424 475
425 464
425 458
425 494
425 469
425 465
425 462
426 463
426 476
426 496
426 473
426 450
427 463
427 433
427 458
427 467
427 484
427 434
427 442
428 474
428 476
428 435
428 446
429 434
429 491
430 465
430 453
430 473
430 498
430 431
430 438
430 466
430 437
431 457
431 439
431 489
431 434
431 488
431 481
431 448
431 470
432 468
432 454
432 458
433 479
433 441
433 434
433 457
433 496
434 473
434 466
434 450
434 478
435 472
435 451
435 454
435 494
435 475
435 490
436 493
436 438
436 451
436 457
436 486
437 451
437 460
437 482
437 466
438 466
438 455
438 461
438 449
438 475
438 473
439 449
439 478
439 454
440 454
440 494
440 473
440 498
441 486
441 482
441 490
442 494
442 497
442 485
442 452
442 467
442 446
442 480
442 461
443 497
443 471
444 479
444 475
444 499
444 463
444 490
444 489
445 454
445 461
445 459
446 452
446 495
446 447
446 456
447 492
447 448
448 479
448 460
448 483
448 470
448 481
449 480
449 473
449 481
449 452
450 470
450 452
450 496
450 476
450 469
450 494
450 484
451 459
451 456
452 454
452 480
452 484
452 469
452 472
453 472
453 461
453 480
453 468
454 459
455 498
455 491
455 462
456 464
456 459
456 486
458 491
458 485
458 476
458 465
459 492
459 482
459 485
459 493
460 469
460 470
460 482
461 478
461 485
461 481
461 469
462 478
462 468
462 481
462 497
462 493
463 465
463 468
463 495
463 482
464 494
464 480
464 471
464 488
465 492
465 476
465 483
466 483
466 475
466 493
467 494
467 470
467 477
467 490
467 481
468 479
468 476
468 496
468 497
469 471
469 494
470 472
470 483
470 490
470 494
472 492
472 477
473 481
473 498
474 495
474 484
474 483
474 488
474 481
475 486
475 480
476 497
477 493
479 483
481 482
482 497
483 498
486 493
486 490
487 499
491 492
492 498
496 497
496 499
