VERTICES = 500
EDGES = 9500
0 297
0 415
0 26
0 156
0 1
0 482
0 171
0 330
0 356
0 145
0 396
0 186
0 97
0 201
0 431
0 149
0 479
0 116
0 143
0 99
0 481
0 294
0 361
0 17
0 456
0 118
0 321
0 489
0 382
0 225
0 146
0 74
0 211
0 117
0 19
0 364
0 236
0 23
0 242
0 147
0 405
1 258
1 370
1 107
1 434
1 475
1 155
1 259
1 144
1 452
1 104
1 416
1 274
1 265
1 388
1 161
1 390
1 338
1 471
1 200
1 359
1 44
1 15
1 271
1 153
1 10
1 113
1 52
1 329
1 414
2 103
2 107
2 213
2 254
2 173
2 104
2 484
2 418
2 195
2 328
2 96
2 269
2 105
2 478
2 431
2 379
2 249
2 496
2 152
2 251
2 481
2 470
2 483
2 211
2 262
2 462
2 8
2 491
2 475
2 34
2 209
2 39
2 448
2 141
2 439
2 461
2 205
2 146
2 7
2 332
3 26
3 89
3 457
3 330
3 499
3 289
3 227
3 157
3 443
3 450
3 236
3 49
3 298
3 339
3 305
3 465
3 252
3 189
3 105
3 106
3 463
3 237
3 414
3 172
3 495
3 167
3 382
3 123
3 473
3 257
3 74
3 284
3 336
3 57
3 464
4 366
4 253
4 317
4 39
4 457
4 410
4 435
4 414
4 199
4 439
4 337
4 324
4 151
4 266
4 469
4 149
4 459
4 440
4 267
4 273
4 139
4 443
4 360
4 194
4 240
4 441
4 481
4 265
4 391
4 150
4 29
4 421
4 126
5 63
5 162
5 396
5 105
5 31
5 39
5 317
5 353
5 298
5 384
5 254
5 473
5 287
5 302
5 83
5 188
5 358
5 100
5 355
5 345
5 214
5 433
5 300
5 360
5 284
5 77
5 41
5 195
5 140
6 298
6 85
6 342
6 438
6 367
6 341
6 130
6 175
6 167
6 118
6 119
6 324
6 147
6 457
6 22
6 40
6 435
6 66
6 57
6 212
6 467
6 69
6 251
6 216
6 182
6 497
6 80
6 16
6 449
6 62
6 309
6 371
6 209
6 424
6 459
6 329
6 141
6 400
6 211
7 345
7 92
7 489
7 358
7 381
7 156
7 447
7 205
7 485
7 210
7 379
7 308
7 69
7 480
7 162
7 409
7 125
7 35
7 456
7 258
7 398
7 153
7 392
7 178
7 176
7 243
7 370
7 494
7 175
7 331
7 339
7 144
7 305
7 314
8 129
8 167
8 323
8 242
8 461
8 192
8 383
8 265
8 434
8 474
8 235
8 86
8 250
8 367
8 206
8 110
8 387
8 481
8 77
8 74
8 205
8 191
8 194
8 432
8 338
8 469
8 343
8 445
8 380
8 130
8 360
8 356
8 58
8 238
8 422
8 133
8 285
8 462
8 330
8 322
9 317
9 338
9 162
9 333
9 489
9 404
9 98
9 343
9 266
9 253
9 79
9 153
9 471
9 74
9 314
9 465
9 169
9 436
9 248
9 494
9 478
9 205
9 226
9 380
9 481
9 366
9 454
9 301
9 315
9 413
9 67
9 158
9 425
9 495
9 271
10 165
10 306
10 288
10 215
10 233
10 57
10 162
10 72
10 481
10 373
10 186
10 36
10 89
10 188
10 75
10 118
10 168
10 391
10 86
10 293
10 362
10 46
10 204
10 90
10 79
10 38
10 334
10 206
10 217
10 184
10 110
10 197
10 375
10 205
10 310
10 156
11 350
11 164
11 380
11 187
11 15
11 195
11 267
11 31
11 420
11 27
11 356
11 25
11 407
11 97
11 90
11 271
11 134
11 177
11 383
11 131
11 210
11 188
11 93
11 161
11 369
11 103
11 375
11 262
11 254
11 422
11 334
11 192
11 220
11 247
11 184
11 311
11 104
11 352
11 46
11 415
11 378
12 179
12 196
12 20
12 201
12 277
12 44
12 354
12 353
12 491
12 308
12 155
12 498
12 393
12 450
12 165
12 264
12 267
12 460
12 273
12 427
12 95
12 274
12 225
12 344
12 462
12 339
12 322
12 30
12 426
13 395
13 218
13 126
13 416
13 236
13 112
13 16
13 447
13 251
13 139
13 455
13 39
13 88
13 36
13 278
13 284
13 295
13 77
13 364
13 241
13 207
13 193
13 195
13 69
13 346
13 279
13 426
13 22
13 145
13 178
13 43
13 310
14 444
14 89
14 133
14 408
14 419
14 40
14 302
14 362
14 467
14 207
14 361
14 297
14 46
14 325
14 186
14 154
14 189
14 445
14 229
14 170
14 264
14 447
14 283
14 270
14 306
14 248
14 311
14 498
14 307
14 394
15 436
15 120
15 421
15 185
15 80
15 66
15 60
15 39
15 238
15 17
15 378
15 205
15 281
15 437
15 499
15 64
15 51
15 114
15 189
15 412
15 257
15 287
15 332
15 334
15 289
15 222
15 161
15 252
16 481
16 418
16 344
16 189
16 298
16 19
16 95
16 372
16 244
16 330
16 288
16 401
16 135
16 27
16 379
16 480
16 142
16 447
16 153
16 175
16 63
16 152
16 259
16 313
16 363
16 174
16 42
16 48
16 203
16 308
16 25
17 241
17 307
17 264
17 432
17 121
17 421
17 318
17 349
17 254
17 154
17 52
17 392
17 193
17 362
17 418
17 248
17 50
17 91
17 368
17 41
17 471
17 434
17 118
17 128
17 86
17 140
17 491
17 456
17 454
17 51
17 482
17 341
17 311
17 44
18 80
18 360
18 240
18 77
18 66
18 200
18 491
18 123
18 300
18 395
18 295
18 178
18 444
18 294
18 315
18 75
18 437
18 389
18 394
18 199
18 52
18 492
18 183
18 299
18 326
18 361
18 163
18 448
18 242
18 145
18 85
18 466
18 117
18 415
18 497
18 478
18 89
18 46
18 98
19 181
19 272
19 325
19 39
19 445
19 106
19 206
19 433
19 255
19 252
19 293
19 297
19 277
19 44
19 402
19 276
19 497
19 400
19 305
19 369
19 472
19 354
19 474
19 294
19 314
19 247
19 393
19 382
19 309
19 326
19 387
19 414
19 357
19 142
19 279
19 336
19 233
19 149
19 338
19 241
19 361
19 122
20 205
20 473
20 312
20 214
20 448
20 101
20 344
20 368
20 277
20 149
20 296
20 449
20 345
20 268
20 242
20 412
20 235
20 498
20 442
20 317
20 153
20 490
20 295
20 131
20 297
20 440
20 441
20 309
20 248
20 385
20 79
20 356
21 75
21 451
21 237
21 110
21 321
21 61
21 285
21 300
21 157
21 136
21 66
21 168
21 410
21 198
21 47
21 134
21 211
21 162
21 282
21 57
21 301
21 176
21 65
21 217
21 131
21 475
21 423
21 341
21 432
21 135
21 148
21 396
21 181
21 53
21 468
21 188
21 345
21 338
21 27
21 316
21 482
22 112
22 267
22 48
22 215
22 72
22 343
22 191
22 133
22 283
22 341
22 477
22 264
22 71
22 355
22 438
22 49
22 253
22 320
22 335
22 28
22 311
22 444
22 144
22 209
22 373
22 332
22 254
22 211
22 456
22 181
22 256
22 270
22 313
23 232
23 415
23 160
23 88
23 105
23 33
23 144
23 150
23 349
23 188
23 87
23 325
23 318
23 409
23 473
23 388
23 460
23 483
23 465
23 492
23 428
23 493
23 134
23 329
23 417
23 495
23 201
23 486
23 239
23 405
23 418
23 116
23 335
23 446
24 41
24 129
24 187
24 307
24 121
24 246
24 485
24 364
24 464
24 436
24 49
24 373
24 188
24 492
24 93
24 231
24 153
24 292
24 428
24 463
24 161
24 404
24 94
24 164
24 256
24 151
24 229
24 475
24 279
24 63
24 290
24 255
24 81
24 358
24 423
24 230
24 409
24 394
25 58
25 93
25 374
25 256
25 37
25 259
25 78
25 108
25 148
25 462
25 357
25 428
25 76
25 267
25 311
25 263
25 337
25 215
25 177
25 451
25 331
25 438
25 241
25 51
25 40
25 408
25 209
25 67
25 96
25 269
25 260
25 144
25 195
25 35
25 308
25 436
25 34
25 387
25 309
26 27
26 417
26 180
26 206
26 398
26 191
26 314
26 221
26 498
26 245
26 40
26 227
26 255
26 46
26 434
26 162
26 158
26 330
26 276
26 302
26 464
26 151
26 59
26 278
26 446
26 147
26 356
26 96
26 144
26 109
26 52
26 70
26 490
26 372
26 49
26 42
27 323
27 91
27 407
27 350
27 179
27 81
27 396
27 380
27 481
27 150
27 285
27 232
27 182
27 445
27 298
27 431
27 312
27 258
27 156
27 435
27 289
27 64
27 32
27 152
27 384
27 226
27 277
27 332
27 291
27 484
27 110
27 284
27 122
27 108
27 260
27 370
27 171
27 37
27 132
27 155
27 296
27 274
28 324
28 161
28 333
28 71
28 130
28 167
28 346
28 82
28 351
28 282
28 427
28 441
28 221
28 251
28 203
28 192
28 349
28 393
28 302
28 64
28 114
28 63
28 216
28 446
28 458
28 453
28 320
28 253
28 93
28 342
28 236
29 190
29 100
29 412
29 304
29 162
29 185
29 403
29 204
29 478
29 39
29 74
29 460
29 144
29 44
29 419
29 352
29 477
29 178
29 163
29 450
29 287
29 148
29 385
29 119
29 388
29 62
29 136
29 410
29 82
29 343
29 36
29 72
29 465
29 91
29 325
29 147
29 415
29 475
30 456
30 337
30 109
30 257
30 242
30 173
30 194
30 489
30 438
30 236
30 431
30 423
30 153
30 149
30 152
30 82
30 260
30 232
30 365
30 160
30 400
30 290
30 210
30 92
30 289
30 264
30 218
30 432
30 35
30 425
30 255
30 323
31 154
31 480
31 221
31 372
31 117
31 437
31 244
31 374
31 269
31 415
31 282
31 119
31 78
31 39
31 159
31 176
31 233
31 356
31 216
31 85
31 288
31 316
31 49
31 438
31 413
31 141
31 211
32 142
32 399
32 108
32 45
32 67
32 90
32 234
32 267
32 96
32 268
32 76
32 329
32 400
32 57
32 181
32 102
32 478
32 312
32 269
32 468
32 82
32 88
32 112
32 304
32 462
32 358
32 152
32 226
32 145
32 278
32 475
32 471
32 481
33 230
33 296
33 96
33 406
33 331
33 355
33 198
33 330
33 391
33 479
33 341
33 350
33 184
33 82
33 54
33 369
33 496
33 339
33 482
33 381
33 432
33 199
33 115
33 194
33 245
33 311
33 292
33 134
33 132
33 308
33 241
33 476
33 400
33 287
33 238
33 78
33 360
33 337
33 49
34 435
34 173
34 43
34 167
34 465
34 194
34 262
34 355
34 301
34 402
34 451
34 162
34 221
34 485
34 83
34 236
34 348
34 385
34 399
34 326
34 333
34 395
34 365
34 462
34 161
34 288
34 204
34 214
34 165
34 218
34 440
34 316
34 159
34 116
34 226
34 489
34 99
35 492
35 179
35 374
35 429
35 323
35 237
35 361
35 255
35 51
35 223
35 113
35 66
35 168
35 465
35 148
35 449
35 415
35 304
35 437
35 98
35 469
35 218
35 307
35 356
35 490
35 419
35 434
35 229
35 335
35 182
35 222
35 405
35 84
35 453
35 265
35 49
36 152
36 330
36 412
36 190
36 434
36 347
36 137
36 95
36 396
36 171
36 488
36 310
36 201
36 213
36 326
36 441
36 499
36 331
36 100
36 80
36 491
36 134
36 333
36 191
36 110
36 45
36 454
36 360
36 259
36 320
36 37
36 116
36 279
37 406
37 499
37 108
37 307
37 295
37 473
37 275
37 472
37 116
37 243
37 233
37 459
37 398
37 84
37 102
37 66
37 464
37 178
37 362
37 481
37 195
37 400
37 166
37 405
37 46
37 330
37 134
37 250
37 104
37 87
37 314
37 288
37 200
37 371
37 99
37 315
37 241
37 219
37 43
37 434
37 453
37 366
37 354
37 49
38 350
38 267
38 85
38 475
38 439
38 473
38 431
38 261
38 62
38 75
38 324
38 89
38 349
38 59
38 483
38 136
38 133
38 63
38 342
38 298
38 83
38 82
38 127
38 286
38 296
38 400
38 259
38 482
38 104
38 372
38 495
38 437
38 122
38 457
38 193
38 210
38 345
38 409
39 152
39 342
39 329
39 384
39 73
39 380
39 195
39 485
39 133
39 148
39 469
39 86
39 153
39 273
39 278
39 199
39 119
39 417
39 263
39 323
39 82
39 470
39 427
39 171
39 145
39 228
39 423
39 375
39 68
39 366
39 379
39 125
39 365
39 449
39 44
39 447
39 52
39 131
39 107
39 456
39 93
39 465
39 249
39 162
39 311
40 344
40 206
40 416
40 176
40 157
40 447
40 57
40 473
40 486
40 216
40 304
40 359
40 482
40 438
40 255
40 317
40 218
40 256
40 487
40 43
40 113
40 366
40 305
40 116
40 271
40 430
40 209
40 445
40 425
41 417
41 83
41 322
41 113
41 161
41 182
41 57
41 221
41 226
41 45
41 155
41 416
41 421
41 474
41 152
41 131
41 198
41 196
41 190
41 347
41 470
41 168
41 487
41 227
41 243
41 464
41 81
41 82
41 217
41 342
41 60
41 109
41 378
41 303
41 480
42 128
42 392
42 432
42 252
42 398
42 93
42 499
42 395
42 257
42 75
42 304
42 121
42 450
42 354
42 383
42 54
42 234
42 44
42 479
42 329
42 213
42 277
42 231
42 468
42 385
42 294
42 98
42 167
42 251
42 290
42 280
42 317
42 276
42 142
43 420
43 490
43 466
43 200
43 350
43 92
43 130
43 201
43 242
43 320
43 394
43 244
43 422
43 301
43 240
43 229
43 354
43 443
43 305
43 417
43 215
43 481
43 277
43 270
43 281
43 144
43 322
43 48
43 133
43 434
43 487
43 412
43 411
44 121
44 368
44 376
44 438
44 340
44 70
44 173
44 96
44 200
44 380
44 141
44 343
44 206
44 279
44 254
44 327
44 397
44 148
44 193
44 92
44 494
44 453
44 216
44 293
44 399
44 270
44 452
44 288
44 479
44 268
44 150
44 460
44 436
44 434
44 80
44 271
44 250
44 493
44 382
44 468
45 185
45 332
45 224
45 343
45 231
45 187
45 184
45 457
45 139
45 432
45 429
45 74
45 373
45 409
45 104
45 421
45 316
45 469
45 494
45 417
45 192
45 71
45 412
45 450
45 211
45 270
45 100
45 491
45 374
45 138
45 420
45 379
45 303
45 143
46 366
46 267
46 386
46 269
46 245
46 146
46 86
46 57
46 115
46 121
46 274
46 454
46 370
46 260
46 424
46 281
46 447
46 242
46 238
46 84
46 352
46 182
46 389
46 233
46 434
46 129
46 144
46 487
46 327
46 425
46 249
46 171
46 51
46 190
47 50
47 202
47 436
47 210
47 173
47 204
47 95
47 114
47 417
47 194
47 74
47 164
47 469
47 169
47 431
47 374
47 470
47 403
47 308
47 100
47 137
47 314
47 175
47 78
47 293
47 112
47 476
47 275
48 201
48 256
48 127
48 232
48 379
48 352
48 246
48 482
48 233
48 421
48 328
48 462
48 440
48 480
48 372
48 327
48 240
48 498
48 158
48 184
48 54
48 160
49 132
49 307
49 231
49 175
49 235
49 278
49 192
49 410
49 116
49 413
49 341
49 276
49 451
49 280
49 223
49 128
49 217
49 452
49 409
49 243
49 107
49 304
49 407
49 365
49 144
49 380
49 440
50 205
50 88
50 209
50 449
50 105
50 498
50 457
50 184
50 187
50 305
50 233
50 197
50 406
50 381
50 220
50 114
50 142
50 192
50 246
50 268
50 222
50 257
50 354
51 285
51 101
51 412
51 446
51 191
51 346
51 169
51 365
51 178
51 118
51 76
51 195
51 237
51 72
51 391
51 135
51 193
51 185
51 280
51 349
51 251
51 116
51 343
51 128
51 157
51 420
51 188
51 199
51 261
51 489
51 453
51 441
51 174
51 319
51 212
51 149
51 457
51 192
52 456
52 256
52 263
52 146
52 226
52 113
52 429
52 451
52 144
52 440
52 80
52 151
52 71
52 62
52 82
52 290
52 287
52 353
52 334
52 322
52 479
52 422
52 114
52 493
52 105
52 121
52 389
52 366
52 340
52 361
52 210
52 123
52 475
52 191
52 221
52 367
53 341
53 447
53 473
53 214
53 456
53 338
53 345
53 180
53 77
53 199
53 56
53 498
53 474
53 442
53 75
53 157
53 134
53 160
53 235
53 103
53 219
53 186
54 290
54 278
54 363
54 378
54 231
54 263
54 493
54 166
54 125
54 143
54 337
54 102
54 221
54 220
54 101
54 171
54 380
54 359
54 193
54 394
54 391
54 123
54 116
54 149
54 467
54 95
55 418
55 331
55 399
55 180
55 367
55 124
55 470
55 274
55 408
55 221
55 114
55 419
55 384
55 105
55 363
55 428
55 115
55 177
55 211
55 498
55 347
55 429
55 141
55 75
55 155
55 239
55 385
55 76
55 245
55 435
55 275
55 311
55 353
55 417
56 477
56 410
56 404
56 72
56 278
56 426
56 79
56 237
56 213
56 292
56 204
56 61
56 239
56 380
56 201
56 57
56 180
56 453
56 166
56 355
56 401
56 200
56 376
56 227
56 418
56 328
56 336
56 371
56 135
56 354
56 480
56 313
57 447
57 228
57 403
57 198
57 211
57 429
57 437
57 352
57 135
57 222
57 79
57 175
57 157
57 214
57 283
57 448
57 369
57 354
57 306
57 431
57 84
57 107
57 239
57 349
57 105
57 280
57 396
57 305
58 64
58 61
58 222
58 444
58 190
58 199
58 263
58 362
58 399
58 258
58 328
58 431
58 86
58 308
58 494
58 366
58 225
58 74
58 172
58 341
58 76
58 99
58 129
58 447
58 292
58 73
58 59
58 443
58 423
58 436
58 100
58 150
58 246
59 425
59 386
59 366
59 336
59 65
59 440
59 151
59 181
59 317
59 262
59 173
59 286
59 168
59 247
59 220
59 462
59 124
59 467
59 356
59 365
59 463
59 333
59 452
59 239
59 397
59 464
59 196
59 231
59 126
59 237
59 276
59 389
59 301
59 159
60 324
60 151
60 473
60 94
60 385
60 265
60 498
60 455
60 494
60 135
60 309
60 174
60 465
60 119
60 345
60 424
60 107
60 470
60 167
60 423
60 134
60 466
60 247
60 262
60 232
60 300
60 382
60 200
60 365
60 395
60 330
60 156
60 282
60 256
60 401
60 211
60 137
60 290
60 433
61 188
61 304
61 358
61 254
61 346
61 226
61 194
61 459
61 327
61 490
61 202
61 398
61 168
61 266
61 362
61 231
61 481
61 190
61 338
61 407
61 142
61 69
61 287
61 210
61 248
61 259
61 289
61 272
61 113
61 112
61 72
61 114
61 80
61 399
61 162
62 493
62 74
62 449
62 346
62 350
62 476
62 234
62 125
62 201
62 465
62 165
62 169
62 498
62 259
62 417
62 163
62 268
62 379
62 324
62 380
62 96
62 309
62 353
62 483
62 463
62 457
62 93
62 266
62 237
63 374
63 298
63 66
63 317
63 195
63 107
63 92
63 185
63 205
63 315
63 69
63 73
63 466
63 313
63 441
63 124
63 78
63 93
63 340
63 383
63 213
63 297
63 123
63 332
63 498
63 484
63 256
63 395
63 135
63 210
63 199
63 346
63 179
63 310
63 355
63 470
63 238
63 104
63 308
63 381
63 262
63 424
63 91
63 235
64 445
64 282
64 355
64 290
64 170
64 104
64 193
64 298
64 473
64 344
64 95
64 270
64 386
64 354
64 127
64 265
64 78
64 259
64 411
64 159
64 339
64 153
64 229
64 343
65 398
65 183
65 270
65 271
65 246
65 92
65 353
65 497
65 142
65 317
65 179
65 107
65 252
65 339
65 135
65 439
65 118
65 223
65 459
65 201
65 163
65 245
65 240
65 460
65 418
65 345
66 152
66 109
66 483
66 70
66 486
66 114
66 98
66 311
66 101
66 214
66 332
66 141
66 112
66 210
66 68
66 103
66 187
66 293
66 83
66 426
66 356
66 347
66 312
66 183
66 359
67 154
67 282
67 158
67 326
67 462
67 161
67 214
67 477
67 117
67 129
67 107
67 95
67 212
67 255
67 310
67 253
67 268
67 370
67 473
67 455
67 322
67 485
67 362
67 228
67 356
67 223
67 386
67 219
67 224
67 463
67 175
67 155
67 277
67 425
67 240
67 474
67 195
67 412
67 371
67 279
67 196
68 305
68 101
68 237
68 94
68 281
68 341
68 77
68 382
68 362
68 175
68 467
68 240
68 356
68 387
68 309
68 401
68 461
68 397
68 267
68 429
68 302
68 422
68 132
68 142
68 274
68 499
68 463
68 443
68 272
68 162
68 435
68 287
68 185
68 253
68 228
68 418
68 381
69 88
69 439
69 146
69 345
69 191
69 299
69 230
69 79
69 494
69 360
69 338
69 232
69 251
69 101
69 271
69 325
69 285
69 294
69 149
69 315
69 167
69 377
69 71
69 183
69 130
69 248
69 465
69 106
69 212
69 380
69 456
69 113
69 402
70 371
70 450
70 289
70 242
70 436
70 252
70 104
70 309
70 360
70 177
70 86
70 293
70 224
70 165
70 81
70 372
70 303
70 473
70 285
70 385
70 92
70 265
70 396
70 283
70 76
70 73
70 404
70 130
70 313
70 455
70 183
70 187
71 388
71 187
71 337
71 498
71 236
71 111
71 88
71 349
71 80
71 210
71 336
71 421
71 428
71 470
71 406
71 425
71 417
71 272
71 340
71 457
71 127
71 412
71 179
71 492
71 315
71 476
71 473
71 483
71 363
71 229
71 75
71 430
71 81
71 249
71 191
71 347
71 175
71 209
71 374
71 317
72 144
72 236
72 113
72 424
72 210
72 100
72 331
72 181
72 490
72 219
72 485
72 160
72 253
72 412
72 87
72 381
72 147
72 232
72 403
72 404
72 86
72 220
72 497
72 477
72 483
72 286
72 394
72 376
72 454
72 226
72 374
72 250
72 238
72 467
73 236
73 258
73 93
73 145
73 312
73 343
73 144
73 323
73 174
73 98
73 265
73 418
73 228
73 89
73 390
73 432
73 269
73 242
73 266
73 357
73 123
74 375
74 362
74 335
74 408
74 302
74 186
74 295
74 341
74 143
74 271
74 450
74 322
74 156
74 293
74 459
74 159
74 157
74 300
74 449
74 134
74 160
74 193
74 360
74 426
74 192
74 220
74 494
74 167
74 330
74 267
75 453
75 121
75 134
75 126
75 295
75 262
75 90
75 421
75 217
75 109
75 210
75 340
75 492
75 275
75 430
75 343
75 191
75 288
75 256
75 87
75 371
75 424
75 226
75 470
75 144
75 451
75 271
76 117
76 390
76 366
76 437
76 114
76 447
76 157
76 462
76 336
76 289
76 127
76 125
76 350
76 241
76 138
76 392
76 176
76 226
76 468
76 168
76 94
76 230
76 299
76 359
76 332
76 172
76 132
76 179
76 325
76 415
76 490
77 119
77 308
77 89
77 273
77 465
77 226
77 315
77 246
77 94
77 278
77 439
77 160
77 359
77 265
77 432
77 117
77 177
77 453
77 494
77 331
77 245
77 486
77 317
77 438
77 312
77 113
77 192
77 463
77 461
77 389
77 358
77 229
77 196
77 231
77 422
77 182
77 261
77 161
78 79
78 430
78 330
78 384
78 112
78 258
78 132
78 200
78 371
78 158
78 223
78 311
78 450
78 205
78 394
78 332
78 80
78 264
78 438
78 172
78 463
78 356
78 89
78 429
78 422
78 101
78 445
78 285
78 363
78 86
78 425
78 420
78 175
78 266
78 144
79 163
79 231
79 81
79 334
79 393
79 136
79 152
79 147
79 126
79 380
79 277
79 107
79 298
79 114
79 476
79 169
79 182
79 359
79 122
79 159
79 403
79 266
79 461
79 340
79 242
79 342
79 171
79 392
79 350
79 321
79 111
79 191
79 172
79 121
79 426
79 156
79 168
79 118
80 215
80 462
80 378
80 245
80 105
80 286
80 158
80 351
80 205
80 381
80 459
80 453
80 106
80 272
80 127
80 222
80 221
80 384
80 458
80 241
80 341
80 454
80 476
80 202
80 461
81 429
81 220
81 314
81 400
81 285
81 149
81 329
81 362
81 189
81 296
81 231
81 208
81 290
81 245
81 91
81 96
81 315
81 321
81 491
81 234
81 457
82 489
82 473
82 266
82 188
82 224
82 249
82 351
82 211
82 440
82 410
82 333
82 281
82 338
82 168
82 206
82 274
82 291
82 455
82 253
82 396
82 90
82 310
82 171
83 420
83 324
83 254
83 399
83 343
83 252
83 95
83 403
83 413
83 123
83 106
83 351
83 384
83 130
83 248
83 179
83 259
83 375
83 136
83 156
83 410
83 197
83 122
83 310
83 359
83 382
83 395
83 289
83 463
83 458
83 472
83 165
83 138
83 258
83 120
83 366
83 272
84 136
84 454
84 277
84 86
84 258
84 383
84 337
84 364
84 318
84 123
84 96
84 345
84 146
84 153
84 268
84 308
84 456
84 300
84 232
84 130
84 140
84 398
84 208
84 461
84 495
84 448
84 201
84 202
84 148
84 252
84 218
84 497
84 270
84 417
85 392
85 173
85 311
85 202
85 468
85 434
85 334
85 219
85 475
85 432
85 98
85 425
85 120
85 304
85 389
85 161
85 86
85 306
85 169
85 401
85 415
85 110
85 218
85 421
85 122
85 418
85 240
85 336
85 254
85 484
85 92
85 393
86 384
86 249
86 134
86 438
86 163
86 335
86 186
86 243
86 388
86 428
86 393
86 469
86 277
86 362
86 208
86 437
86 409
86 308
86 463
86 345
86 443
86 325
86 476
86 417
86 246
86 481
86 267
86 455
86 245
86 255
86 216
86 258
86 131
86 375
87 475
87 498
87 169
87 130
87 310
87 91
87 461
87 153
87 450
87 291
87 157
87 228
87 487
87 476
87 145
87 397
87 478
87 480
87 446
87 243
87 334
87 398
87 159
87 241
87 238
87 482
87 496
87 436
87 320
87 322
87 314
88 153
88 367
88 433
88 136
88 119
88 146
88 458
88 313
88 173
88 161
88 140
88 224
88 390
88 351
88 354
88 262
88 125
88 237
88 94
88 348
88 181
88 316
88 374
88 188
88 365
88 114
89 227
89 387
89 273
89 90
89 261
89 484
89 374
89 158
89 193
89 459
89 437
89 329
89 337
89 243
89 178
89 209
89 477
89 447
89 121
89 467
89 269
89 412
89 200
89 483
89 91
89 419
89 379
89 479
89 112
89 226
89 411
89 308
89 452
89 436
89 458
89 298
90 495
90 266
90 420
90 408
90 270
90 379
90 367
90 315
90 243
90 134
90 398
90 444
90 249
90 415
90 217
90 126
90 477
90 245
90 423
90 462
90 353
90 106
90 396
90 341
90 301
90 216
90 144
90 427
90 476
90 332
90 189
90 172
90 252
90 263
90 454
90 137
90 131
90 313
90 158
90 410
90 417
90 401
90 363
90 171
90 261
90 108
91 212
91 100
91 332
91 344
91 342
91 454
91 244
91 144
91 365
91 215
91 435
91 491
91 210
91 426
91 412
91 232
91 338
91 182
91 167
91 481
91 117
91 374
91 273
92 376
92 256
92 391
92 424
92 143
92 115
92 257
92 293
92 270
92 456
92 431
92 466
92 107
92 191
92 423
92 172
92 308
92 439
92 128
92 163
92 457
92 252
92 208
92 307
92 467
92 340
92 126
92 190
92 452
92 365
92 131
92 145
93 107
93 490
93 181
93 333
93 185
93 356
93 371
93 405
93 468
93 104
93 286
93 311
93 457
93 477
93 360
93 224
93 491
93 202
93 101
93 412
93 402
93 479
93 192
93 250
93 394
93 309
93 329
93 175
93 461
94 306
94 129
94 450
94 265
94 282
94 188
94 101
94 460
94 279
94 418
94 233
94 165
94 144
94 482
94 193
94 431
94 354
94 345
94 322
94 391
94 168
94 495
94 137
94 496
94 312
94 466
94 360
94 492
94 155
94 214
94 162
94 242
95 116
95 171
95 196
95 424
95 216
95 227
95 253
95 400
95 189
95 137
95 436
95 409
95 396
95 172
95 343
95 276
95 197
95 475
95 260
95 486
95 388
95 407
95 460
95 324
95 487
95 129
95 138
95 222
95 378
96 157
96 384
96 330
96 196
96 473
96 396
96 341
96 494
96 209
96 149
96 349
96 158
96 303
96 188
96 492
96 466
96 208
96 389
96 240
96 369
96 107
96 320
96 245
96 287
96 305
96 323
96 234
97 488
97 170
97 422
97 336
97 123
97 101
97 445
97 416
97 303
97 469
97 407
97 357
97 194
97 328
97 397
97 277
97 484
97 361
97 317
97 435
97 148
97 470
97 457
97 207
97 262
97 160
97 182
97 499
97 237
97 497
97 482
97 473
97 251
97 163
97 250
97 381
97 424
97 326
97 289
98 151
98 303
98 331
98 296
98 370
98 324
98 283
98 197
98 278
98 235
98 114
98 141
98 103
98 464
98 484
98 305
98 479
98 414
98 382
98 113
98 186
98 391
98 438
98 129
98 377
98 344
98 253
98 432
99 226
99 153
99 150
99 286
99 240
99 345
99 336
99 453
99 496
99 208
99 384
99 267
99 462
99 473
99 495
99 177
99 254
99 452
99 445
99 417
99 444
99 204
99 343
99 285
99 485
99 363
99 263
99 498
99 353
100 128
100 249
100 403
100 304
100 420
100 121
100 408
100 421
100 271
100 254
100 497
100 208
100 386
100 289
100 422
100 227
100 412
100 182
100 302
100 310
100 113
100 482
100 451
100 106
100 175
100 205
100 260
100 443
100 446
100 390
100 352
100 172
101 453
101 450
101 398
101 340
101 234
101 446
101 232
101 297
101 428
101 130
101 405
101 408
101 423
101 175
101 144
101 246
101 275
101 331
101 108
101 127
101 437
101 402
101 242
101 352
101 168
101 125
101 181
101 312
101 102
101 341
101 345
101 358
101 435
101 210
101 220
101 468
101 473
101 475
101 429
101 343
101 418
101 182
102 194
102 425
102 257
102 144
102 469
102 263
102 247
102 297
102 443
102 326
102 352
102 487
102 350
102 196
102 103
102 124
102 409
102 162
102 328
102 233
102 227
102 492
102 300
102 422
102 213
102 446
102 122
102 433
102 120
102 137
103 452
103 203
103 298
103 364
103 273
103 299
103 377
103 403
103 356
103 164
103 220
103 446
103 237
103 215
103 176
103 240
103 257
103 216
103 276
103 139
103 369
103 281
103 180
103 305
103 111
103 495
103 238
103 321
103 313
103 148
104 131
104 354
104 138
104 345
104 499
104 328
104 209
104 416
104 356
104 476
104 466
104 463
104 367
104 347
104 237
104 129
104 436
104 283
104 314
104 196
104 114
104 286
104 414
104 257
104 457
104 462
105 142
105 367
105 437
105 334
105 260
105 212
105 396
105 194
105 151
105 247
105 218
105 248
105 225
105 478
105 360
105 409
105 208
105 213
105 111
105 289
105 435
105 444
105 244
105 477
106 469
106 496
106 381
106 307
106 259
106 415
106 290
106 255
106 397
106 494
106 472
106 132
106 183
106 144
106 353
106 320
106 233
106 398
106 211
106 244
106 338
106 125
106 363
106 330
106 128
106 196
106 192
106 268
106 179
106 291
106 410
106 438
106 302
106 424
106 349
106 117
107 416
107 302
107 431
107 189
107 187
107 320
107 305
107 263
107 285
107 392
107 151
107 165
107 217
107 140
107 168
107 492
107 197
107 122
107 214
107 321
107 147
107 451
107 115
107 288
107 411
108 180
108 404
108 328
108 143
108 204
108 286
108 144
108 229
108 253
108 414
108 475
108 386
108 382
108 231
108 149
108 363
108 243
108 398
108 137
108 373
108 405
108 288
108 195
108 112
108 375
108 471
108 311
108 266
108 115
108 124
108 449
108 169
108 433
108 258
108 147
108 274
108 241
109 465
109 235
109 282
109 264
109 245
109 156
109 292
109 456
109 466
109 409
109 236
109 472
109 321
109 477
109 389
109 149
109 476
109 168
109 135
109 370
109 346
109 366
109 375
109 122
109 143
109 211
109 442
109 275
109 299
109 152
110 307
110 312
110 421
110 299
110 135
110 448
110 376
110 162
110 210
110 419
110 343
110 156
110 461
110 342
110 222
110 214
110 446
110 231
110 414
110 374
110 239
110 224
110 463
110 346
110 311
110 136
110 459
110 279
110 481
110 188
110 248
111 335
111 485
111 360
111 137
111 497
111 281
111 325
111 150
111 188
111 331
111 276
111 297
111 340
111 117
111 226
111 271
111 457
111 253
111 265
111 198
111 278
111 197
111 486
111 229
111 314
111 273
111 478
111 471
111 277
111 294
112 137
112 352
112 397
112 291
112 466
112 485
112 409
112 495
112 232
112 299
112 350
112 153
112 207
112 292
112 379
112 235
112 215
112 116
113 122
113 351
113 483
113 360
113 264
113 420
113 333
113 488
113 191
113 499
113 260
113 277
113 325
113 478
113 150
113 391
113 118
113 490
113 431
113 297
113 293
113 280
113 485
113 270
113 248
113 313
113 394
113 114
113 245
113 422
113 452
114 266
114 410
114 329
114 340
114 392
114 495
114 214
114 293
114 441
114 400
114 487
114 155
114 272
114 221
114 138
114 482
114 411
114 390
114 486
114 471
114 350
114 324
114 353
114 263
114 270
114 488
114 227
114 351
114 313
114 176
114 279
114 408
114 354
114 310
115 171
115 169
115 127
115 306
115 433
115 321
115 220
115 275
115 380
115 452
115 425
115 353
115 290
115 288
115 248
115 438
115 209
115 331
115 197
115 130
115 208
115 499
115 180
115 364
115 258
115 315
115 450
116 320
116 334
116 341
116 161
116 244
116 160
116 464
116 432
116 277
116 286
116 132
116 199
116 413
116 366
116 494
116 372
116 469
116 422
116 388
116 137
116 126
116 330
116 282
116 403
116 483
116 392
116 191
116 303
116 206
116 373
117 424
117 415
117 395
117 181
117 496
117 211
117 287
117 460
117 189
117 384
117 337
117 209
117 179
117 173
117 450
117 149
117 381
117 288
117 473
117 164
117 222
117 340
117 249
117 223
117 435
117 280
117 304
117 281
117 187
117 401
117 277
117 246
117 188
118 218
118 275
118 120
118 463
118 255
118 480
118 156
118 195
118 453
118 206
118 401
118 347
118 449
118 340
118 437
118 334
118 172
118 124
118 351
118 311
118 225
118 200
118 446
118 427
119 174
119 151
119 121
119 271
119 359
119 395
119 262
119 430
119 277
119 282
119 265
119 442
119 341
119 178
119 325
119 285
119 182
119 176
119 447
119 261
119 407
119 309
119 431
119 286
119 445
119 147
120 324
120 423
120 450
120 242
120 124
120 161
120 147
120 281
120 216
120 295
120 139
120 440
120 405
120 461
120 412
120 363
120 197
120 406
120 189
120 396
120 349
121 476
121 292
121 150
121 462
121 290
121 134
121 262
121 372
121 132
121 172
121 216
121 424
121 237
121 281
121 303
121 283
121 154
121 487
121 202
121 485
121 220
121 363
121 378
122 339
122 340
122 344
122 154
122 311
122 384
122 256
122 142
122 290
122 378
122 297
122 324
122 456
122 232
122 190
122 160
122 383
122 252
122 400
122 451
122 229
122 129
122 345
122 128
123 207
123 400
123 361
123 213
123 354
123 143
123 477
123 158
123 332
123 364
123 409
123 494
123 482
123 362
123 417
123 181
123 352
123 333
123 410
123 282
123 431
123 230
123 370
123 242
123 175
123 341
123 152
123 161
123 478
124 411
124 240
124 244
124 271
124 256
124 296
124 468
124 238
124 394
124 386
124 366
124 253
124 364
124 303
124 430
124 398
124 425
124 461
124 213
124 359
124 312
124 336
124 482
124 176
124 499
124 351
124 308
124 469
124 448
124 454
124 165
124 375
124 173
124 248
124 236
125 383
125 493
125 297
125 450
125 291
125 250
125 394
125 333
125 352
125 347
125 437
125 309
125 164
125 294
125 201
125 475
125 140
125 284
125 275
125 411
125 354
125 483
125 363
125 420
125 234
125 343
125 278
125 282
125 344
125 281
125 372
125 480
125 143
126 373
126 208
126 245
126 403
126 201
126 355
126 311
126 392
126 394
126 237
126 354
126 482
126 139
126 229
126 289
126 265
126 233
126 371
126 206
126 172
126 329
126 202
126 318
126 331
126 175
126 479
126 158
126 457
126 259
126 285
126 416
126 351
127 415
127 250
127 412
127 164
127 130
127 429
127 366
127 252
127 145
127 289
127 480
127 275
127 358
127 392
127 139
127 436
127 428
127 357
127 237
127 375
127 203
127 224
127 264
127 470
127 460
127 315
127 335
127 288
128 442
128 398
128 396
128 425
128 239
128 201
128 183
128 426
128 446
128 480
128 483
128 244
128 138
128 237
128 266
128 317
128 242
128 382
128 253
128 140
128 353
128 191
128 368
128 179
128 268
128 155
128 469
128 334
128 158
128 370
128 270
128 168
129 272
129 169
129 386
129 327
129 273
129 148
129 243
129 235
129 483
129 198
129 380
129 354
129 167
129 479
129 249
129 242
129 444
129 153
129 133
129 475
129 375
129 253
129 337
129 415
129 195
129 238
129 310
129 145
129 183
129 417
129 174
129 157
129 251
129 210
129 411
129 454
130 444
130 335
130 341
130 412
130 381
130 321
130 200
130 181
130 240
130 432
130 430
130 464
130 441
130 156
130 144
130 148
130 494
130 276
130 287
130 278
130 425
130 187
130 472
130 189
130 382
130 233
130 280
131 395
131 350
131 185
131 375
131 340
131 200
131 221
131 438
131 344
131 450
131 204
131 285
131 168
131 296
131 320
131 142
131 352
131 333
131 325
131 470
131 367
131 319
131 255
131 388
131 251
131 390
131 143
131 372
132 497
132 239
132 150
132 463
132 364
132 489
132 194
132 458
132 366
132 303
132 436
132 394
132 170
132 355
132 381
132 201
132 346
132 498
132 437
132 415
132 401
132 400
133 326
133 258
133 321
133 347
133 226
133 461
133 189
133 286
133 431
133 294
133 154
133 382
133 255
133 366
133 277
133 203
133 352
133 497
133 157
133 437
133 435
133 436
133 176
133 297
133 457
133 213
133 349
133 498
133 360
133 208
134 473
134 467
134 268
134 256
134 440
134 299
134 274
134 369
134 454
134 338
134 262
134 480
134 392
134 178
134 267
134 252
134 201
134 359
134 413
134 311
134 149
135 359
135 357
135 481
135 236
135 163
135 334
135 337
135 198
135 306
135 142
135 244
135 205
135 221
135 217
135 172
135 415
135 383
135 175
135 315
135 295
135 228
135 152
135 174
135 309
135 218
135 188
135 424
135 247
135 272
136 484
136 405
136 233
136 488
136 251
136 366
136 218
136 248
136 363
136 195
136 300
136 350
136 244
136 440
136 342
136 239
136 449
136 276
136 404
136 351
136 416
136 210
136 452
136 145
136 141
136 290
136 144
136 442
136 196
137 142
137 358
137 310
137 407
137 338
137 291
137 343
137 365
137 408
137 354
137 159
137 334
137 465
137 423
137 183
137 386
137 488
137 263
137 472
137 295
137 474
137 342
138 259
138 398
138 486
138 154
138 209
138 301
138 294
138 419
138 286
138 262
138 405
138 311
138 328
138 153
138 481
138 457
138 429
138 170
138 257
138 415
138 384
139 185
139 168
139 412
139 314
139 156
139 496
139 437
139 415
139 488
139 259
139 343
139 207
139 461
139 379
139 297
139 367
139 193
139 254
139 303
139 198
139 167
139 361
139 458
139 154
139 239
139 460
139 472
139 362
139 413
139 357
139 246
139 308
139 194
140 150
140 446
140 339
140 143
140 186
140 375
140 407
140 194
140 344
140 455
140 358
140 164
140 479
140 301
140 321
140 348
140 257
140 467
140 294
140 269
140 285
140 359
140 282
140 422
140 474
140 395
140 322
140 201
140 449
140 354
140 405
140 387
140 259
141 168
141 320
141 153
141 243
141 233
141 216
141 272
141 158
141 283
141 172
141 229
141 261
141 394
141 496
141 482
141 463
141 212
141 396
141 469
141 259
141 184
141 484
141 257
141 305
141 388
141 490
141 466
141 310
142 437
142 374
142 216
142 183
142 382
142 375
142 286
142 226
142 227
142 361
142 237
142 229
142 494
142 281
142 324
142 371
142 271
142 478
142 322
142 434
142 236
142 459
142 330
142 397
142 246
142 259
142 420
142 349
142 365
143 273
143 311
143 191
143 377
143 208
143 275
143 291
143 330
143 468
143 444
143 482
143 382
143 419
143 340
143 297
143 393
143 234
143 447
143 379
143 192
143 316
143 266
143 323
143 301
143 418
143 399
143 160
143 226
144 243
144 349
144 401
144 191
144 275
144 387
144 320
144 358
144 225
144 234
144 448
144 479
144 381
144 496
144 365
144 198
144 145
144 283
144 311
144 430
144 335
144 235
144 475
145 478
145 190
145 367
145 264
145 436
145 161
145 336
145 219
145 375
145 393
145 461
145 327
145 491
145 350
145 177
145 479
145 182
145 278
145 180
145 215
145 409
145 356
145 466
145 447
145 197
145 207
145 176
145 224
146 387
146 331
146 185
146 402
146 329
146 210
146 478
146 388
146 273
146 406
146 391
146 298
146 147
146 374
146 410
146 447
146 220
146 349
147 337
147 185
147 296
147 389
147 298
147 440
147 253
147 349
147 390
147 353
147 341
147 342
147 161
147 165
147 330
147 473
147 226
147 302
147 457
147 181
147 368
147 153
147 209
148 398
148 347
148 327
148 200
148 335
148 496
148 154
148 179
148 484
148 245
148 249
148 381
148 256
148 364
148 276
148 222
148 316
148 497
148 458
148 470
148 392
148 456
148 373
148 203
149 203
149 240
149 189
149 235
149 316
149 270
149 428
149 362
149 358
149 224
149 467
149 399
149 163
149 217
149 194
149 365
149 377
149 215
149 429
149 360
149 246
149 371
149 342
149 331
150 316
150 361
150 266
150 406
150 438
150 339
150 276
150 338
150 372
150 352
150 215
150 295
150 403
150 324
150 497
150 437
150 172
150 386
150 424
150 461
150 464
150 371
150 418
150 417
150 220
150 288
150 405
150 287
150 203
150 269
150 285
150 322
150 250
150 200
151 233
151 264
151 266
151 299
151 419
151 321
151 312
151 495
151 484
151 491
151 428
151 468
151 389
151 320
151 274
151 402
151 369
151 425
151 329
151 189
151 354
151 271
151 403
151 441
151 224
151 398
151 438
151 444
151 353
151 487
151 477
151 261
151 294
152 349
152 444
152 177
152 387
152 170
152 488
152 231
152 211
152 158
152 377
152 489
152 339
152 398
152 470
152 473
152 318
152 301
152 201
152 321
152 208
152 284
152 253
152 303
152 391
152 393
152 352
152 332
152 430
152 276
152 363
152 197
152 229
152 487
152 288
152 359
152 433
152 249
153 311
153 460
153 439
153 253
153 247
153 271
153 440
153 291
153 185
153 303
153 403
153 183
153 443
153 156
153 197
153 243
153 298
153 356
153 419
153 236
153 313
153 206
153 468
153 195
153 165
153 162
153 166
153 445
153 465
153 276
153 350
153 309
153 376
153 401
153 310
153 173
153 305
153 416
153 404
153 227
154 389
154 475
154 258
154 399
154 380
154 457
154 170
154 315
154 422
154 366
154 463
154 452
154 156
154 464
154 432
154 474
154 440
154 290
154 227
154 423
154 386
154 497
155 178
155 335
155 380
155 205
155 264
155 251
155 161
155 440
155 377
155 441
155 391
155 240
155 226
155 353
155 423
155 392
155 460
155 278
155 191
155 435
155 263
155 411
155 486
155 372
155 404
155 279
156 412
156 448
156 327
156 219
156 425
156 388
156 474
156 288
156 315
156 207
156 179
156 222
156 488
156 200
156 476
156 323
157 421
157 196
157 445
157 270
157 249
157 479
157 369
157 418
157 362
157 166
157 245
157 338
157 371
157 385
157 489
157 182
157 224
157 199
157 222
157 221
157 386
157 159
157 387
157 344
157 275
157 408
157 331
157 190
157 239
157 345
157 308
157 223
158 454
158 375
158 295
158 488
158 367
158 319
158 276
158 284
158 163
158 237
158 492
158 336
158 478
158 296
158 189
158 453
158 267
158 160
158 472
158 378
158 290
158 220
158 201
158 434
158 326
158 418
158 461
158 354
158 481
158 390
159 163
159 173
159 415
159 196
159 397
159 209
159 225
159 422
159 244
159 224
159 265
159 473
159 230
159 463
159 346
159 275
159 233
159 471
159 381
159 165
159 241
159 449
159 395
159 396
159 496
159 392
159 375
159 499
159 370
159 231
159 365
159 435
159 182
160 490
160 494
160 255
160 366
160 259
160 478
160 450
160 343
160 378
160 207
160 190
160 277
160 480
160 462
160 203
160 177
160 441
160 258
160 424
160 347
160 405
160 226
160 315
161 196
161 377
161 330
161 296
161 423
161 431
161 299
161 412
161 390
161 411
161 395
161 389
161 307
161 398
161 202
161 437
161 385
161 358
161 258
161 476
161 177
161 218
161 268
161 280
161 318
161 229
161 264
162 432
162 324
162 260
162 451
162 317
162 283
162 428
162 333
162 421
162 341
162 370
162 489
162 187
162 470
162 429
162 445
162 280
162 325
162 256
162 498
162 362
162 306
162 262
162 369
162 278
163 464
163 219
163 211
163 176
163 487
163 441
163 197
163 308
163 435
163 404
163 423
163 431
163 167
163 229
163 192
163 185
163 182
163 235
163 265
163 234
163 260
163 382
163 311
163 328
163 361
163 307
163 166
163 400
164 460
164 253
164 251
164 283
164 277
164 218
164 313
164 393
164 441
164 206
164 346
164 223
164 395
164 363
164 191
164 432
164 307
164 447
164 190
164 336
164 491
164 485
164 309
164 210
164 237
164 473
165 255
165 478
165 321
165 437
165 435
165 260
165 349
165 377
165 403
165 210
165 450
165 262
165 422
165 291
165 290
165 219
165 305
165 166
165 264
165 439
165 195
165 294
165 346
165 256
165 300
165 481
165 423
165 365
165 292
165 209
165 226
165 436
165 420
166 404
166 485
166 420
166 235
166 285
166 442
166 291
166 443
166 441
166 303
166 167
166 254
166 457
166 231
166 267
166 177
166 257
166 182
166 262
166 299
166 478
166 298
166 373
166 259
166 275
167 236
167 495
167 283
167 395
167 417
167 308
167 420
167 387
167 175
167 438
167 445
167 194
167 483
167 381
167 244
167 384
167 187
167 416
167 259
167 336
167 311
167 475
167 273
167 449
167 439
167 310
168 294
168 360
168 452
168 329
168 371
168 249
168 379
168 471
168 372
168 234
168 198
168 184
168 205
168 367
168 350
168 178
168 269
168 373
168 218
168 383
168 485
169 197
169 499
169 373
169 455
169 466
169 360
169 483
169 268
169 325
169 383
169 435
169 284
169 430
169 192
169 475
169 228
169 421
169 286
169 309
169 210
169 316
170 419
170 426
170 438
170 329
170 295
170 496
170 300
170 274
170 379
170 207
170 430
170 377
170 233
170 336
170 288
170 416
170 442
170 462
170 412
170 226
170 404
170 453
170 450
170 308
170 287
170 303
170 327
170 269
170 212
170 307
170 401
170 211
170 403
171 497
171 227
171 370
171 192
171 411
171 234
171 459
171 176
171 300
171 480
171 232
171 368
171 488
171 444
171 422
171 314
171 336
171 356
171 250
171 344
171 293
171 306
171 262
171 276
171 431
171 248
171 288
171 205
171 213
171 372
172 473
172 195
172 436
172 239
172 476
172 381
172 366
172 193
172 306
172 179
172 437
172 291
172 457
172 276
172 301
172 390
172 325
172 409
172 260
172 274
172 495
172 379
173 492
173 397
173 419
173 343
173 301
173 437
173 304
173 267
173 448
173 310
173 273
173 415
173 389
173 403
173 497
173 244
173 223
173 359
173 254
173 224
173 344
173 277
173 390
174 437
174 214
174 439
174 258
174 220
174 195
174 299
174 440
174 248
174 370
174 194
174 267
174 212
174 223
174 217
174 417
174 444
174 315
174 246
174 429
174 202
174 307
174 295
174 312
174 186
174 178
174 361
174 207
174 401
174 245
174 268
175 393
175 275
175 277
175 329
175 330
175 227
175 177
175 383
175 321
175 232
175 375
175 217
175 374
175 417
175 380
175 349
175 186
175 336
175 401
175 406
175 200
175 389
175 300
175 229
175 247
176 213
176 320
176 348
176 455
176 251
176 457
176 431
176 394
176 404
176 391
176 272
176 240
176 194
176 395
176 401
176 334
176 387
176 322
176 353
176 367
176 405
176 400
176 493
176 411
176 442
176 403
176 239
176 425
176 182
176 234
177 431
177 484
177 209
177 368
177 427
177 337
177 498
177 449
177 495
177 475
177 386
177 358
177 281
177 383
177 419
177 459
177 374
177 397
177 425
177 246
177 434
177 486
177 491
178 193
178 404
178 223
178 240
178 290
178 376
178 483
178 462
178 394
178 248
178 201
178 396
178 408
178 450
178 463
178 447
178 273
178 445
178 410
178 256
178 412
178 272
178 488
178 259
178 466
178 476
178 365
178 353
178 329
178 235
178 219
178 337
178 317
178 495
179 327
179 370
179 487
179 287
179 464
179 292
179 276
179 336
179 269
179 253
179 275
179 391
179 397
179 358
179 234
179 304
179 277
179 437
179 325
179 310
179 312
179 300
179 361
179 215
179 237
179 264
179 263
180 415
180 201
180 440
180 189
180 479
180 256
180 284
180 301
180 397
180 220
180 469
180 222
180 498
180 493
180 265
180 264
180 460
180 246
180 443
180 388
180 366
180 499
180 255
180 277
180 213
181 244
181 211
181 328
181 442
181 235
181 443
181 462
181 309
181 493
181 334
181 299
181 208
181 246
181 460
181 200
181 245
181 352
181 319
181 479
181 409
181 201
181 204
181 240
182 368
182 479
182 497
182 336
182 384
182 233
182 214
182 410
182 289
182 322
182 331
182 275
182 286
182 249
182 301
182 357
182 254
182 284
182 462
182 374
182 281
182 408
182 442
182 441
182 349
182 427
182 337
182 340
183 357
183 392
183 400
183 189
183 335
183 344
183 499
183 425
183 291
183 447
183 195
183 190
183 283
183 351
183 359
183 493
183 299
183 336
183 461
183 346
183 332
183 442
184 397
184 245
184 253
184 215
184 487
184 281
184 273
184 420
184 387
184 450
184 223
184 193
184 292
184 320
184 286
184 198
184 359
185 347
185 194
185 271
185 260
185 445
185 241
185 401
185 427
185 261
185 288
185 313
185 221
185 329
185 400
185 365
185 291
185 428
185 459
185 497
185 458
185 437
185 477
185 263
185 431
185 196
185 262
186 208
186 438
186 252
186 461
186 484
186 415
186 337
186 443
186 230
186 383
186 478
186 362
186 359
186 260
186 215
186 204
186 449
186 474
186 456
186 205
186 492
187 228
187 275
187 395
187 293
187 213
187 412
187 248
187 273
187 189
187 475
187 388
187 448
187 327
187 394
187 489
187 491
187 494
187 303
187 190
187 393
187 473
187 398
188 454
188 243
188 399
188 437
188 390
188 417
188 289
188 267
188 425
188 432
188 202
188 402
188 301
188 362
188 349
188 404
188 214
189 401
189 457
189 216
189 460
189 498
189 367
189 218
189 360
189 259
189 447
189 249
189 454
189 463
189 265
190 307
190 208
190 270
190 464
190 248
190 349
190 387
190 355
190 404
190 353
190 339
190 314
190 294
190 436
190 192
190 215
190 476
190 227
190 383
190 331
191 298
191 497
191 482
191 445
191 352
191 421
191 378
191 271
191 242
191 293
191 232
191 376
191 223
191 416
191 195
191 210
192 273
192 436
192 325
192 229
192 370
192 476
192 259
192 266
192 494
192 400
192 455
192 323
192 464
192 444
192 215
192 207
192 195
192 302
192 231
192 397
192 378
192 308
192 262
192 395
192 285
192 316
192 196
192 427
193 433
193 472
193 378
193 344
193 268
193 305
193 398
193 212
193 362
193 240
193 478
193 371
193 401
193 266
193 377
193 490
193 439
193 385
193 224
193 219
193 450
193 335
193 350
193 431
193 211
193 332
193 331
193 437
194 481
194 276
194 427
194 205
194 451
194 400
194 475
194 268
194 339
194 321
194 363
194 308
194 330
194 312
194 310
194 255
194 408
194 248
194 302
194 437
194 237
194 252
194 219
194 388
194 231
195 197
195 425
195 217
195 455
195 462
195 461
195 284
195 378
195 428
195 351
195 451
195 442
195 314
195 199
195 264
195 381
195 452
195 495
195 344
195 302
196 221
196 260
196 382
196 365
196 459
196 199
196 439
196 420
196 316
196 492
196 376
196 344
196 342
196 320
196 461
196 335
196 395
196 212
196 265
196 317
196 443
196 274
196 445
197 211
197 459
197 384
197 332
197 377
197 204
197 277
197 358
197 409
197 227
197 445
197 400
197 228
197 479
197 486
197 376
197 398
197 451
197 492
197 235
197 497
197 273
197 353
197 210
198 396
198 449
198 294
198 313
198 446
198 441
198 366
198 203
198 376
198 215
198 477
198 284
198 248
198 245
198 499
198 214
198 414
198 355
199 486
199 252
199 292
199 473
199 342
199 259
199 399
199 267
199 307
199 483
199 250
199 326
199 422
199 457
199 241
199 265
199 438
199 439
199 464
199 242
199 482
199 496
200 479
200 407
200 484
200 462
200 315
200 393
200 266
200 257
200 208
200 333
200 256
200 275
200 247
200 337
200 468
200 272
200 330
200 392
200 459
200 271
200 418
200 362
200 344
200 317
201 433
201 299
201 379
201 211
201 418
201 304
201 384
201 342
201 487
201 345
201 251
201 412
201 220
201 451
201 235
201 330
201 328
201 341
201 282
201 327
201 335
202 492
202 421
202 225
202 229
202 363
202 458
202 246
202 349
202 381
202 281
202 481
202 425
202 239
202 216
202 479
202 419
202 463
202 378
203 452
203 234
203 271
203 345
203 364
203 358
203 497
203 320
203 395
203 350
203 310
203 254
203 499
203 463
203 398
203 455
203 316
203 317
203 453
203 393
203 478
203 419
204 230
204 378
204 273
204 478
204 224
204 282
204 257
204 210
204 408
204 308
204 217
204 464
204 365
204 406
204 497
204 360
204 288
204 256
205 303
205 325
205 327
205 431
205 318
205 310
205 468
205 230
205 332
205 379
205 305
205 402
205 405
205 264
205 278
205 466
205 330
205 487
205 350
205 469
205 441
205 471
206 382
206 282
206 240
206 437
206 320
206 406
206 224
206 331
206 416
206 352
206 499
206 393
206 258
206 450
206 227
206 402
206 376
206 325
206 461
207 311
207 297
207 421
207 403
207 337
207 479
207 374
207 347
207 269
207 284
207 433
207 474
207 428
207 441
207 262
207 452
207 306
207 324
207 278
207 438
207 219
207 370
207 391
207 354
207 388
207 232
208 340
208 305
208 295
208 243
208 481
208 313
208 376
208 228
208 498
208 254
208 298
208 457
208 334
208 265
208 351
208 401
208 260
208 317
208 274
208 405
208 246
208 282
208 291
209 481
209 222
209 334
209 344
209 254
209 454
209 477
209 438
209 346
209 263
209 487
209 261
209 311
209 428
209 281
209 394
209 422
209 227
209 437
210 456
210 228
210 428
210 344
210 415
210 313
210 267
210 422
210 406
210 459
210 329
210 376
210 424
210 291
210 371
210 470
210 405
210 433
210 358
210 396
210 484
210 235
211 478
211 274
211 252
211 237
211 344
211 489
211 465
211 416
211 322
211 469
211 479
211 290
211 219
211 485
211 360
211 394
211 361
212 240
212 296
212 384
212 243
212 402
212 248
212 328
212 305
212 361
212 454
212 327
212 389
212 453
212 235
212 347
212 231
212 461
212 310
212 417
212 363
212 444
212 381
212 463
213 262
213 235
213 458
213 269
213 489
213 220
213 363
213 441
213 421
213 405
213 283
213 432
213 243
213 227
213 403
213 248
213 468
213 294
213 226
213 397
213 440
213 446
213 259
213 425
213 484
213 307
213 310
213 467
214 424
214 347
214 468
214 246
214 336
214 475
214 472
214 360
214 342
214 476
214 490
214 335
214 452
214 232
214 263
214 458
214 397
214 259
214 304
214 301
214 245
214 343
214 498
214 368
215 224
215 255
215 309
215 227
215 317
215 259
215 343
215 368
215 378
215 232
215 244
215 344
215 370
215 268
215 217
215 334
215 302
215 364
215 415
215 281
215 474
215 418
215 335
215 386
216 395
216 353
216 435
216 298
216 259
216 352
216 334
216 269
216 371
216 367
216 396
216 331
216 322
216 473
216 320
216 490
216 249
216 217
216 222
216 301
216 326
216 372
216 402
216 218
216 231
216 497
217 343
217 269
217 361
217 471
217 395
217 410
217 488
217 259
217 499
217 397
217 495
217 357
217 225
217 359
217 461
217 303
217 458
217 236
217 268
217 356
217 252
217 445
217 493
217 457
217 218
217 452
217 433
218 260
218 219
218 407
218 415
218 488
218 381
218 297
218 458
218 482
218 487
218 240
218 438
218 294
218 308
218 399
218 429
218 369
218 320
218 278
218 382
218 271
218 343
218 238
218 419
218 375
218 477
218 338
219 286
219 435
219 222
219 357
219 265
219 372
219 436
219 236
219 485
219 347
219 434
219 438
219 471
219 382
219 343
219 359
219 266
219 480
219 399
220 260
220 403
220 387
220 471
220 314
220 267
220 259
220 374
220 353
220 377
220 369
220 269
220 370
220 221
220 434
220 415
220 389
220 494
220 266
220 474
221 282
221 432
221 249
221 488
221 304
221 386
221 340
221 226
221 329
221 326
221 336
221 381
221 325
221 450
221 291
221 358
221 376
221 391
221 441
221 294
221 482
221 353
222 297
222 398
222 351
222 428
222 485
222 292
222 490
222 489
222 368
222 462
222 336
222 285
222 294
222 466
222 298
222 395
222 438
222 429
222 347
222 255
222 389
223 451
223 402
223 338
223 431
223 425
223 281
223 496
223 448
223 398
223 400
223 463
223 394
223 390
223 478
223 315
223 477
223 427
223 497
223 376
224 445
224 231
224 353
224 460
224 480
224 271
224 367
224 281
224 273
224 421
224 241
224 278
224 482
224 436
224 420
224 277
224 476
224 491
224 477
224 468
225 267
225 305
225 336
225 396
225 322
225 279
225 289
225 264
225 364
225 234
225 414
225 407
225 250
225 393
225 360
225 323
225 285
225 369
225 398
225 331
225 482
225 290
225 491
226 271
226 284
226 355
226 408
226 354
226 241
226 473
226 282
226 458
226 314
226 457
226 426
226 418
226 343
226 419
226 229
226 288
226 265
226 470
226 410
227 320
227 268
227 389
227 366
227 339
227 304
227 395
227 251
227 477
227 487
227 371
227 405
227 475
227 257
227 249
227 496
227 264
227 358
227 246
227 283
227 454
227 452
227 463
228 232
228 455
228 364
228 331
228 405
228 240
228 462
228 243
228 399
228 385
228 379
228 419
228 351
228 489
228 475
228 464
228 335
229 384
229 392
229 385
229 364
229 431
229 286
229 398
229 328
229 464
229 401
229 445
229 447
229 293
229 479
229 423
229 380
230 369
230 250
230 264
230 277
230 259
230 240
230 353
230 469
230 412
230 350
230 427
230 499
230 382
230 255
230 471
230 301
230 310
230 276
231 374
231 479
231 487
231 471
231 338
231 300
231 322
231 336
231 324
231 358
231 441
231 246
231 236
231 360
231 429
231 353
231 248
231 423
231 434
231 469
231 307
231 253
231 484
232 458
232 289
232 257
232 296
232 358
232 311
232 381
232 451
232 369
232 415
232 356
232 439
232 285
232 426
232 450
232 474
232 260
232 454
232 300
232 233
232 434
232 448
232 274
232 465
232 445
232 235
232 277
232 262
232 397
233 412
233 404
233 399
233 354
233 458
233 291
233 274
233 287
233 464
233 306
233 394
233 449
233 489
233 339
233 270
233 487
233 280
233 397
233 359
233 494
233 336
234 439
234 314
234 465
234 428
234 412
234 459
234 490
234 306
234 357
234 268
234 436
234 497
234 492
234 283
234 275
234 342
234 370
234 449
234 445
234 480
234 491
234 331
234 433
234 258
234 279
235 416
235 422
235 399
235 457
235 470
235 485
235 391
235 362
235 372
235 482
235 256
235 376
235 483
235 403
235 340
235 380
235 430
235 342
235 385
235 242
235 394
235 331
235 400
235 389
235 248
235 309
235 468
235 488
235 263
235 450
235 432
235 463
235 407
235 426
236 399
236 257
236 301
236 269
236 285
236 237
236 373
236 380
236 352
236 330
236 267
236 322
236 371
236 350
236 422
236 300
236 284
236 346
236 434
236 417
237 477
237 275
237 352
237 482
237 499
237 448
237 417
237 410
237 443
237 319
237 316
237 364
237 261
237 326
237 332
237 439
237 336
237 338
238 279
238 405
238 462
238 359
238 490
238 464
238 458
238 299
238 253
238 285
238 329
238 451
238 492
238 268
238 257
238 404
238 457
238 499
238 260
239 374
239 275
239 449
239 425
239 438
239 294
239 243
239 474
239 272
239 325
239 329
239 282
239 381
239 402
239 314
239 473
239 354
239 253
240 446
240 355
240 265
240 255
240 430
240 279
240 253
240 434
240 479
240 316
240 298
240 363
240 249
240 332
240 348
240 328
240 456
240 431
240 472
240 425
240 309
240 463
240 465
240 391
240 379
240 339
241 267
241 410
241 339
241 406
241 364
241 272
241 302
241 315
241 466
241 470
241 446
241 264
241 329
241 493
241 498
241 424
241 310
241 268
241 380
241 318
241 458
242 323
242 473
242 345
242 450
242 481
242 333
242 458
242 321
242 421
242 262
242 358
242 362
242 315
242 479
243 277
243 411
243 344
243 273
243 382
243 384
243 360
243 446
243 458
243 409
243 255
243 495
243 288
243 325
243 383
243 323
243 456
243 330
243 445
243 268
244 252
244 362
244 334
244 490
244 389
244 355
244 307
244 438
244 434
244 262
244 372
244 487
244 277
244 310
244 381
244 290
244 466
244 261
244 360
244 352
244 396
244 347
244 365
244 306
244 421
244 325
244 373
245 271
245 272
245 407
245 498
245 435
245 446
245 323
245 344
245 473
245 469
245 331
245 376
245 494
245 316
245 358
245 321
245 387
245 282
245 292
245 265
245 406
245 311
245 474
245 253
245 354
245 448
246 411
246 295
246 301
246 358
246 451
246 364
246 277
246 425
246 486
246 435
246 304
247 478
247 290
247 487
247 427
247 356
247 284
247 301
247 419
247 269
247 361
247 342
247 483
247 499
247 396
248 438
248 295
248 296
248 322
248 301
248 478
248 426
248 387
248 433
248 306
248 400
248 415
248 348
248 460
248 268
248 401
249 457
249 373
249 499
249 459
249 484
249 466
249 458
249 375
249 307
249 311
249 316
249 476
249 284
249 336
249 371
249 472
249 407
249 401
249 397
249 399
249 470
250 384
250 433
250 352
250 343
250 438
250 349
250 460
250 291
250 486
250 261
250 296
250 428
250 379
250 321
250 289
250 453
250 425
250 325
250 275
250 473
250 298
250 441
250 401
251 333
251 431
251 321
251 376
251 298
251 463
251 258
251 295
251 255
251 475
251 317
251 405
251 397
251 286
251 263
251 285
251 279
251 315
252 407
252 369
252 446
252 298
252 420
252 263
252 288
252 451
252 460
252 328
252 381
252 390
252 465
252 438
252 291
252 373
252 416
252 426
252 331
252 436
252 357
253 491
253 484
253 420
253 269
253 422
253 475
253 495
253 346
253 283
253 403
253 402
253 472
253 290
253 332
253 473
253 431
254 275
254 399
254 402
254 378
254 352
254 400
254 320
254 312
254 395
254 326
254 317
254 468
254 280
254 265
254 486
254 384
254 366
254 491
254 489
254 257
254 443
254 335
254 369
255 316
255 278
255 320
255 290
255 473
255 475
255 337
255 411
255 449
255 267
255 281
255 283
255 444
255 409
255 273
255 458
255 300
255 482
255 358
256 381
256 444
256 425
256 314
256 347
256 262
256 472
256 466
256 351
256 288
256 469
256 275
256 313
256 426
256 367
256 382
256 390
256 494
256 414
256 380
257 398
257 409
257 474
257 332
257 492
257 430
257 477
257 384
257 260
257 482
257 283
258 355
258 465
258 427
258 293
258 385
258 491
258 292
258 449
258 316
258 425
258 283
258 378
258 275
258 420
258 481
258 366
258 426
258 488
258 384
258 455
258 482
259 475
259 388
259 394
259 277
259 377
259 267
259 499
259 297
259 262
259 480
259 355
259 333
259 272
259 283
259 493
259 263
259 445
259 292
259 300
259 371
260 377
260 466
260 447
260 484
260 300
260 337
260 341
260 379
260 444
260 417
260 395
260 456
260 434
260 355
260 314
260 467
260 438
260 382
260 440
260 432
260 458
260 394
260 360
260 480
260 266
260 491
260 449
261 485
261 340
261 391
261 410
261 471
261 408
261 338
261 346
261 269
261 392
261 496
261 431
261 335
261 491
261 375
261 319
261 432
261 362
261 315
261 438
261 490
261 355
261 448
262 300
262 297
262 310
262 265
262 493
262 306
262 361
262 462
262 379
262 494
262 454
262 422
262 455
262 317
262 496
262 350
262 354
262 469
262 294
262 428
263 460
263 482
263 444
263 318
263 462
263 467
263 391
263 393
263 376
263 477
263 329
263 448
263 287
263 379
263 345
264 366
264 475
264 285
264 493
264 335
264 437
264 369
264 450
264 270
264 380
264 497
264 276
265 323
265 363
265 475
265 414
265 485
265 293
265 346
265 407
265 470
265 320
265 277
265 432
265 286
265 473
265 266
265 410
265 430
265 337
265 480
266 313
266 409
266 366
266 271
266 380
266 295
266 406
266 283
266 482
266 417
266 286
266 450
267 383
267 349
267 331
267 330
267 443
267 289
267 333
267 361
267 455
267 341
267 281
267 390
267 462
267 375
267 444
267 499
267 373
267 300
267 316
267 286
267 298
267 451
268 440
268 378
268 353
268 355
268 292
268 423
268 387
268 332
268 406
268 399
268 341
269 362
269 274
269 458
269 483
269 365
269 426
269 333
269 401
269 460
269 385
269 326
269 404
270 285
270 286
270 407
270 465
270 354
270 456
270 442
270 355
270 360
270 396
270 399
270 428
270 365
271 419
271 352
271 413
271 407
271 298
271 465
271 325
271 383
271 435
271 486
271 337
271 374
272 370
272 291
272 333
272 385
272 474
272 458
272 386
272 464
272 344
272 282
272 376
272 285
272 495
272 274
272 286
272 482
272 351
272 443
272 393
272 447
272 442
272 398
273 311
273 331
273 399
273 314
273 292
273 323
273 469
273 297
273 499
273 373
273 361
273 436
273 362
273 490
273 392
273 364
274 300
274 442
274 333
274 431
274 361
274 495
274 407
274 395
274 328
274 348
274 487
274 408
274 278
274 414
274 449
274 340
274 293
274 359
275 431
275 434
275 446
275 467
275 297
275 318
275 427
275 447
275 468
275 441
275 477
275 312
275 437
275 402
275 453
275 458
275 497
275 490
275 342
275 356
275 411
275 336
275 448
275 359
275 290
275 425
275 422
275 306
275 395
275 283
276 419
276 485
276 343
276 307
276 379
276 311
276 358
276 398
276 417
276 422
276 439
276 367
276 494
276 499
276 435
277 386
277 449
277 394
277 348
277 413
277 467
277 376
277 461
277 450
277 354
277 428
277 401
277 325
277 298
277 332
277 339
278 432
278 319
278 465
278 325
278 475
278 431
278 323
278 343
278 478
278 425
278 484
278 297
278 409
278 372
278 445
279 473
279 392
279 460
279 286
279 462
279 378
279 382
279 425
279 414
279 350
280 447
280 326
280 428
280 357
280 485
280 307
280 468
280 335
280 496
280 491
280 476
280 356
280 306
280 293
280 473
280 391
280 397
280 382
280 304
281 479
281 414
281 320
281 326
281 427
281 412
281 456
281 314
281 402
281 451
281 440
281 457
281 312
281 363
281 482
281 417
282 409
282 475
282 445
282 458
282 385
282 439
282 469
282 320
282 408
282 359
282 286
282 326
282 402
282 380
282 471
282 437
282 479
282 318
282 429
282 345
283 289
283 356
283 451
283 344
283 310
283 431
283 499
283 304
283 400
283 469
283 426
283 419
283 417
283 406
283 368
283 342
283 471
283 424
283 297
284 392
284 298
284 451
284 305
284 465
284 327
284 312
284 332
284 322
284 397
284 498
284 408
284 483
284 423
284 357
284 293
284 482
284 430
284 445
284 480
285 360
285 302
285 321
285 462
285 404
285 290
285 352
285 406
285 486
285 420
285 377
285 489
285 440
285 392
285 387
285 396
285 385
285 336
286 394
286 434
286 363
286 304
286 389
286 359
286 473
286 312
286 414
286 290
286 443
286 387
286 382
286 307
286 486
286 407
286 492
286 426
286 289
286 469
286 328
287 324
287 447
287 417
287 307
287 376
287 315
287 477
287 396
287 386
287 444
287 459
287 485
288 412
288 330
288 345
288 379
288 298
288 470
288 483
288 499
288 339
288 481
288 420
288 399
288 464
289 402
289 324
289 450
289 361
289 392
289 426
289 341
289 335
289 389
289 356
289 319
289 418
289 488
289 306
289 436
289 403
289 466
290 309
290 355
290 458
290 362
290 447
290 437
290 416
290 376
290 473
290 485
290 320
290 477
291 477
291 333
291 316
291 448
291 486
291 363
291 449
291 362
291 308
291 445
291 400
291 463
291 304
291 424
291 469
292 358
292 339
292 314
292 371
292 327
292 437
292 484
292 487
292 474
292 396
292 401
292 416
292 394
292 460
292 336
292 373
292 400
292 378
293 383
293 322
293 416
293 420
293 426
293 433
293 297
293 374
293 343
293 333
293 461
293 361
293 375
294 319
294 370
294 416
294 397
294 337
294 359
294 315
294 482
294 431
294 454
294 352
294 335
294 471
294 388
294 455
294 330
294 394
295 337
295 381
295 371
295 321
295 439
295 476
295 386
295 423
295 328
295 472
295 348
295 346
295 379
296 469
296 433
296 393
296 396
296 343
296 307
296 449
296 432
296 387
296 456
296 378
296 358
296 426
296 369
296 401
296 444
296 402
296 427
296 331
296 465
296 470
297 397
297 309
297 479
297 364
297 497
297 412
297 336
297 453
297 443
297 326
297 328
297 413
297 488
297 427
298 464
298 354
298 461
298 379
298 465
298 433
298 345
298 373
298 413
298 388
298 407
298 468
298 405
298 398
298 440
298 434
298 386
299 482
299 401
299 330
299 445
299 366
299 470
299 491
299 416
299 495
299 490
299 388
299 455
299 464
299 381
299 402
299 441
299 452
300 448
300 497
300 429
300 305
300 339
300 401
300 348
300 361
301 313
301 389
301 451
301 491
301 499
301 419
301 312
301 406
301 329
301 454
301 315
301 464
301 485
301 360
301 348
301 414
301 327
301 437
301 368
301 324
301 363
301 415
302 473
302 476
302 400
302 445
302 348
302 389
302 363
302 481
302 465
302 452
302 330
302 407
302 499
302 316
302 338
302 471
303 481
303 449
303 377
303 480
303 479
303 340
303 439
303 331
303 435
303 359
303 461
304 441
304 489
304 338
304 457
304 499
304 361
304 401
304 417
304 371
304 383
304 382
304 481
305 378
305 407
305 382
305 326
305 426
305 341
305 366
305 317
305 468
305 334
305 438
305 360
305 331
305 488
305 333
306 451
306 440
306 408
306 435
306 328
306 347
306 428
306 449
306 488
306 365
306 308
306 315
306 458
306 316
306 431
306 468
306 371
306 484
306 398
307 387
307 310
307 434
307 314
307 332
307 334
307 356
307 480
307 418
308 398
308 344
308 400
308 454
308 329
308 358
308 375
308 328
308 343
308 423
308 493
308 488
308 442
308 393
308 341
308 476
308 425
308 338
308 429
308 408
309 409
309 412
309 457
309 408
309 461
309 411
309 327
309 487
309 407
309 325
309 400
309 445
309 493
309 382
309 362
309 333
309 334
309 460
310 413
310 348
310 424
310 417
310 404
310 488
310 482
310 472
310 414
310 373
310 331
310 443
310 364
310 485
310 494
311 419
311 499
311 329
311 327
311 348
311 354
311 487
311 384
311 316
311 414
311 436
311 347
311 441
311 431
311 466
311 408
311 318
311 437
311 488
311 494
311 415
311 496
311 485
312 477
312 466
312 426
312 350
312 411
312 375
312 374
312 348
312 381
312 319
312 475
312 332
312 421
312 457
313 335
313 492
313 453
313 448
313 422
313 347
313 410
313 351
313 465
313 479
313 324
313 473
313 442
313 376
313 343
313 484
313 415
313 357
314 468
314 338
314 407
314 463
314 493
314 402
314 483
314 451
314 481
314 324
315 479
315 332
315 440
315 449
315 420
315 435
315 351
316 462
316 441
316 349
316 395
316 389
316 324
316 467
316 409
316 499
316 458
316 348
316 353
316 448
316 423
316 368
316 374
316 400
317 438
317 434
317 339
317 472
317 408
317 364
317 377
317 328
317 478
317 366
317 466
317 424
318 341
318 466
318 473
318 389
318 437
318 491
318 400
318 457
318 390
318 382
318 434
318 327
318 334
319 444
319 435
319 417
319 433
319 493
319 397
319 426
319 452
319 322
319 357
319 387
319 343
319 472
319 410
319 403
319 392
319 451
319 483
319 388
319 416
319 454
320 497
320 359
320 403
320 390
320 453
320 344
320 485
320 491
320 395
320 472
320 408
320 328
320 371
321 374
321 362
321 322
321 386
321 401
321 359
321 373
321 409
321 485
321 434
321 480
321 350
322 452
322 417
322 372
322 358
322 430
322 416
322 455
323 489
323 471
323 444
323 328
323 495
323 343
323 454
323 418
323 381
323 360
323 388
323 436
323 327
324 463
324 432
324 486
324 399
324 424
324 430
324 337
325 494
325 343
325 390
325 335
325 489
325 383
325 485
325 379
325 403
325 471
325 468
325 372
325 368
325 392
325 332
325 357
325 461
325 346
326 483
326 411
326 416
326 400
326 382
326 433
326 361
326 499
326 493
326 378
326 484
326 413
326 468
327 384
327 365
327 499
327 476
327 420
327 375
327 401
327 443
327 389
327 364
327 344
327 372
328 340
328 418
328 491
328 339
328 391
328 357
328 439
328 483
328 481
328 383
328 498
328 432
328 349
328 359
329 352
329 454
329 369
329 480
329 434
329 431
329 404
329 469
329 416
329 496
329 374
329 392
329 430
330 414
330 392
330 445
330 332
330 425
330 397
330 451
330 359
330 335
330 442
330 381
330 354
330 409
330 492
331 362
331 366
331 336
331 492
331 360
331 468
331 372
331 401
332 447
332 377
332 370
332 341
332 398
332 401
332 417
332 411
332 479
332 467
332 489
332 486
332 336
333 450
333 367
333 419
333 491
333 394
333 352
333 467
333 431
333 366
333 479
333 458
334 428
334 471
334 371
334 490
334 420
334 361
334 377
334 381
334 404
334 466
334 358
334 367
334 424
334 460
334 383
335 468
335 346
335 410
335 419
335 448
335 396
335 459
335 491
335 449
335 436
335 339
335 431
336 446
336 388
336 345
336 386
336 440
336 433
336 465
336 462
336 430
336 485
337 377
337 446
337 385
337 370
337 382
337 375
337 441
337 400
337 380
337 476
338 399
338 363
338 435
338 375
338 465
338 412
338 489
338 428
338 478
338 457
338 353
339 444
339 447
339 403
339 376
339 488
339 404
339 394
339 424
339 389
339 365
339 414
339 349
339 360
339 369
339 366
339 384
339 452
339 479
340 441
340 413
340 461
340 398
340 350
340 345
340 486
340 484
340 412
340 383
340 375
341 381
341 486
341 368
341 387
341 399
341 402
341 450
341 406
341 455
341 438
341 374
341 403
341 405
341 449
341 470
341 457
342 410
342 398
342 379
342 418
342 345
342 375
342 346
342 406
342 383
342 468
343 482
343 459
343 402
343 357
343 499
343 406
343 465
343 390
343 359
343 363
344 383
344 382
344 403
344 380
344 441
344 396
344 357
344 404
345 496
345 484
345 350
345 386
345 475
345 371
345 487
345 486
345 424
345 362
345 416
345 497
345 460
345 372
345 412
346 436
346 465
346 417
346 397
346 378
346 480
346 352
346 445
346 464
346 434
346 381
346 349
347 381
347 499
347 374
347 421
347 455
347 457
347 444
347 464
347 395
347 391
347 416
348 443
348 442
348 422
348 408
348 456
348 453
348 352
348 361
348 384
348 373
348 467
348 376
348 431
349 378
349 467
349 447
349 352
349 461
349 384
349 470
349 401
349 455
350 436
350 412
350 492
350 378
350 383
350 480
350 379
350 353
350 417
350 452
350 372
350 392
351 442
351 473
351 370
351 419
351 474
351 440
351 482
351 449
351 490
351 423
351 361
351 479
351 471
351 447
352 399
352 354
352 430
352 443
352 360
352 394
352 454
352 381
352 387
353 433
353 459
353 355
353 447
353 368
353 372
353 460
353 466
353 359
353 383
353 441
353 389
354 444
354 437
354 449
354 360
354 368
354 498
354 446
354 454
354 483
354 364
354 388
354 448
355 363
355 424
355 436
355 386
355 416
355 369
355 440
355 423
355 383
355 445
355 472
355 469
355 419
355 390
356 368
356 470
356 425
356 480
356 438
356 409
356 489
356 387
356 418
356 491
357 432
357 496
357 383
357 415
357 464
357 448
357 459
357 477
357 467
357 360
357 490
357 481
358 369
358 359
358 365
358 416
358 479
358 385
358 367
358 488
358 470
358 378
358 447
358 421
358 376
358 442
359 437
359 381
359 453
359 404
359 452
359 366
359 391
360 479
360 384
360 413
360 475
360 431
360 416
360 380
360 419
360 483
360 470
360 401
360 443
360 480
360 459
360 433
360 484
360 408
360 398
361 481
361 450
361 370
361 439
361 406
361 462
361 479
361 497
361 378
361 441
361 443
362 426
362 496
362 378
362 380
362 407
362 372
362 471
362 454
362 406
362 381
362 480
362 486
362 402
362 441
362 392
363 454
363 417
363 422
363 478
363 378
363 451
363 489
363 425
363 434
363 456
364 366
364 394
364 476
364 404
364 417
364 435
364 437
364 466
364 492
364 373
364 471
365 384
365 402
365 433
365 397
365 411
365 496
365 470
365 429
365 426
365 400
366 477
366 448
366 456
366 395
366 387
366 420
366 475
366 382
366 378
366 489
366 483
366 371
367 484
367 461
367 376
367 463
367 474
367 423
367 378
367 389
367 443
367 481
367 492
367 449
368 372
368 396
368 424
368 391
368 428
368 459
368 498
368 457
368 437
368 473
368 463
369 470
369 483
369 394
369 481
369 453
370 482
370 376
370 381
370 400
370 430
370 390
370 444
370 398
370 454
370 458
370 463
370 439
370 461
371 495
371 419
371 474
371 431
371 386
371 494
371 412
371 481
371 388
371 493
371 416
372 401
372 442
372 407
372 436
372 405
372 472
372 485
372 376
372 497
373 442
373 461
373 459
373 423
373 462
373 380
373 456
373 411
373 437
373 409
373 480
374 459
374 468
374 498
374 478
375 446
375 453
375 451
375 408
375 471
375 477
376 456
376 496
376 437
376 498
376 413
376 444
376 484
376 424
376 414
376 440
376 417
377 433
377 477
377 469
377 484
377 427
377 393
377 409
377 408
377 443
377 460
377 401
377 410
378 484
378 495
378 386
378 480
378 456
378 449
379 392
379 471
379 446
379 494
379 443
379 424
379 408
379 445
379 431
379 496
379 495
380 431
380 492
380 392
380 416
380 413
380 415
380 456
380 497
381 429
381 474
381 467
381 439
381 392
381 421
381 406
381 408
381 447
381 450
382 458
382 441
382 442
382 403
382 392
382 411
382 419
382 477
382 475
382 481
382 404
383 458
383 481
383 478
383 445
383 490
383 479
383 460
383 480
383 403
384 437
384 424
384 399
384 499
384 441
385 433
385 422
385 396
385 472
385 410
385 395
385 417
385 411
385 418
385 400
385 391
385 443
385 398
385 487
385 499
385 471
385 430
385 415
386 498
386 404
386 414
386 411
386 429
386 399
386 480
386 492
386 477
387 421
387 442
387 409
387 390
387 401
387 467
388 401
388 404
389 398
389 400
389 435
389 493
389 407
389 436
389 481
389 415
389 490
389 443
390 492
390 480
390 414
390 495
390 484
390 418
391 429
391 434
391 439
391 465
391 437
391 393
391 416
391 406
391 453
391 467
392 401
392 478
392 425
392 487
392 485
392 469
393 408
393 491
393 427
393 426
393 468
393 496
393 418
393 410
393 452
393 461
393 493
393 494
393 478
393 475
393 477
393 416
393 449
394 452
394 407
394 491
394 480
395 489
395 398
395 429
395 459
395 432
395 417
395 425
395 461
396 426
396 459
396 467
396 437
397 415
397 496
397 454
397 484
397 468
398 472
398 470
398 467
398 475
398 418
399 411
399 478
399 405
399 452
400 463
400 407
400 461
400 485
400 420
400 418
400 427
400 411
400 498
400 419
400 435
400 438
401 478
401 485
401 494
401 491
401 481
401 418
401 419
401 469
401 415
401 435
401 425
402 442
402 420
402 493
402 472
402 492
402 460
402 416
402 485
403 476
403 481
403 412
403 477
404 459
404 426
404 444
404 434
404 443
404 470
404 498
404 472
404 431
404 438
405 411
405 415
405 486
405 483
405 492
405 477
405 488
405 494
405 497
406 496
406 446
406 483
406 431
406 407
406 424
406 493
406 468
407 445
407 444
407 421
407 450
407 422
407 465
407 432
407 447
407 410
407 458
407 498
408 444
408 427
408 465
408 447
408 485
408 445
408 472
408 458
408 487
408 440
409 465
409 479
409 463
409 449
410 429
410 451
410 459
410 431
411 457
411 456
411 436
411 423
411 481
412 441
412 455
412 473
412 480
412 486
412 428
412 470
412 427
412 497
413 445
413 452
413 458
413 430
413 497
413 461
413 488
414 468
414 430
414 466
414 454
415 419
415 480
415 435
415 421
415 471
415 444
416 454
416 458
416 440
416 461
417 499
417 442
417 461
417 454
417 432
417 459
417 490
417 483
418 435
418 494
418 449
418 485
418 454
418 442
418 424
418 491
419 495
419 451
419 439
419 432
419 491
419 466
419 458
419 426
420 489
420 426
420 483
420 454
420 474
420 475
421 458
421 469
421 462
421 454
421 446
421 431
421 464
421 457
421 436
422 431
422 451
422 481
423 496
423 483
423 468
423 478
423 425
423 480
424 474
424 492
424 437
424 498
424 452
424 468
424 470
424 454
424 438
425 433
425 452
425 448
425 491
425 440
425 498
425 482
425 468
425 451
425 439
425 494
426 443
426 434
426 433
426 452
426 490
426 447
426 496
427 470
427 457
427 448
427 442
427 499
427 433
427 466
427 453
427 434
427 452
428 469
428 476
428 470
428 480
428 475
428 487
428 472
429 484
429 459
429 467
429 478
429 437
429 485
429 462
430 440
430 494
430 451
430 438
430 445
431 441
431 439
431 471
431 488
431 496
432 472
432 461
432 482
432 454
433 482
433 460
433 463
433 455
433 473
434 471
434 463
434 442
435 483
435 476
435 481
435 475
435 446
435 470
435 497
436 471
436 475
436 450
436 455
436 454
436 473
437 480
437 456
437 482
437 488
437 461
438 454
438 462
438 440
438 474
438 480
438 439
438 463
438 479
439 448
439 467
439 485
439 498
440 488
440 460
440 461
441 490
441 493
441 450
441 488
441 469
441 474
441 446
442 446
442 445
442 483
442 490
442 478
442 485
442 499
442 484
443 495
443 494
443 459
443 461
444 449
444 470
444 497
444 460
444 458
444 491
444 448
444 450
445 493
445 487
445 460
445 467
445 498
446 490
446 480
446 493
446 452
447 499
447 480
447 456
448 459
448 480
449 453
449 496
449 461
450 497
450 492
450 464
450 475
451 472
451 497
451 496
452 488
452 457
452 482
453 485
453 477
453 478
453 493
453 460
453 456
454 483
454 461
455 463
455 470
455 476
456 459
456 474
456 472
456 461
457 462
457 484
457 460
458 468
458 499
458 467
458 483
458 482
458 472
459 478
459 487
459 485
459 483
459 486
460 469
461 471
461 476
461 487
461 498
462 483
462 497
462 479
463 491
463 465
463 469
464 475
464 482
464 486
464 466
465 473
466 489
466 485
467 486
467 475
467 487
468 492
469 475
469 491
469 489
470 478
470 483
471 495
471 474
472 484
472 482
472 487
472 485
473 479
473 499
473 486
474 483
474 496
476 485
476 497
477 482
478 479
479 488
479 486
480 488
480 498
480 496
482 499
482 491
482 494
482 492
483 495
483 493
485 496
486 495
488 498
488 495
488 491
