VERTICES = 500
EDGES = 10000
0 484
0 425
0 471
0 148
0 36
0 57
0 256
0 337
0 355
0 229
0 66
0 141
0 18
0 274
0 450
0 344
0 401
0 65
0 182
0 345
0 230
0 152
0 196
0 115
0 314
0 497
0 132
0 291
0 476
0 287
0 367
0 175
0 108
0 126
0 142
0 459
0 24
0 491
0 447
0 340
1 158
1 133
1 103
1 352
1 410
1 145
1 26
1 112
1 393
1 236
1 266
1 105
1 54
1 285
1 294
1 153
1 146
1 93
1 445
1 498
1 182
1 140
1 176
1 270
1 394
1 205
1 127
1 104
1 446
1 302
1 484
1 174
1 469
1 473
1 395
1 83
1 168
1 124
1 119
1 413
1 177
2 6
2 404
2 406
2 351
2 107
2 281
2 160
2 480
2 227
2 483
2 157
2 491
2 423
2 52
2 292
2 320
2 290
2 63
2 464
2 184
2 269
2 495
2 84
2 145
2 109
2 242
2 224
2 14
2 308
2 331
2 246
2 252
2 459
3 288
3 156
3 256
3 452
3 371
3 261
3 403
3 431
3 80
3 36
3 61
3 389
3 202
3 311
3 209
3 14
3 470
3 496
3 449
3 410
3 344
3 466
3 402
3 448
3 341
3 60
3 64
3 161
3 245
3 418
3 287
3 294
3 218
3 408
3 135
3 481
3 4
3 422
3 343
3 43
3 355
3 122
3 271
3 26
3 212
3 18
3 298
4 32
4 479
4 228
4 258
4 348
4 339
4 109
4 52
4 243
4 313
4 120
4 30
4 303
4 157
4 81
4 382
4 91
4 11
4 163
4 224
4 376
4 469
4 73
4 374
4 236
4 195
4 42
4 272
4 286
4 199
4 86
4 494
4 358
4 287
4 260
4 373
4 130
4 333
4 154
4 346
5 180
5 44
5 437
5 188
5 359
5 420
5 189
5 429
5 155
5 67
5 69
5 441
5 66
5 286
5 390
5 338
5 323
5 325
5 60
5 115
5 302
5 124
5 343
5 386
5 499
5 252
5 20
5 105
5 220
5 356
5 260
5 248
5 93
5 91
5 216
5 62
5 101
5 22
5 396
5 61
5 177
5 226
5 103
5 114
6 35
6 223
6 180
6 438
6 380
6 292
6 29
6 210
6 198
6 183
6 323
6 282
6 344
6 238
6 452
6 128
6 237
6 227
6 472
6 235
6 31
6 408
6 100
6 415
6 59
6 70
6 464
6 109
6 410
6 175
6 242
6 322
6 103
6 498
6 228
6 262
6 469
6 98
7 163
7 279
7 70
7 71
7 88
7 194
7 246
7 476
7 13
7 472
7 38
7 235
7 107
7 421
7 328
7 128
7 123
7 31
7 399
7 270
7 273
7 483
7 289
7 363
7 349
7 276
7 347
7 241
7 186
7 320
7 373
7 40
7 209
7 275
7 471
7 95
7 387
7 424
7 332
7 121
8 255
8 203
8 164
8 356
8 86
8 197
8 249
8 67
8 353
8 46
8 210
8 445
8 205
8 196
8 386
8 489
8 415
8 318
8 405
8 472
8 222
8 397
8 392
8 77
8 370
8 368
8 81
8 291
8 418
8 325
8 76
8 104
8 426
8 69
8 260
8 420
8 456
8 185
8 129
9 365
9 154
9 272
9 85
9 202
9 138
9 477
9 116
9 178
9 453
9 254
9 124
9 450
9 63
9 307
9 383
9 495
9 437
9 192
9 64
9 404
9 140
9 296
9 317
9 24
9 165
9 135
9 32
9 487
9 153
9 311
9 461
9 239
9 379
9 263
9 83
9 122
9 160
9 304
9 157
9 127
9 463
9 23
10 440
10 476
10 312
10 373
10 356
10 203
10 322
10 121
10 26
10 338
10 253
10 383
10 483
10 464
10 67
10 167
10 235
10 366
10 189
10 462
10 281
10 238
10 101
10 131
10 251
10 355
10 75
10 145
10 460
10 249
10 45
10 423
10 496
10 386
10 48
10 126
11 269
11 496
11 468
11 434
11 277
11 469
11 107
11 294
11 429
11 351
11 140
11 120
11 368
11 403
11 195
11 311
11 154
11 416
11 413
11 405
11 257
11 369
11 40
11 73
11 293
11 325
11 158
11 187
11 288
11 473
11 14
11 53
11 164
11 295
11 251
11 83
11 245
11 17
11 361
11 335
11 136
11 114
11 342
11 132
11 302
11 22
11 182
12 214
12 368
12 363
12 324
12 190
12 174
12 118
12 397
12 213
12 206
12 27
12 64
12 244
12 492
12 205
12 287
12 65
12 315
12 337
12 310
12 186
12 147
12 248
12 210
12 216
12 449
12 135
12 295
12 299
12 202
12 234
12 381
12 181
12 38
12 47
12 316
13 194
13 394
13 411
13 341
13 107
13 403
13 434
13 345
13 183
13 16
13 45
13 407
13 26
13 128
13 303
13 123
13 377
13 184
13 32
13 330
13 76
13 143
13 495
13 493
13 264
13 475
13 477
13 355
13 161
13 69
13 265
13 292
13 116
13 18
13 338
13 397
14 431
14 92
14 241
14 348
14 319
14 162
14 46
14 458
14 148
14 32
14 360
14 197
14 114
14 237
14 429
14 72
14 355
14 430
14 122
14 202
14 171
14 271
14 269
14 450
14 117
14 468
14 493
14 58
14 346
14 466
14 388
14 156
14 455
14 190
14 453
14 158
14 123
14 207
14 411
14 177
14 392
14 185
14 460
14 498
14 478
15 272
15 275
15 423
15 380
15 377
15 298
15 441
15 205
15 246
15 406
15 498
15 34
15 213
15 193
15 480
15 169
15 415
15 336
15 194
15 282
15 155
15 200
15 438
15 154
15 37
15 60
15 17
15 219
15 229
15 247
15 393
15 41
15 126
15 327
15 464
15 106
15 222
15 243
15 482
15 245
15 65
15 399
15 138
15 88
16 145
16 450
16 149
16 393
16 299
16 329
16 373
16 96
16 400
16 302
16 371
16 366
16 318
16 127
16 19
16 175
16 172
16 402
16 439
16 86
16 285
16 452
16 474
16 342
16 300
16 482
16 443
16 206
16 194
16 274
16 259
17 78
17 315
17 146
17 30
17 294
17 58
17 376
17 493
17 69
17 434
17 464
17 381
17 202
17 291
17 70
17 27
17 209
17 138
17 158
17 217
17 71
17 85
17 208
17 438
17 178
17 60
17 335
17 29
17 379
17 109
17 211
17 23
17 320
17 26
17 199
18 168
18 294
18 390
18 326
18 363
18 193
18 227
18 22
18 404
18 184
18 57
18 493
18 475
18 288
18 350
18 26
18 461
18 31
18 320
18 116
18 213
18 348
18 153
18 136
18 467
18 441
19 289
19 242
19 189
19 130
19 231
19 249
19 252
19 106
19 331
19 351
19 295
19 279
19 24
19 52
19 108
19 37
19 324
19 444
19 27
19 278
19 49
19 403
19 461
19 71
19 173
19 463
19 103
19 44
19 121
19 47
19 137
19 430
19 239
19 186
19 145
19 427
19 60
19 436
19 89
19 26
19 119
19 128
19 282
19 184
19 45
19 101
19 176
20 196
20 358
20 438
20 195
20 63
20 445
20 291
20 357
20 103
20 71
20 482
20 321
20 99
20 316
20 400
20 131
20 90
20 176
20 407
20 491
20 140
20 406
20 387
20 280
20 485
20 408
20 299
20 53
20 488
20 267
21 181
21 384
21 84
21 438
21 429
21 183
21 204
21 499
21 253
21 474
21 418
21 268
21 277
21 55
21 25
21 491
21 494
21 439
21 199
21 249
21 176
21 104
21 393
21 478
21 166
21 257
21 493
21 312
21 241
21 105
21 280
21 448
21 339
21 95
21 163
21 130
21 79
21 398
21 108
21 452
22 367
22 364
22 306
22 232
22 287
22 69
22 486
22 488
22 222
22 314
22 288
22 126
22 449
22 327
22 207
22 406
22 378
22 377
22 147
22 141
22 330
22 128
22 373
22 194
22 181
22 429
22 192
22 23
22 54
22 168
22 102
22 186
22 293
23 240
23 257
23 496
23 385
23 118
23 62
23 233
23 237
23 294
23 160
23 243
23 451
23 58
23 382
23 141
23 293
23 271
23 185
23 223
23 265
23 181
23 443
23 348
23 76
23 187
24 436
24 454
24 418
24 216
24 261
24 315
24 453
24 149
24 314
24 365
24 449
24 32
24 92
24 229
24 279
24 69
24 356
24 313
24 75
24 339
24 305
24 114
24 85
24 199
24 350
24 178
24 335
24 36
24 95
24 58
24 310
24 125
24 64
24 354
24 483
24 100
24 212
24 306
25 335
25 167
25 58
25 367
25 117
25 349
25 476
25 46
25 94
25 71
25 89
25 345
25 478
25 72
25 470
25 131
25 416
25 204
25 141
25 425
25 447
25 158
25 112
25 249
25 95
25 454
25 252
26 411
26 378
26 376
26 36
26 400
26 258
26 65
26 340
26 99
26 196
26 208
26 88
26 242
26 45
26 356
26 153
26 239
26 73
26 149
26 184
26 352
26 322
26 424
26 331
26 166
26 30
26 130
26 167
26 302
26 264
26 129
26 76
26 147
26 383
26 268
26 142
26 247
26 319
26 41
26 205
26 195
26 295
27 474
27 291
27 212
27 116
27 492
27 484
27 241
27 456
27 437
27 243
27 310
27 193
27 341
27 53
27 150
27 147
27 134
27 157
27 190
27 233
27 297
27 162
27 471
27 358
27 280
27 95
27 390
27 72
27 35
27 198
27 371
28 351
28 211
28 60
28 497
28 203
28 269
28 72
28 421
28 297
28 96
28 42
28 295
28 268
28 259
28 44
28 123
28 375
28 165
28 369
28 323
28 429
28 363
28 341
28 135
28 286
28 320
28 85
28 318
28 224
28 55
28 151
28 34
28 127
28 206
29 349
29 234
29 155
29 167
29 84
29 306
29 101
29 307
29 218
29 320
29 391
29 212
29 197
29 49
29 170
29 303
29 359
29 210
29 327
29 312
29 380
29 414
29 37
29 228
29 57
29 354
29 73
29 431
29 450
30 386
30 358
30 268
30 57
30 328
30 303
30 394
30 384
30 475
30 80
30 116
30 410
30 375
30 483
30 36
30 224
30 378
30 192
30 37
30 464
30 372
30 43
30 66
30 86
30 55
30 177
30 228
30 293
30 452
30 337
30 210
30 297
30 233
30 370
30 325
30 82
30 377
30 48
30 336
30 277
30 288
30 405
31 342
31 246
31 86
31 346
31 308
31 255
31 275
31 87
31 120
31 384
31 499
31 179
31 149
31 178
31 312
31 315
31 283
31 108
31 306
31 397
31 474
31 461
31 135
31 413
31 261
31 411
31 436
31 388
31 106
31 352
31 430
31 440
31 197
31 332
31 394
32 260
32 423
32 175
32 278
32 284
32 316
32 250
32 395
32 88
32 160
32 183
32 63
32 300
32 45
32 281
32 406
32 318
32 261
32 151
32 443
32 53
32 146
32 258
32 492
32 391
32 193
32 470
32 335
32 251
32 125
32 99
32 346
32 438
32 310
32 478
32 436
33 126
33 287
33 204
33 41
33 93
33 139
33 479
33 466
33 125
33 121
33 364
33 393
33 330
33 331
33 210
33 455
33 344
33 259
33 337
33 209
33 319
33 254
33 34
33 355
33 346
33 184
33 308
33 223
33 65
34 255
34 421
34 161
34 276
34 400
34 160
34 150
34 251
34 458
34 311
34 254
34 172
34 98
34 36
34 322
34 447
34 99
34 166
34 393
34 163
34 218
34 348
34 315
34 80
34 117
34 126
34 215
34 66
34 300
34 317
34 493
34 371
34 69
34 376
34 440
35 317
35 341
35 298
35 482
35 109
35 413
35 306
35 452
35 46
35 52
35 105
35 371
35 438
35 477
35 426
35 37
35 266
35 140
35 436
35 288
35 158
35 340
35 45
35 260
35 96
35 155
35 357
35 290
35 188
35 303
35 183
35 223
35 323
35 213
35 42
35 383
36 68
36 352
36 454
36 142
36 338
36 301
36 334
36 404
36 356
36 120
36 294
36 96
36 223
36 127
36 81
36 49
36 197
36 400
36 157
36 284
36 86
36 150
36 277
36 339
36 300
36 71
36 192
37 127
37 411
37 155
37 98
37 194
37 78
37 347
37 312
37 359
37 412
37 445
37 228
37 237
37 249
37 455
37 91
37 254
37 308
37 88
37 255
37 256
37 300
37 447
37 90
37 403
37 51
37 281
37 50
37 367
37 466
37 488
37 487
37 474
37 346
37 373
37 306
37 266
37 100
37 198
37 315
37 336
37 262
38 393
38 220
38 240
38 381
38 340
38 93
38 52
38 159
38 200
38 333
38 149
38 250
38 372
38 257
38 206
38 131
38 138
38 437
38 201
38 280
38 357
38 205
38 308
38 211
38 239
38 176
38 169
38 184
38 396
38 66
38 98
38 378
38 409
38 142
38 263
38 384
38 48
38 408
38 390
38 410
38 77
38 391
39 118
39 439
39 114
39 389
39 117
39 201
39 447
39 309
39 331
39 334
39 383
39 246
39 145
39 160
39 101
39 86
39 317
39 352
39 308
39 172
39 349
39 472
39 411
39 195
39 354
39 350
39 251
39 391
39 46
39 102
39 371
39 204
39 211
39 109
39 455
39 360
39 272
39 93
39 434
39 398
39 429
39 414
39 225
39 112
39 307
39 323
40 243
40 188
40 313
40 196
40 70
40 353
40 447
40 358
40 157
40 273
40 444
40 72
40 496
40 154
40 50
40 156
40 310
40 131
40 67
40 245
40 284
40 161
40 257
40 346
40 364
40 407
40 328
40 264
40 478
40 339
40 283
40 184
40 337
40 101
40 461
40 275
40 270
40 238
41 132
41 129
41 401
41 111
41 200
41 198
41 266
41 77
41 477
41 450
41 195
41 166
41 83
41 135
41 304
41 173
41 146
41 147
41 400
41 244
41 440
41 308
41 461
41 56
41 197
41 204
42 208
42 481
42 273
42 79
42 335
42 469
42 200
42 159
42 78
42 338
42 439
42 456
42 81
42 162
42 158
42 351
42 307
42 145
42 446
42 171
42 206
42 330
42 407
42 144
42 485
42 383
42 152
42 300
42 313
42 473
42 468
42 339
42 409
42 297
43 387
43 141
43 226
43 404
43 381
43 215
43 193
43 76
43 308
43 409
43 172
43 262
43 473
43 244
43 356
43 365
43 337
43 107
43 210
43 288
43 454
43 322
43 435
43 169
43 438
43 488
43 104
43 340
43 197
43 122
43 306
43 67
43 272
43 304
43 452
43 232
43 68
44 132
44 47
44 389
44 498
44 410
44 254
44 189
44 195
44 128
44 65
44 496
44 435
44 95
44 387
44 199
44 311
44 157
44 301
44 383
44 142
44 373
44 265
44 344
44 418
44 57
44 358
44 237
44 164
44 407
44 278
44 350
44 71
44 171
44 123
44 175
44 420
44 230
44 247
44 139
44 161
44 84
44 452
45 190
45 84
45 154
45 422
45 79
45 73
45 370
45 316
45 165
45 327
45 362
45 62
45 421
45 437
45 305
45 169
45 58
45 310
45 269
45 136
45 59
45 52
45 292
45 158
45 492
45 444
45 191
45 150
45 177
45 260
45 166
45 415
45 353
46 49
46 193
46 490
46 313
46 342
46 94
46 195
46 307
46 74
46 207
46 346
46 265
46 97
46 343
46 429
46 121
46 159
46 398
46 357
46 491
46 262
46 482
46 361
46 420
46 126
46 270
46 431
46 423
46 339
46 90
46 439
46 480
46 140
46 216
46 180
46 169
46 96
46 225
46 454
46 473
46 428
46 81
46 297
47 161
47 219
47 347
47 165
47 279
47 396
47 281
47 348
47 466
47 162
47 411
47 243
47 378
47 209
47 155
47 380
47 321
47 97
47 313
47 263
47 277
47 487
47 51
47 486
47 170
47 342
47 307
47 110
47 222
47 274
47 207
47 128
47 102
47 331
47 139
47 160
47 384
47 69
47 301
47 452
47 204
47 99
48 125
48 357
48 369
48 481
48 233
48 309
48 488
48 235
48 436
48 438
48 431
48 89
48 424
48 72
48 489
48 68
48 92
48 308
48 265
48 491
48 192
48 275
48 147
48 244
48 346
48 485
48 263
48 284
48 325
48 394
48 339
48 81
48 272
49 221
49 372
49 80
49 333
49 357
49 348
49 265
49 376
49 192
49 267
49 76
49 123
49 134
49 349
49 452
49 62
49 478
49 359
49 472
49 246
49 176
49 299
49 153
49 237
49 432
49 255
49 339
49 119
49 353
49 385
49 214
49 467
49 181
49 431
49 475
49 404
49 125
49 159
50 372
50 201
50 320
50 289
50 354
50 59
50 131
50 164
50 271
50 244
50 355
50 254
50 188
50 231
50 125
50 260
50 364
50 310
50 151
50 103
50 478
50 338
50 84
50 317
50 132
50 101
50 348
50 346
50 106
50 342
50 147
50 319
50 483
51 210
51 443
51 178
51 417
51 430
51 225
51 216
51 136
51 239
51 471
51 358
51 403
51 396
51 201
51 458
51 134
51 218
51 238
51 365
51 161
51 439
51 481
51 123
51 128
51 452
51 292
51 53
51 137
51 399
51 135
51 199
51 55
51 410
51 346
51 421
51 204
51 322
51 438
51 198
51 214
51 451
51 326
51 127
52 497
52 193
52 397
52 337
52 177
52 137
52 148
52 210
52 398
52 306
52 67
52 341
52 92
52 496
52 368
52 317
52 175
52 382
52 269
52 427
52 203
52 101
52 258
52 324
52 82
52 345
52 164
52 234
52 305
52 437
52 112
53 473
53 379
53 419
53 93
53 303
53 227
53 233
53 189
53 238
53 171
53 365
53 235
53 225
53 97
53 297
53 373
53 231
53 479
53 80
53 401
53 466
53 218
53 134
53 204
53 198
53 156
53 158
53 256
53 486
53 85
53 344
53 276
53 163
53 482
53 261
53 168
54 252
54 394
54 150
54 415
54 146
54 61
54 436
54 484
54 233
54 156
54 234
54 199
54 410
54 361
54 431
54 238
54 327
54 93
54 287
54 438
54 489
54 432
54 127
54 461
54 295
54 159
54 446
54 211
54 313
54 331
54 437
54 311
54 163
54 65
54 286
54 329
54 250
55 476
55 291
55 384
55 379
55 470
55 497
55 64
55 456
55 473
55 101
55 216
55 192
55 187
55 238
55 143
55 292
55 317
55 391
55 326
55 344
55 304
55 72
55 239
55 399
55 126
55 329
55 107
55 249
55 178
55 117
55 245
55 109
55 164
55 115
55 244
55 463
55 207
55 246
55 103
55 189
55 95
55 401
55 270
55 385
55 228
55 151
55 235
55 306
55 94
55 62
55 222
55 241
55 286
55 290
56 480
56 183
56 103
56 276
56 356
56 179
56 230
56 463
56 162
56 404
56 359
56 76
56 411
56 416
56 437
56 224
56 274
56 198
56 485
56 443
56 495
56 386
56 422
56 445
56 175
56 250
56 376
56 390
56 388
56 172
56 121
56 104
56 213
56 150
56 439
56 344
56 375
56 243
56 420
56 108
57 72
57 447
57 92
57 67
57 66
57 340
57 134
57 205
57 102
57 234
57 85
57 457
57 369
57 487
57 181
57 131
57 126
57 88
57 119
57 332
57 228
57 175
57 396
57 408
57 499
57 187
57 194
57 267
57 475
57 166
57 244
57 219
57 331
57 407
57 467
57 462
57 392
57 99
58 432
58 118
58 73
58 399
58 64
58 439
58 128
58 355
58 224
58 358
58 255
58 362
58 160
58 485
58 127
58 177
58 460
58 417
58 179
58 317
58 105
58 414
58 488
58 229
58 312
58 413
58 422
58 472
58 267
58 60
58 420
58 493
58 191
58 321
58 218
58 72
58 247
58 79
58 406
58 121
58 245
58 451
59 217
59 62
59 71
59 375
59 403
59 141
59 116
59 237
59 396
59 64
59 446
59 120
59 312
59 498
59 112
59 336
59 162
59 368
59 267
59 181
59 330
59 462
59 66
59 168
59 197
59 344
59 490
59 221
59 325
59 380
59 107
59 319
59 235
59 299
59 199
59 408
59 72
60 67
60 420
60 412
60 288
60 129
60 303
60 235
60 262
60 143
60 453
60 191
60 248
60 494
60 204
60 141
60 339
60 458
60 168
60 371
60 431
60 346
60 314
60 401
60 267
60 492
60 252
60 93
60 79
60 430
60 118
60 296
61 151
61 197
61 412
61 342
61 345
61 459
61 395
61 93
61 440
61 148
61 299
61 367
61 349
61 359
61 153
61 165
61 142
61 336
61 171
61 496
61 392
61 435
61 253
61 172
61 387
61 170
61 375
61 145
61 71
61 301
61 338
62 81
62 490
62 357
62 129
62 327
62 412
62 159
62 287
62 216
62 485
62 249
62 246
62 497
62 436
62 85
62 122
62 176
62 263
62 441
62 295
62 292
62 245
62 113
62 385
62 88
62 413
62 231
62 342
62 156
62 273
62 303
62 475
62 388
62 100
62 84
63 188
63 322
63 290
63 392
63 455
63 172
63 233
63 470
63 158
63 148
63 278
63 70
63 244
63 479
63 373
63 84
63 131
63 423
63 213
63 129
63 478
63 120
63 378
63 124
63 475
63 105
63 366
63 88
63 145
63 345
63 335
63 331
63 72
63 77
63 351
63 280
63 228
63 383
63 300
63 379
63 468
63 209
64 350
64 454
64 411
64 294
64 336
64 384
64 292
64 251
64 137
64 215
64 143
64 365
64 273
64 456
64 496
64 199
64 156
64 310
64 462
64 206
64 301
64 148
64 106
64 344
64 197
64 200
64 340
64 434
64 193
64 132
64 364
64 138
64 482
64 381
64 297
64 446
64 422
65 409
65 288
65 154
65 343
65 373
65 472
65 120
65 451
65 431
65 390
65 380
65 333
65 320
65 265
65 458
65 310
65 407
65 438
65 266
65 79
65 178
65 245
65 403
65 137
65 98
65 202
65 351
65 132
65 222
65 92
65 324
65 357
65 71
65 115
66 140
66 137
66 331
66 181
66 297
66 485
66 135
66 290
66 380
66 470
66 391
66 498
66 158
66 458
66 189
66 394
66 365
66 449
66 344
66 368
66 128
66 96
66 207
66 275
66 193
66 172
66 402
66 174
66 355
66 269
66 142
66 358
66 481
66 494
66 300
66 456
66 422
66 84
67 290
67 142
67 330
67 87
67 124
67 133
67 117
67 69
67 214
67 255
67 175
67 280
67 143
67 144
67 136
67 85
67 200
67 114
67 370
67 187
67 397
67 278
67 163
67 332
67 265
67 154
67 109
67 497
67 269
67 340
67 171
67 458
68 120
68 276
68 492
68 76
68 193
68 426
68 147
68 308
68 119
68 126
68 381
68 342
68 263
68 177
68 463
68 351
68 142
68 372
68 155
68 461
68 449
68 288
68 446
68 424
68 493
68 204
68 467
68 71
68 436
68 305
68 79
68 199
68 112
68 85
68 403
68 253
68 118
68 260
68 252
69 409
69 282
69 182
69 249
69 307
69 293
69 461
69 336
69 82
69 154
69 275
69 319
69 131
69 453
69 183
69 238
69 122
69 109
69 101
69 437
69 460
69 350
69 304
69 316
69 78
69 496
69 330
69 208
69 204
69 81
69 414
70 473
70 380
70 298
70 272
70 388
70 267
70 384
70 406
70 275
70 335
70 157
70 408
70 322
70 338
70 265
70 203
70 453
70 116
70 313
70 92
70 319
70 185
70 334
70 231
70 239
70 359
70 361
70 245
70 189
70 403
70 215
70 109
70 131
70 444
70 97
70 306
70 221
70 477
70 159
70 138
70 173
70 85
70 407
70 439
70 259
70 305
71 241
71 134
71 498
71 287
71 466
71 190
71 421
71 387
71 341
71 416
71 371
71 319
71 181
71 376
71 475
71 247
71 317
71 302
71 158
71 408
71 142
71 398
71 109
71 75
71 459
71 439
71 179
71 377
71 316
71 444
71 204
71 282
71 347
71 253
71 458
71 370
71 149
71 362
71 202
72 479
72 397
72 158
72 97
72 307
72 360
72 366
72 111
72 464
72 361
72 138
72 478
72 491
72 488
72 373
72 351
72 447
72 181
72 347
72 420
72 354
72 422
72 423
72 440
72 152
72 262
72 287
72 496
72 341
72 467
72 198
72 172
72 133
72 185
72 82
72 452
72 234
72 449
72 349
72 191
73 408
73 360
73 199
73 110
73 159
73 234
73 121
73 205
73 138
73 493
73 420
73 454
73 391
73 397
73 354
73 187
73 377
73 322
73 268
73 455
73 387
73 196
73 166
73 464
73 492
73 282
73 307
73 383
73 297
73 244
73 284
73 260
73 406
74 93
74 312
74 78
74 458
74 467
74 145
74 229
74 491
74 169
74 138
74 332
74 236
74 410
74 226
74 445
74 386
74 225
74 331
74 278
74 403
74 232
74 456
74 398
74 313
74 383
74 336
74 366
74 310
74 135
74 423
74 402
74 269
74 286
74 480
74 475
75 135
75 347
75 427
75 263
75 227
75 495
75 280
75 473
75 246
75 494
75 76
75 340
75 391
75 79
75 187
75 383
75 364
75 436
75 493
75 95
75 399
75 316
75 91
75 145
75 456
75 466
75 157
75 412
75 144
76 137
76 388
76 476
76 142
76 343
76 136
76 202
76 419
76 437
76 293
76 265
76 479
76 471
76 398
76 455
76 416
76 85
76 108
76 152
76 119
76 418
76 131
76 278
76 197
76 81
76 342
76 243
76 198
76 195
76 185
76 123
77 456
77 286
77 403
77 497
77 353
77 330
77 230
77 418
77 153
77 422
77 336
77 410
77 138
77 340
77 428
77 331
77 371
77 119
77 240
77 369
77 483
77 178
77 496
77 130
77 191
77 164
77 394
77 78
78 290
78 167
78 423
78 132
78 379
78 302
78 440
78 82
78 487
78 427
78 215
78 175
78 274
78 451
78 478
78 265
78 242
78 311
78 160
78 187
78 459
78 475
78 192
78 250
78 457
79 313
79 269
79 403
79 275
79 394
79 318
79 371
79 231
79 315
79 319
79 295
79 448
79 84
79 197
79 225
79 155
79 306
79 370
79 389
79 251
79 392
79 455
79 127
79 212
79 211
79 436
79 156
79 433
79 498
79 484
79 216
79 462
79 82
80 379
80 314
80 496
80 279
80 217
80 230
80 322
80 375
80 104
80 462
80 357
80 414
80 482
80 433
80 176
80 94
80 121
80 347
80 495
80 353
80 398
80 190
80 483
80 343
80 191
80 267
80 412
80 141
80 351
80 491
80 95
80 374
80 407
80 197
80 111
80 239
80 366
80 390
80 484
80 399
80 311
80 264
80 464
80 225
80 115
80 183
80 122
81 194
81 127
81 230
81 474
81 284
81 446
81 298
81 370
81 262
81 431
81 314
81 439
81 343
81 323
81 467
81 459
81 170
81 378
81 247
81 261
81 220
81 177
81 433
81 357
81 208
81 336
81 249
81 136
81 253
81 245
81 473
81 430
81 307
81 418
81 413
82 151
82 280
82 399
82 468
82 197
82 112
82 483
82 99
82 267
82 379
82 171
82 145
82 356
82 247
82 430
82 423
82 302
82 416
82 183
82 203
82 254
82 129
82 271
82 121
83 388
83 434
83 161
83 364
83 387
83 351
83 497
83 199
83 106
83 222
83 257
83 210
83 108
83 472
83 421
83 261
83 369
83 293
83 343
83 430
83 229
83 367
83 390
83 95
83 346
83 333
83 309
83 100
83 156
83 208
83 334
83 294
83 423
83 212
83 240
84 266
84 239
84 243
84 292
84 492
84 144
84 431
84 376
84 90
84 210
84 440
84 174
84 107
84 495
84 286
84 150
84 400
84 108
84 494
84 421
84 86
84 373
84 227
84 138
84 392
84 267
84 281
84 462
84 211
84 326
85 311
85 402
85 360
85 116
85 493
85 258
85 415
85 376
85 276
85 418
85 184
85 302
85 275
85 442
85 246
85 423
85 400
85 189
85 391
85 342
85 251
85 215
85 484
85 408
85 235
85 487
85 383
85 91
85 229
85 478
85 344
85 337
85 101
85 345
86 344
86 422
86 450
86 201
86 196
86 380
86 278
86 180
86 483
86 320
86 316
86 367
86 254
86 144
86 428
86 259
86 173
86 383
86 364
86 438
86 289
86 352
86 426
86 441
86 297
86 158
86 476
86 301
86 260
87 95
87 353
87 473
87 345
87 259
87 251
87 154
87 426
87 319
87 320
87 315
87 357
87 165
87 223
87 318
87 443
87 112
87 97
87 168
87 302
87 470
87 100
87 236
87 481
87 466
87 124
88 329
88 289
88 325
88 150
88 372
88 351
88 314
88 104
88 222
88 358
88 311
88 452
88 371
88 170
88 373
88 413
88 442
88 486
88 203
88 121
88 205
88 465
88 425
88 336
88 338
88 394
88 278
89 276
89 145
89 90
89 350
89 99
89 130
89 456
89 129
89 475
89 204
89 485
89 376
89 241
89 386
89 164
89 137
89 94
89 298
89 367
89 93
89 227
89 329
89 138
89 450
89 105
89 335
89 409
89 287
89 375
89 353
89 228
89 290
90 91
90 434
90 170
90 243
90 278
90 416
90 408
90 218
90 481
90 92
90 159
90 376
90 238
90 334
90 367
90 270
90 234
90 112
90 348
90 387
90 253
90 330
90 468
90 324
90 353
90 467
90 444
90 280
90 373
90 469
90 452
90 497
90 296
90 119
90 105
90 304
90 372
90 154
91 385
91 160
91 208
91 368
91 112
91 449
91 257
91 230
91 104
91 261
91 266
91 231
91 96
91 322
91 484
91 321
91 192
91 461
91 268
91 211
91 150
91 438
91 408
91 216
91 415
91 377
91 99
92 175
92 119
92 438
92 331
92 291
92 228
92 150
92 121
92 376
92 155
92 143
92 168
92 236
92 160
92 253
92 246
92 136
92 169
92 496
92 264
92 471
92 173
92 319
92 475
92 226
92 441
92 494
92 464
92 255
92 344
93 360
93 325
93 280
93 357
93 466
93 350
93 368
93 456
93 390
93 274
93 243
93 158
93 161
93 492
93 305
93 244
93 207
93 394
93 130
93 396
93 427
93 157
93 143
93 431
93 362
93 146
93 361
94 147
94 474
94 405
94 391
94 98
94 208
94 479
94 485
94 101
94 103
94 155
94 227
94 184
94 454
94 112
94 256
94 277
94 492
94 262
94 106
94 399
94 330
94 484
94 116
94 260
94 209
94 406
94 138
94 459
94 446
94 448
94 349
94 221
95 277
95 129
95 413
95 228
95 323
95 116
95 256
95 459
95 125
95 183
95 481
95 154
95 221
95 207
95 283
95 324
95 383
95 315
95 181
95 321
95 200
95 282
95 429
95 474
95 397
95 124
95 386
95 422
95 196
96 395
96 320
96 241
96 478
96 99
96 300
96 401
96 160
96 361
96 182
96 145
96 156
96 101
96 424
96 262
96 130
96 470
96 110
96 348
96 309
96 276
96 498
96 290
96 443
96 115
96 197
96 163
96 277
96 207
96 495
96 489
96 164
96 463
96 224
96 289
96 364
96 244
96 243
97 349
97 213
97 135
97 357
97 184
97 164
97 245
97 134
97 308
97 386
97 343
97 98
97 286
97 315
97 208
97 149
97 342
97 113
97 497
97 414
97 282
97 230
97 204
97 178
97 194
97 151
98 184
98 344
98 212
98 349
98 480
98 449
98 143
98 127
98 116
98 112
98 430
98 441
98 450
98 339
98 428
98 425
98 336
98 343
98 347
98 346
98 422
98 442
98 412
98 259
98 486
98 368
98 360
98 467
98 408
98 307
98 380
98 158
98 125
98 241
98 466
98 201
98 474
99 345
99 230
99 441
99 434
99 473
99 182
99 435
99 481
99 194
99 411
99 419
99 218
99 410
99 222
99 427
99 455
99 179
99 237
99 333
99 242
99 313
99 201
99 155
99 181
99 252
99 366
99 116
100 260
100 229
100 102
100 278
100 353
100 291
100 209
100 161
100 196
100 496
100 374
100 180
100 147
100 224
100 365
100 295
100 274
100 446
100 277
100 345
100 488
100 267
100 124
100 189
100 192
100 321
100 356
100 354
100 342
100 406
100 225
100 294
100 104
100 438
100 205
100 423
100 483
101 147
101 283
101 104
101 308
101 169
101 126
101 416
101 350
101 268
101 301
101 222
101 120
101 429
101 260
101 166
101 127
101 266
101 462
101 445
101 279
101 327
101 184
101 358
101 318
101 491
101 208
101 140
101 201
101 370
101 114
101 412
101 262
101 310
101 311
101 148
101 193
101 189
101 450
101 118
102 247
102 446
102 109
102 207
102 137
102 351
102 328
102 399
102 301
102 447
102 229
102 202
102 232
102 330
102 494
102 326
102 360
102 168
102 273
102 302
102 119
102 198
102 312
102 117
102 295
102 409
102 434
102 460
102 279
102 107
102 196
102 162
102 149
102 474
102 271
102 111
103 341
103 257
103 412
103 193
103 132
103 154
103 344
103 250
103 176
103 220
103 362
103 445
103 352
103 290
103 197
103 187
103 214
103 122
103 206
103 375
103 416
103 317
103 390
103 142
103 311
103 115
103 476
103 279
103 468
104 146
104 178
104 490
104 263
104 357
104 464
104 204
104 429
104 274
104 111
104 174
104 321
104 444
104 365
104 181
104 223
104 364
104 205
104 273
104 250
104 491
104 259
104 327
104 314
104 131
104 395
104 345
104 119
104 234
104 285
104 211
104 148
104 419
104 142
104 154
104 216
105 257
105 147
105 242
105 463
105 373
105 354
105 415
105 414
105 483
105 417
105 498
105 323
105 273
105 126
105 481
105 250
105 482
105 138
105 470
105 465
105 278
105 433
105 177
105 478
105 149
105 156
105 472
105 254
105 205
105 467
105 209
105 302
105 420
105 224
105 456
105 285
106 458
106 378
106 159
106 281
106 400
106 287
106 476
106 131
106 280
106 168
106 176
106 312
106 261
106 457
106 149
106 196
106 463
106 362
106 300
106 150
106 377
106 264
106 170
106 207
106 146
106 140
106 156
106 453
106 437
106 452
106 384
106 469
107 254
107 327
107 180
107 338
107 358
107 194
107 139
107 382
107 444
107 472
107 199
107 172
107 449
107 396
107 496
107 292
107 179
107 369
107 366
107 276
107 114
107 259
107 389
107 360
107 214
107 166
107 216
107 296
107 247
108 428
108 206
108 390
108 256
108 207
108 249
108 327
108 287
108 408
108 191
108 277
108 433
108 374
108 161
108 238
108 193
108 295
108 159
108 181
108 251
108 335
108 242
108 112
108 203
108 346
108 282
108 494
109 310
109 493
109 284
109 265
109 435
109 497
109 427
109 412
109 375
109 134
109 433
109 223
109 297
109 396
109 354
109 425
109 127
109 499
109 224
109 187
109 214
109 309
109 174
109 317
109 449
109 171
109 481
109 348
109 225
110 157
110 358
110 316
110 169
110 369
110 201
110 330
110 160
110 215
110 441
110 262
110 166
110 454
110 416
110 489
110 269
110 131
110 253
110 247
110 325
110 453
110 257
110 280
110 148
110 223
110 370
110 406
110 163
110 349
110 433
110 210
110 394
110 312
110 263
110 452
110 194
110 456
110 407
110 248
110 469
111 421
111 491
111 174
111 159
111 431
111 345
111 175
111 396
111 372
111 268
111 339
111 287
111 460
111 233
111 241
111 398
111 343
111 410
111 228
111 139
111 380
111 449
111 322
111 183
111 486
111 358
111 437
111 357
111 150
111 468
111 259
111 227
112 313
112 146
112 138
112 222
112 314
112 113
112 473
112 480
112 476
112 294
112 164
112 478
112 377
112 373
112 139
112 489
112 278
112 273
112 272
112 196
112 191
112 395
112 467
112 269
112 472
112 321
112 201
112 258
112 121
112 366
112 400
112 495
112 479
112 469
112 492
112 179
112 354
113 213
113 486
113 364
113 289
113 338
113 182
113 440
113 167
113 456
113 256
113 358
113 238
113 451
113 186
113 339
113 235
113 325
113 305
113 299
113 450
113 288
113 494
113 499
113 389
113 419
113 479
113 385
113 141
113 344
113 205
113 139
113 122
113 329
113 455
113 432
114 235
114 245
114 424
114 348
114 365
114 451
114 418
114 482
114 347
114 325
114 399
114 332
114 290
114 141
114 474
114 455
114 322
114 303
114 396
114 234
114 464
114 232
114 409
114 285
114 487
114 193
114 271
114 413
114 298
114 385
114 461
114 124
114 159
114 452
114 367
114 381
114 206
114 350
114 410
114 273
114 281
114 153
114 183
114 122
114 364
114 264
115 129
115 499
115 217
115 267
115 368
115 335
115 276
115 187
115 214
115 492
115 480
115 358
115 320
115 396
115 453
115 265
115 406
115 370
115 323
115 132
115 444
115 271
115 433
115 196
115 286
115 266
115 256
115 242
115 261
115 118
115 465
115 186
115 240
116 410
116 328
116 230
116 354
116 380
116 229
116 223
116 303
116 385
116 355
116 322
116 171
116 280
116 273
116 197
116 246
116 476
116 401
116 365
116 120
116 452
116 370
116 386
116 143
116 471
116 265
116 442
116 351
116 388
116 482
116 202
116 281
116 304
116 465
116 414
116 364
116 123
117 323
117 400
117 140
117 312
117 151
117 307
117 308
117 443
117 131
117 183
117 417
117 376
117 135
117 418
117 440
117 356
117 335
117 250
117 248
117 130
117 152
117 311
117 422
117 291
117 178
118 395
118 335
118 130
118 147
118 412
118 319
118 240
118 462
118 469
118 275
118 457
118 451
118 499
118 478
118 375
118 338
118 254
118 243
118 386
118 225
118 383
118 299
118 259
118 476
118 450
118 329
118 403
118 168
118 277
118 465
118 322
118 317
118 408
118 389
119 196
119 268
119 416
119 135
119 248
119 333
119 366
119 456
119 453
119 185
119 417
119 355
119 223
119 184
119 290
119 260
119 359
119 308
119 459
119 398
119 337
119 224
119 142
119 452
119 187
119 439
119 177
119 419
119 361
119 464
119 123
119 201
119 313
119 350
119 392
119 256
120 248
120 268
120 443
120 291
120 274
120 237
120 423
120 208
120 333
120 415
120 445
120 294
120 193
120 240
120 158
120 488
120 315
120 187
120 221
120 438
120 162
120 373
120 457
120 159
120 340
120 386
120 141
120 228
120 410
120 293
120 433
120 220
120 174
120 498
120 192
121 327
121 375
121 489
121 307
121 397
121 490
121 423
121 311
121 250
121 452
121 251
121 497
121 309
121 320
121 122
121 164
121 218
121 176
121 194
121 203
121 345
121 152
121 350
121 317
121 338
121 231
121 312
121 246
121 484
121 278
121 336
122 499
122 220
122 465
122 148
122 149
122 393
122 221
122 358
122 272
122 493
122 379
122 312
122 250
122 378
122 373
122 429
122 347
122 210
122 442
122 293
122 482
122 164
122 245
122 448
122 339
122 322
122 468
122 463
122 336
123 276
123 310
123 178
123 474
123 197
123 470
123 134
123 203
123 355
123 441
123 390
123 313
123 456
123 247
123 165
123 463
123 214
123 326
123 352
123 404
123 364
123 409
123 425
123 237
123 460
123 334
123 483
123 212
123 143
123 359
123 337
123 291
123 351
123 454
123 487
124 336
124 247
124 320
124 173
124 152
124 148
124 330
124 344
124 460
124 473
124 343
124 220
124 479
124 407
124 363
124 478
124 318
124 382
124 163
124 282
124 202
124 378
124 165
124 383
124 238
124 236
125 381
125 325
125 210
125 323
125 207
125 382
125 206
125 261
125 364
125 324
125 450
125 159
125 395
125 223
125 187
125 363
125 288
125 311
125 170
125 304
125 318
125 393
125 332
125 273
125 348
125 185
125 328
125 454
125 386
125 434
125 447
125 337
126 129
126 493
126 239
126 289
126 171
126 358
126 441
126 266
126 462
126 338
126 480
126 190
126 151
126 210
126 484
126 188
126 486
126 472
126 248
126 491
126 442
126 158
126 339
126 345
126 217
126 225
126 393
127 474
127 133
127 444
127 375
127 415
127 380
127 462
127 290
127 339
127 389
127 301
127 145
127 420
127 433
127 496
127 193
127 241
127 335
127 177
127 306
127 250
127 291
127 204
127 312
127 274
127 394
127 359
128 351
128 236
128 223
128 491
128 263
128 134
128 149
128 396
128 360
128 365
128 206
128 478
128 317
128 484
128 489
128 463
128 256
128 408
128 195
128 358
128 416
128 245
128 357
128 344
128 421
128 426
128 143
128 280
128 142
128 412
128 480
128 466
129 299
129 151
129 472
129 295
129 393
129 170
129 395
129 474
129 409
129 273
129 400
129 370
129 168
129 150
129 403
129 153
129 222
129 431
129 310
129 197
129 254
129 304
129 450
129 442
129 217
129 453
129 371
129 158
129 489
129 189
129 302
129 216
129 414
129 210
129 204
129 332
130 189
130 354
130 477
130 151
130 138
130 144
130 211
130 443
130 273
130 338
130 226
130 208
130 190
130 199
130 230
130 303
130 164
130 272
130 404
130 300
130 286
130 355
130 307
130 310
130 196
130 179
130 270
130 380
130 201
130 454
130 163
130 448
130 478
130 239
130 132
130 221
130 490
130 276
130 345
131 405
131 172
131 330
131 351
131 444
131 142
131 156
131 368
131 134
131 423
131 498
131 346
131 225
131 227
131 490
131 208
131 442
131 457
131 257
131 186
131 273
131 215
131 483
131 132
131 479
131 281
131 290
131 373
131 316
131 222
131 334
131 240
132 207
132 423
132 442
132 445
132 288
132 488
132 160
132 347
132 429
132 200
132 158
132 297
132 164
132 206
132 221
132 464
132 254
132 323
132 243
132 185
132 486
132 138
132 202
132 225
132 409
132 291
132 333
132 249
132 146
133 202
133 416
133 177
133 384
133 480
133 318
133 479
133 432
133 271
133 325
133 197
133 181
133 285
133 155
133 171
133 459
133 297
133 148
133 174
133 481
133 282
133 239
133 150
133 226
133 499
133 440
133 184
133 460
133 465
133 253
134 267
134 487
134 388
134 310
134 332
134 483
134 136
134 248
134 350
134 155
134 403
134 147
134 408
134 407
134 292
134 235
134 198
134 144
134 465
134 417
134 230
134 421
134 264
134 422
134 466
134 172
134 373
135 261
135 474
135 391
135 280
135 319
135 457
135 273
135 298
135 288
135 352
135 409
135 333
135 356
135 150
135 458
135 407
135 312
135 442
135 481
135 415
135 349
135 419
135 144
135 489
135 160
135 272
135 295
135 214
135 300
136 164
136 165
136 365
136 169
136 201
136 260
136 398
136 331
136 358
136 208
136 464
136 172
136 195
136 332
136 299
136 232
136 288
136 389
136 366
136 313
136 143
136 241
136 496
136 436
136 302
136 175
136 405
136 153
136 303
136 474
136 198
136 412
136 347
136 277
136 281
136 382
136 300
136 498
136 317
136 453
136 167
137 371
137 258
137 145
137 432
137 262
137 281
137 169
137 407
137 333
137 434
137 437
137 299
137 368
137 391
137 263
137 367
137 417
137 238
137 240
137 295
137 291
137 254
137 441
137 176
137 355
137 306
137 386
138 216
138 212
138 208
138 248
138 177
138 253
138 296
138 290
138 272
138 219
138 444
138 236
138 252
138 449
138 247
138 164
138 330
138 400
138 417
138 160
138 448
138 198
138 311
138 341
138 485
139 249
139 315
139 391
139 182
139 354
139 185
139 397
139 147
139 436
139 278
139 339
139 200
139 233
139 195
139 375
139 319
139 352
139 407
139 389
139 498
139 275
139 426
139 491
140 245
140 282
140 360
140 378
140 152
140 314
140 438
140 159
140 302
140 195
140 244
140 475
140 496
140 230
140 274
140 146
140 370
140 292
140 408
140 246
140 243
140 382
140 477
140 401
141 345
141 324
141 325
141 184
141 233
141 311
141 179
141 315
141 189
141 231
141 236
141 410
141 439
141 483
141 216
141 381
141 492
141 430
141 207
141 198
141 215
141 419
141 354
141 278
141 351
141 488
142 217
142 243
142 366
142 414
142 145
142 238
142 397
142 463
142 382
142 399
142 227
142 268
142 219
142 318
142 320
142 194
142 163
142 497
142 172
142 264
142 417
142 401
142 186
142 187
142 297
142 200
143 459
143 417
143 207
143 305
143 269
143 409
143 294
143 496
143 178
143 299
143 307
143 337
143 473
143 425
143 288
143 177
143 179
143 166
143 147
143 394
143 232
143 229
143 373
143 189
143 253
143 413
143 210
144 496
144 227
144 344
144 489
144 423
144 147
144 240
144 311
144 201
144 433
144 360
144 488
144 350
144 432
144 342
144 269
144 486
144 473
144 276
144 314
144 197
144 376
144 298
144 428
144 369
144 387
144 493
144 282
144 317
145 428
145 348
145 417
145 388
145 375
145 211
145 432
145 371
145 412
145 392
145 473
145 489
145 320
145 153
145 373
145 316
145 148
145 402
145 317
145 309
145 283
145 372
145 323
146 181
146 151
146 311
146 159
146 196
146 397
146 447
146 380
146 156
146 412
146 439
146 446
146 358
146 482
146 285
146 494
146 292
146 384
146 223
146 315
146 405
146 470
146 158
146 213
146 348
147 272
147 495
147 309
147 400
147 276
147 381
147 191
147 404
147 166
147 237
147 249
147 321
147 152
147 150
147 167
147 266
147 274
147 335
147 476
147 269
147 496
147 218
147 214
147 410
147 439
147 413
147 240
147 485
147 301
147 343
148 164
148 397
148 225
148 341
148 190
148 462
148 477
148 321
148 443
148 259
148 358
148 278
148 200
148 159
148 291
148 491
148 222
148 396
148 249
148 388
149 348
149 459
149 263
149 403
149 226
149 290
149 211
149 182
149 442
149 195
149 476
149 423
149 297
149 404
149 357
149 455
149 397
149 177
149 301
149 293
149 258
149 378
149 153
149 434
149 414
149 352
149 236
149 364
150 310
150 439
150 368
150 342
150 429
150 303
150 446
150 292
150 286
150 252
150 184
150 358
150 258
150 194
150 269
150 454
150 475
150 405
150 268
150 214
150 450
150 189
150 374
150 452
150 451
150 453
150 162
150 231
151 256
151 186
151 340
151 425
151 278
151 266
151 254
151 240
151 354
151 152
151 259
151 320
151 478
151 358
151 359
151 276
151 327
151 391
151 184
151 397
151 160
151 438
151 364
151 485
151 251
151 236
151 380
151 348
151 336
151 318
151 173
152 225
152 194
152 363
152 188
152 390
152 224
152 155
152 299
152 485
152 154
152 245
152 258
152 354
152 434
152 421
152 340
152 481
152 427
152 487
152 286
152 452
152 172
152 304
152 272
152 218
152 473
153 271
153 287
153 354
153 459
153 256
153 228
153 308
153 302
153 462
153 205
153 463
153 166
153 344
153 419
153 296
153 193
153 490
153 448
153 240
153 383
153 330
153 408
153 259
153 371
153 189
153 333
153 343
153 268
153 245
153 177
154 263
154 192
154 159
154 383
154 195
154 318
154 398
154 215
154 264
154 477
154 196
154 386
154 415
154 157
154 326
154 270
154 261
154 413
154 493
154 336
155 162
155 349
155 454
155 392
155 168
155 183
155 296
155 447
155 434
155 166
155 347
155 344
155 239
155 295
155 289
155 451
155 441
155 251
155 363
155 377
155 321
155 385
155 360
155 263
155 450
155 174
155 286
155 220
155 198
155 455
155 408
155 497
155 180
155 499
156 229
156 299
156 321
156 498
156 434
156 243
156 491
156 326
156 240
156 338
156 295
156 232
156 337
156 233
156 209
156 159
156 400
156 332
156 284
156 227
156 488
156 444
156 190
156 477
157 364
157 494
157 458
157 358
157 197
157 497
157 351
157 244
157 418
157 267
157 298
157 464
157 483
157 401
157 427
157 276
157 440
157 231
157 445
157 412
157 303
157 421
157 247
157 194
158 409
158 256
158 423
158 172
158 188
158 202
158 294
158 457
158 470
158 224
158 403
158 187
158 355
158 430
158 460
158 338
158 231
158 351
158 449
158 349
158 476
158 216
158 302
158 260
158 482
158 372
158 208
158 383
158 308
158 366
158 463
158 407
158 274
159 438
159 200
159 254
159 433
159 396
159 223
159 459
159 307
159 247
159 163
159 336
159 267
159 361
159 209
159 311
159 460
159 177
159 170
159 386
159 215
159 471
159 462
159 231
159 372
159 326
159 456
159 442
159 437
159 474
159 338
159 370
159 269
159 313
159 206
159 375
160 342
160 197
160 237
160 452
160 435
160 235
160 236
160 459
160 478
160 190
160 205
160 395
160 381
160 276
160 334
160 477
160 340
160 412
160 454
160 373
160 485
160 350
161 417
161 368
161 251
161 420
161 365
161 241
161 399
161 430
161 342
161 459
161 355
161 464
161 369
161 492
161 250
161 166
161 242
161 466
161 257
161 318
161 282
161 361
161 373
161 341
161 449
161 470
161 461
161 357
161 453
162 434
162 336
162 239
162 452
162 373
162 240
162 477
162 321
162 309
162 301
162 245
162 184
162 211
162 428
162 349
162 397
162 399
162 438
162 278
162 315
162 389
162 357
162 450
162 287
162 304
162 323
162 456
162 412
162 297
162 253
162 223
163 254
163 463
163 275
163 342
163 355
163 370
163 232
163 274
163 182
163 260
163 477
163 267
163 381
163 325
163 288
163 219
163 329
163 216
163 191
163 498
163 462
163 388
163 345
163 316
163 410
163 188
163 332
163 248
163 204
163 488
163 307
164 189
164 455
164 378
164 382
164 453
164 218
164 221
164 418
164 464
164 430
164 451
164 374
164 482
164 246
164 271
165 259
165 234
165 180
165 222
165 283
165 491
165 268
165 267
165 391
165 187
165 282
165 399
165 413
165 254
165 239
165 205
165 260
165 212
165 456
165 494
165 381
165 380
165 286
165 210
165 172
165 495
165 319
165 262
165 313
165 415
165 197
166 305
166 247
166 419
166 263
166 241
166 242
166 383
166 194
166 277
166 358
166 210
166 289
166 424
166 447
166 199
166 303
166 244
166 177
166 395
166 491
166 260
166 223
167 426
167 255
167 303
167 214
167 229
167 438
167 312
167 192
167 479
167 418
167 178
167 270
167 238
167 326
167 357
167 398
167 223
167 237
167 215
167 182
167 366
167 206
167 406
167 269
167 444
167 243
167 425
167 310
167 410
168 184
168 241
168 348
168 441
168 313
168 339
168 182
168 300
168 276
168 252
168 214
168 379
168 444
168 272
168 175
168 209
168 192
168 497
168 212
168 407
168 432
168 411
168 369
168 223
168 414
168 364
168 439
168 207
169 401
169 187
169 212
169 242
169 386
169 495
169 195
169 261
169 494
169 294
169 489
169 297
169 363
169 474
169 330
169 207
169 326
169 431
169 202
169 208
169 265
169 230
169 188
169 435
169 217
169 237
169 197
169 448
169 344
169 182
169 444
169 465
169 442
169 280
169 412
170 315
170 384
170 233
170 412
170 424
170 405
170 441
170 434
170 309
170 381
170 399
170 340
170 221
170 253
170 390
170 419
170 255
170 271
170 261
170 219
170 477
170 304
170 286
170 344
171 369
171 456
171 459
171 266
171 212
171 436
171 308
171 329
171 209
171 338
171 255
171 250
171 491
171 277
171 473
171 289
171 206
171 304
171 241
171 294
171 457
171 202
171 236
171 284
172 353
172 326
172 409
172 282
172 432
172 376
172 292
172 240
172 458
172 359
172 431
172 204
172 451
172 486
172 397
172 357
172 392
172 367
172 434
172 211
172 448
172 286
172 299
172 460
172 493
172 300
172 210
172 274
172 186
172 352
172 297
172 387
172 471
172 423
172 301
173 342
173 283
173 180
173 301
173 393
173 419
173 293
173 358
173 190
173 383
173 402
173 317
173 247
173 413
173 252
173 478
173 175
173 372
173 387
173 244
174 254
174 226
174 410
174 323
174 474
174 411
174 326
174 426
174 274
174 349
174 347
174 418
174 338
174 187
174 280
174 220
174 311
174 329
174 322
174 393
174 265
174 210
174 293
174 488
174 444
174 203
174 382
174 396
174 408
175 260
175 478
175 479
175 480
175 234
175 253
175 411
175 417
175 207
175 256
175 447
175 331
175 461
175 379
175 374
175 338
175 336
175 284
175 294
175 212
175 198
175 477
175 360
175 191
175 220
175 337
175 386
175 187
175 460
176 345
176 220
176 439
176 343
176 185
176 407
176 372
176 270
176 470
176 292
176 392
176 213
176 200
176 431
176 479
176 432
176 394
176 379
176 239
176 405
176 352
176 477
176 395
176 282
176 338
176 218
176 349
176 248
177 277
177 310
177 338
177 419
177 204
177 401
177 180
177 444
177 250
177 432
177 208
177 324
177 416
177 206
177 201
177 460
177 332
177 365
177 214
177 316
177 384
177 280
177 456
177 186
177 364
177 182
177 464
177 378
177 423
178 475
178 346
178 180
178 371
178 224
178 317
178 397
178 481
178 303
178 179
178 357
178 195
178 248
178 214
178 181
178 440
178 325
178 323
178 198
178 391
178 235
178 210
178 404
178 245
178 392
178 207
178 339
178 424
178 199
178 364
179 488
179 193
179 487
179 344
179 459
179 361
179 484
179 446
179 374
179 387
179 425
179 433
179 469
179 217
179 369
179 223
179 249
179 265
179 481
179 258
179 441
179 279
179 475
179 182
179 306
179 391
179 383
179 428
179 435
179 460
179 232
179 381
180 226
180 398
180 407
180 382
180 195
180 400
180 367
180 363
180 443
180 457
180 313
180 381
180 413
180 332
180 473
180 378
180 366
180 402
180 336
180 319
180 221
180 383
180 234
180 223
180 207
180 296
180 479
180 340
181 216
181 301
181 440
181 200
181 380
181 247
181 362
181 326
181 318
181 405
181 211
181 316
181 259
181 492
181 374
181 197
181 232
181 238
181 300
181 185
181 313
181 494
181 396
182 203
182 413
182 421
182 423
182 307
182 201
182 384
182 362
182 433
182 381
182 351
182 397
182 286
182 498
182 443
182 270
182 309
182 387
182 392
182 335
182 241
182 426
182 289
182 378
182 345
182 341
182 274
182 394
182 400
182 316
182 334
182 463
182 194
182 406
182 183
182 346
183 435
183 449
183 289
183 457
183 384
183 318
183 402
183 441
183 483
183 227
183 418
183 342
183 400
183 270
183 459
183 413
183 390
183 482
183 414
183 397
183 347
183 206
183 314
183 243
183 480
183 350
184 496
184 304
184 284
184 484
184 317
184 467
184 300
184 441
184 361
184 480
184 482
184 341
184 398
184 329
184 362
184 334
184 389
185 258
185 358
185 245
185 447
185 344
185 343
185 389
185 305
185 490
185 369
185 335
185 323
185 356
185 270
185 475
185 239
185 276
185 357
185 479
186 265
186 387
186 379
186 421
186 239
186 286
186 427
186 287
186 344
186 412
186 373
186 456
186 293
186 494
186 204
186 267
186 343
186 368
186 366
186 464
186 425
186 231
186 414
186 313
186 332
186 240
186 258
186 194
186 440
187 283
187 470
187 369
187 402
187 405
187 372
187 368
187 247
187 317
187 430
187 465
187 278
187 275
187 352
187 374
187 484
188 275
188 441
188 252
188 311
188 237
188 490
188 208
188 264
188 395
188 319
188 383
188 470
188 250
188 328
188 255
188 401
188 196
188 238
188 271
188 259
188 212
188 231
188 413
188 443
188 206
188 361
188 300
188 394
188 292
188 409
189 333
189 421
189 194
189 353
189 357
189 341
189 248
189 239
189 403
189 252
189 461
189 255
189 362
189 304
189 335
189 210
189 211
189 355
189 498
189 190
189 425
189 484
189 317
190 345
190 200
190 315
190 469
190 417
190 213
190 327
190 321
190 356
190 297
190 359
190 480
190 369
190 285
190 440
190 404
190 492
190 230
190 252
190 428
190 293
190 295
190 318
191 276
191 469
191 404
191 376
191 231
191 369
191 499
191 264
191 331
191 193
191 460
191 195
191 303
191 353
191 463
191 275
191 243
191 393
191 401
191 346
191 214
191 382
192 276
192 275
192 252
192 480
192 476
192 357
192 424
192 344
192 263
192 317
192 457
192 229
192 303
192 377
192 461
192 295
192 474
192 287
192 196
192 241
192 406
192 224
192 272
192 445
192 233
192 376
192 392
192 284
192 254
192 230
192 301
192 337
192 293
193 198
193 355
193 407
193 210
193 465
193 419
193 367
193 248
193 464
193 452
193 446
193 439
193 296
193 229
193 302
193 294
193 388
193 234
193 386
193 207
193 406
193 271
193 280
193 311
193 488
193 243
194 279
194 410
194 443
194 469
194 466
194 490
194 496
194 255
194 306
194 456
194 340
194 292
194 326
194 257
194 222
194 422
194 280
194 227
194 211
194 452
194 342
194 476
194 392
194 258
194 247
194 250
195 301
195 209
195 434
195 494
195 340
195 284
195 233
195 419
195 402
195 271
195 199
195 381
195 322
195 316
195 358
195 423
195 476
195 469
195 253
195 309
195 392
196 208
196 265
196 316
196 348
196 456
196 379
196 416
196 204
196 372
196 364
196 408
196 209
196 490
196 421
196 398
196 400
196 417
196 446
196 371
196 274
196 261
196 449
196 360
196 248
196 228
196 391
196 264
196 387
196 334
196 352
196 210
196 420
196 463
197 284
197 415
197 486
197 448
197 443
197 337
197 199
197 444
197 405
197 309
197 264
197 369
197 256
197 418
197 281
197 435
197 249
197 393
197 381
197 267
197 434
197 454
197 325
197 266
197 321
197 485
198 237
198 238
198 210
198 250
198 310
198 451
198 226
198 360
198 333
198 366
198 456
198 497
198 408
198 471
198 350
198 320
198 256
198 212
198 344
198 365
198 499
198 287
198 339
198 433
198 270
199 328
199 431
199 469
199 473
199 331
199 350
199 287
199 405
199 304
199 292
199 394
199 227
199 235
199 244
199 398
199 265
199 358
199 217
199 252
199 273
199 496
199 381
200 459
200 357
200 312
200 254
200 284
200 399
200 493
200 244
200 370
200 283
200 253
200 448
200 359
200 406
200 452
200 456
200 469
200 275
200 467
200 342
200 404
200 453
200 424
200 229
201 236
201 308
201 453
201 403
201 359
201 339
201 258
201 401
201 309
201 315
201 212
201 238
201 267
201 468
201 429
201 432
201 333
201 445
201 371
201 499
201 420
201 310
201 496
201 319
202 382
202 307
202 451
202 248
202 241
202 269
202 219
202 311
202 399
202 331
202 463
202 252
202 426
202 388
202 365
202 402
202 260
202 416
202 314
202 435
203 447
203 288
203 272
203 415
203 454
203 286
203 307
203 327
203 417
203 230
203 225
203 246
203 486
203 416
203 335
203 412
203 436
203 443
203 493
203 319
203 340
203 356
203 403
203 304
203 464
203 404
203 209
203 323
204 267
204 325
204 349
204 484
204 344
204 330
204 294
204 373
204 217
204 280
204 216
204 386
204 239
204 449
204 343
204 473
204 413
204 313
204 235
204 463
204 212
204 483
204 403
204 257
204 242
205 405
205 367
205 256
205 478
205 319
205 493
205 362
205 266
205 228
205 395
205 334
205 432
205 208
205 242
205 404
205 311
205 277
205 368
205 428
205 215
205 224
205 383
205 415
205 400
206 473
206 299
206 275
206 485
206 328
206 301
206 418
206 489
206 466
206 391
206 291
206 249
206 209
206 437
206 487
206 477
206 406
206 463
206 348
206 276
207 460
207 441
207 234
207 315
207 303
207 366
207 294
207 425
207 330
207 244
207 214
207 258
207 245
207 256
207 495
207 293
207 208
207 342
208 294
208 424
208 253
208 412
208 288
208 320
208 248
208 312
208 404
208 272
208 256
208 390
208 257
208 483
208 243
208 218
208 259
208 381
208 240
208 357
208 486
208 495
208 473
208 359
208 345
208 427
208 324
208 325
208 343
209 232
209 499
209 215
209 325
209 266
209 348
209 395
209 235
209 381
209 486
209 310
209 268
209 489
209 481
209 386
209 410
209 495
209 394
209 473
210 401
210 236
210 442
210 381
210 220
210 428
210 412
210 411
210 400
210 322
210 296
210 466
210 432
210 338
210 231
210 341
210 413
210 244
210 497
210 269
211 485
211 301
211 261
211 246
211 303
211 236
211 344
211 444
211 380
211 294
211 269
211 316
211 466
211 354
211 378
211 282
211 336
211 486
211 250
211 259
211 385
211 496
212 456
212 474
212 335
212 467
212 392
212 285
212 422
212 466
212 252
212 430
212 478
212 290
212 493
212 215
212 321
212 227
212 333
212 220
212 226
212 272
213 359
213 368
213 322
213 496
213 444
213 290
213 367
213 271
213 301
213 447
213 297
213 419
213 277
213 484
213 363
213 294
213 260
213 415
213 304
213 473
213 471
213 315
213 462
213 373
213 263
213 293
213 249
213 353
213 406
213 399
213 393
213 376
213 366
213 340
214 281
214 414
214 288
214 444
214 495
214 334
214 355
214 490
214 328
214 382
214 376
214 419
214 493
214 305
214 291
214 471
214 390
214 366
214 248
214 253
214 433
214 236
214 306
214 402
215 429
215 289
215 452
215 388
215 367
215 439
215 281
215 465
215 483
215 453
215 262
215 244
215 396
215 252
215 491
215 437
215 362
215 399
215 344
215 363
215 285
215 411
215 296
216 341
216 439
216 346
216 446
216 285
216 235
216 251
216 325
216 328
216 373
216 390
216 399
216 475
216 242
216 311
216 278
216 473
216 313
216 353
216 283
216 316
216 463
216 350
216 435
216 452
216 262
216 299
216 243
217 259
217 376
217 452
217 393
217 410
217 308
217 265
217 467
217 244
217 431
217 455
217 477
217 471
217 317
217 368
217 374
217 280
217 269
217 289
217 284
217 480
217 465
217 446
218 466
218 446
218 259
218 371
218 380
218 295
218 266
218 429
218 471
218 269
218 403
218 338
218 345
218 237
218 308
218 296
218 227
218 307
218 499
218 435
218 370
218 351
219 438
219 309
219 370
219 481
219 328
219 439
219 245
219 298
219 305
219 330
219 236
219 451
219 397
219 437
219 483
219 448
219 282
219 469
219 269
219 230
219 220
219 478
219 325
219 459
219 479
220 288
220 404
220 285
220 403
220 379
220 361
220 437
220 490
220 449
220 362
220 418
220 388
220 392
220 297
220 480
221 330
221 335
221 430
221 492
221 277
221 223
221 440
221 356
221 482
221 281
221 412
221 467
221 241
221 249
221 294
221 386
221 469
221 302
221 493
221 273
221 311
221 297
221 322
221 316
221 391
221 368
221 226
221 443
221 416
222 381
222 255
222 496
222 300
222 436
222 452
222 276
222 469
222 432
222 281
222 260
222 369
222 410
222 355
222 285
222 337
222 395
222 387
222 477
222 323
222 279
222 463
222 372
222 351
222 376
222 404
223 415
223 294
223 283
223 225
223 238
223 356
223 410
223 388
223 447
223 484
223 239
223 404
223 461
223 476
223 393
223 467
223 479
223 341
223 247
223 494
223 497
223 268
223 363
223 324
223 345
224 422
224 379
224 227
224 251
224 497
224 266
224 431
224 374
224 394
224 229
224 317
224 462
224 341
224 454
224 493
224 234
224 467
224 464
224 240
224 293
224 297
224 325
224 269
224 414
224 415
224 469
224 321
224 357
224 232
224 487
225 262
225 462
225 446
225 327
225 485
225 303
225 291
225 449
225 248
225 375
225 467
225 322
225 334
225 358
225 466
225 387
225 481
226 358
226 328
226 365
226 291
226 302
226 405
226 415
226 420
226 429
226 237
226 471
226 462
226 374
226 455
226 261
226 355
226 435
226 431
226 454
226 369
226 271
226 308
226 253
227 383
227 426
227 334
227 337
227 348
227 362
227 301
227 489
227 401
227 482
227 280
227 410
227 300
227 439
227 487
227 491
227 483
227 461
227 434
227 260
227 430
227 312
227 435
228 479
228 386
228 445
228 342
228 257
228 422
228 236
228 270
228 350
228 268
228 230
228 436
228 307
228 288
228 326
228 486
228 296
229 334
229 452
229 478
229 311
229 304
229 457
229 390
229 385
229 401
229 498
229 450
229 415
229 274
229 482
229 481
229 400
229 368
229 405
229 490
229 241
229 322
229 328
229 445
229 312
229 439
230 450
230 272
230 404
230 456
230 318
230 264
230 445
230 249
230 411
230 432
230 488
230 269
230 339
230 321
230 304
230 352
230 405
230 306
230 361
230 239
230 253
230 333
231 462
231 281
231 343
231 261
231 274
231 480
231 380
231 355
231 426
231 321
231 254
231 239
231 492
231 451
231 481
231 417
231 456
231 385
231 441
231 409
232 492
232 407
232 289
232 243
232 353
232 337
232 402
232 340
232 331
232 272
232 461
232 250
232 328
232 401
232 390
232 252
232 254
232 239
232 336
232 342
232 381
232 445
232 398
232 482
232 372
233 436
233 324
233 299
233 488
233 318
233 320
233 366
233 330
233 338
233 480
233 414
233 450
233 345
233 426
233 403
233 344
233 274
233 418
233 489
233 378
234 403
234 283
234 445
234 413
234 262
234 329
234 282
234 311
234 481
234 273
234 482
234 490
234 477
234 485
234 431
234 417
234 264
234 382
234 426
234 397
235 435
235 363
235 481
235 489
235 482
235 334
235 466
235 460
235 484
235 285
235 389
235 399
235 270
235 420
235 433
235 439
235 315
236 397
236 453
236 289
236 267
236 425
236 461
236 450
236 484
236 403
236 348
236 421
236 336
236 304
236 314
236 483
236 393
236 283
236 298
236 349
236 251
237 451
237 469
237 328
237 385
237 363
237 452
237 350
237 460
237 252
237 444
237 477
237 265
237 447
237 449
237 248
237 483
237 276
237 379
238 292
238 363
238 455
238 404
238 435
238 428
238 487
238 498
238 282
238 308
238 262
238 284
238 419
238 464
238 330
238 344
238 427
238 426
238 240
238 257
238 475
238 267
238 416
238 316
239 345
239 311
239 471
239 281
239 263
239 284
239 446
239 329
239 496
239 247
239 242
239 394
239 380
239 307
239 401
239 458
240 416
240 318
240 353
240 464
240 356
240 437
240 454
240 408
240 493
240 253
240 260
240 387
240 459
240 280
240 447
240 247
240 414
240 300
240 298
240 487
240 420
240 497
240 357
240 290
240 377
240 496
240 324
240 452
240 355
241 302
241 442
241 280
241 470
241 437
241 405
241 438
241 399
241 462
241 452
241 458
241 499
241 361
241 251
241 259
241 380
241 411
241 425
241 320
241 330
242 259
242 274
242 399
242 367
242 251
242 389
242 300
242 411
242 496
242 484
242 499
242 382
242 293
242 326
242 437
242 469
242 403
242 476
242 481
242 359
242 363
242 267
242 467
242 323
243 262
243 443
243 402
243 365
243 401
243 301
243 497
243 488
243 316
243 377
243 480
243 263
243 281
243 388
243 495
243 352
243 276
243 465
243 327
244 349
244 250
244 368
244 490
244 379
244 493
244 346
244 279
244 245
244 449
244 273
244 301
244 447
244 479
244 374
244 306
244 257
244 450
244 451
244 473
245 326
245 253
245 415
245 462
245 435
245 494
245 257
245 301
245 367
245 456
245 434
245 256
245 351
245 493
245 266
245 423
245 349
245 441
245 455
245 374
245 307
245 460
245 391
245 336
246 303
246 258
246 304
246 320
246 254
246 473
246 435
246 278
246 300
246 279
246 494
247 468
247 371
247 372
247 462
247 481
247 294
247 330
247 364
247 449
247 258
247 272
247 451
247 271
247 421
247 311
247 403
247 344
248 454
248 418
248 312
248 263
248 320
248 444
248 460
248 452
248 481
248 389
248 274
248 356
248 437
248 487
248 368
248 416
248 371
248 352
248 392
248 319
248 483
248 286
249 316
249 383
249 320
249 475
249 302
249 408
249 366
249 341
249 412
249 470
249 458
249 356
249 376
249 312
249 308
250 454
250 478
250 297
250 323
250 453
250 413
250 281
250 492
250 425
250 374
250 262
250 496
250 302
250 364
250 350
250 322
250 438
250 419
250 369
250 256
250 267
250 313
251 444
251 437
251 474
251 321
251 447
251 487
251 421
251 429
251 265
251 314
251 454
251 311
251 259
251 282
251 299
251 386
251 384
252 468
252 462
252 385
252 445
252 416
252 452
252 257
252 458
252 373
252 275
252 344
252 323
252 411
252 423
252 338
252 258
253 488
253 332
253 386
253 406
253 377
253 305
253 487
253 352
253 324
253 381
253 433
253 416
253 483
253 325
253 494
253 265
253 312
254 334
254 412
254 422
254 453
254 267
254 343
254 330
254 477
254 478
254 260
254 432
254 329
254 499
254 348
254 296
254 407
254 360
254 484
254 315
255 448
255 488
255 357
255 483
255 401
255 265
255 474
255 290
255 310
256 354
256 338
256 277
256 257
256 412
256 345
256 488
256 321
256 441
256 477
256 400
256 401
257 339
257 469
257 399
257 455
257 430
257 473
257 414
257 310
257 395
257 416
257 402
257 457
257 482
257 488
257 466
257 393
257 294
257 296
257 427
257 495
257 410
257 434
257 331
258 387
258 336
258 413
258 446
258 443
258 365
258 379
258 458
258 305
258 479
258 277
258 368
258 474
258 459
258 312
258 259
258 470
258 271
258 419
259 356
259 492
259 433
259 359
259 341
259 348
259 454
259 335
259 436
259 397
259 460
259 368
259 409
259 415
259 464
259 468
259 337
259 361
259 374
260 475
260 459
260 446
260 321
260 476
260 495
260 355
260 404
260 458
260 364
260 308
260 408
260 373
261 406
261 474
261 499
261 361
261 404
261 266
261 375
261 286
261 267
261 456
261 340
261 327
261 365
261 493
261 411
261 458
261 299
261 390
261 321
261 401
261 339
261 391
262 291
262 445
262 279
262 401
262 475
262 449
262 458
262 415
262 439
262 289
263 450
263 412
263 441
263 468
263 362
263 393
263 494
263 472
263 425
263 402
263 335
263 451
263 359
263 453
263 413
263 292
263 461
263 372
263 365
263 347
264 385
264 356
264 460
264 422
264 438
264 443
264 352
264 495
264 395
264 333
264 448
264 383
264 345
264 473
264 377
264 388
264 421
264 478
264 412
264 451
264 464
265 427
265 295
265 353
265 473
265 414
265 266
265 286
265 294
265 455
265 307
265 321
265 315
265 418
265 437
265 419
265 422
265 479
265 300
265 438
266 338
266 386
266 286
266 380
266 480
266 362
266 371
266 401
266 437
266 398
266 454
266 309
266 268
266 304
266 399
266 348
267 353
267 388
267 282
267 316
267 292
267 342
267 458
267 283
267 369
267 427
267 317
267 270
267 291
267 380
267 431
268 425
268 366
268 433
268 489
268 446
268 381
268 337
268 494
268 419
268 451
268 283
268 361
268 280
268 313
268 408
268 275
269 415
269 499
269 289
269 434
269 402
269 423
269 319
269 362
269 390
269 393
269 384
269 309
269 312
269 432
269 452
269 461
269 274
269 403
269 472
269 479
269 386
269 462
269 307
269 490
269 493
270 272
270 474
270 307
270 465
270 360
270 479
270 455
270 446
270 368
270 387
270 473
270 456
270 401
270 352
270 452
270 354
270 286
271 497
271 359
271 373
271 405
271 401
271 276
271 485
271 476
271 470
271 409
271 332
271 363
271 380
271 313
271 482
271 489
271 462
271 277
271 430
271 431
271 377
271 357
271 386
271 457
271 370
272 342
272 281
272 372
272 431
272 318
272 328
272 437
272 407
272 362
272 417
272 379
272 288
272 295
272 332
272 306
272 386
273 274
273 336
273 498
273 437
273 449
273 465
273 330
273 359
273 476
273 311
273 348
273 362
273 419
273 303
273 451
273 326
273 298
273 428
273 290
273 294
273 299
273 372
273 443
273 468
274 285
274 415
274 372
274 493
274 355
274 458
274 423
274 414
274 370
274 368
274 497
274 369
274 374
274 365
274 454
274 395
274 446
274 491
274 433
274 275
275 489
275 493
275 358
275 377
275 276
275 357
275 405
275 438
275 481
275 313
275 299
275 379
275 331
276 495
276 472
276 313
276 471
276 438
276 315
276 437
276 324
276 370
276 345
276 281
276 392
276 361
276 382
276 286
276 278
276 450
276 310
276 386
276 485
277 340
277 485
277 286
277 410
277 483
277 463
277 434
277 439
277 392
277 348
277 305
277 335
277 365
277 478
277 321
277 287
278 298
278 465
278 453
278 285
278 373
278 337
278 384
278 482
278 433
278 346
278 458
278 479
278 418
278 463
278 283
278 358
278 400
278 327
278 366
278 445
279 409
279 450
279 281
279 347
279 469
279 489
279 479
279 374
279 297
279 399
279 338
279 421
279 449
279 411
279 390
279 350
279 298
279 367
279 420
279 339
279 336
279 291
279 483
280 456
280 349
280 441
280 422
280 331
280 391
280 397
280 447
280 437
280 465
280 366
280 312
280 298
280 411
280 455
280 347
280 301
280 291
280 285
280 395
280 451
280 339
280 403
280 443
281 406
281 400
281 350
281 470
281 376
281 362
281 402
281 459
281 478
281 322
281 348
282 468
282 283
282 434
282 474
282 321
282 393
282 368
282 467
282 406
282 407
282 293
282 414
282 415
282 430
282 328
282 332
283 353
283 476
283 363
283 347
283 452
283 469
283 344
283 498
283 406
283 340
283 457
283 294
283 285
283 314
283 473
284 293
284 374
284 306
284 395
284 310
284 290
284 432
284 369
284 340
284 450
284 490
284 341
284 438
284 427
284 311
284 367
284 440
284 405
284 371
284 455
285 343
285 396
285 385
285 414
285 430
285 428
285 289
285 377
285 308
285 368
285 383
285 314
286 436
286 355
286 484
286 372
286 456
286 318
286 494
286 354
286 289
286 437
286 305
286 416
286 459
286 291
286 339
286 479
286 348
286 469
286 382
287 468
287 334
287 382
287 410
287 481
287 473
287 360
287 462
287 392
287 442
287 452
287 294
287 365
288 394
288 482
288 498
288 315
288 452
288 416
288 291
288 447
288 421
288 389
288 307
288 405
288 333
288 492
288 300
288 345
288 377
288 444
288 369
289 489
289 313
289 403
289 379
289 490
289 417
289 410
289 394
289 298
289 424
289 341
289 472
289 446
289 334
289 478
289 365
289 320
289 408
289 418
290 381
290 491
290 453
290 478
290 321
290 363
290 298
290 291
290 395
290 420
290 374
290 482
290 304
290 384
290 386
291 436
291 328
291 333
291 494
291 316
291 440
291 387
291 353
291 481
291 355
291 334
291 362
291 435
291 301
291 463
292 471
292 435
292 355
292 313
292 459
292 349
292 354
292 328
292 351
293 415
293 320
293 374
293 302
293 351
293 454
293 316
293 396
293 376
293 495
293 375
293 488
293 431
293 403
293 442
293 364
293 429
293 400
293 494
294 295
294 442
294 425
294 343
294 388
294 423
294 378
294 351
294 297
294 379
294 329
294 446
294 372
294 345
294 440
294 404
294 457
294 424
294 407
294 346
294 309
294 441
294 420
295 416
295 380
295 424
295 296
295 444
295 462
295 425
295 342
295 361
295 497
295 472
295 360
295 345
295 397
295 476
296 482
296 449
296 324
296 305
296 302
296 321
296 396
296 429
296 349
296 353
296 339
296 419
296 373
296 397
296 304
296 408
296 352
296 486
296 361
296 484
297 358
297 318
297 372
297 390
297 444
297 314
297 448
297 438
297 410
297 439
297 449
297 414
297 467
297 307
298 345
298 317
298 316
298 334
298 311
298 321
298 425
298 415
298 392
298 434
298 347
298 474
298 338
298 342
298 454
298 388
298 451
298 318
298 428
299 395
299 335
299 415
299 367
299 453
299 328
299 486
299 310
299 464
299 307
299 430
299 499
299 321
299 427
299 396
299 468
299 358
299 369
300 302
300 386
300 420
300 345
300 378
300 464
300 484
300 439
300 455
300 476
300 401
300 408
300 499
301 373
301 332
301 377
301 453
301 415
301 315
301 313
301 335
301 371
301 402
301 497
301 349
301 351
301 355
301 433
301 474
301 333
301 312
302 450
302 441
302 356
302 488
302 496
302 307
302 329
302 331
302 369
302 350
302 360
302 459
302 428
302 433
302 335
302 321
302 338
302 332
302 343
303 445
303 322
303 411
303 413
303 329
303 466
303 395
303 442
303 373
303 330
303 320
303 319
303 463
303 480
303 487
303 481
304 401
304 315
304 411
304 333
304 426
304 486
304 326
304 404
304 485
304 347
304 345
304 317
304 342
304 495
304 432
304 477
304 393
305 445
305 318
305 449
305 319
305 334
305 459
305 474
305 439
305 499
305 428
305 480
305 353
305 395
305 488
305 486
305 407
305 349
305 423
305 360
305 455
306 489
306 388
306 457
306 490
306 472
306 479
306 317
306 310
306 333
306 482
306 432
306 405
306 360
306 452
306 314
306 389
307 378
307 308
307 433
307 390
307 474
307 330
307 384
307 357
307 396
307 329
307 355
307 435
307 354
307 366
307 382
307 404
307 353
307 485
307 480
307 453
307 310
307 381
308 313
308 433
308 384
308 434
308 354
308 487
308 316
308 475
308 422
308 317
308 481
308 337
309 345
309 493
309 390
309 357
309 313
309 429
309 321
309 468
309 458
309 398
309 397
309 447
309 372
309 492
309 438
309 463
309 358
309 331
309 480
310 424
310 382
310 494
310 311
310 495
310 493
310 392
310 454
310 446
310 434
310 336
310 480
311 349
311 466
311 346
311 419
311 499
311 343
311 388
311 407
311 403
311 319
311 409
311 348
311 460
311 344
311 433
311 364
311 437
311 496
312 441
312 470
312 469
312 362
312 499
312 472
312 325
312 486
312 398
312 446
312 357
312 353
312 358
312 485
312 391
312 465
312 479
313 389
313 357
313 397
313 404
313 331
313 367
313 319
313 377
313 320
313 362
313 480
313 467
313 410
313 465
314 322
314 324
314 327
314 368
314 431
314 408
314 344
314 445
314 495
314 485
314 481
314 383
315 431
315 439
315 421
315 475
315 459
315 419
315 499
315 443
315 429
315 348
315 383
315 491
315 422
315 403
315 472
315 468
315 465
316 358
316 355
316 413
316 423
316 411
316 378
316 335
316 401
316 332
316 443
316 327
316 349
316 469
316 449
316 369
316 448
316 477
316 337
316 496
316 339
316 320
317 492
317 482
317 417
317 391
317 352
317 480
317 383
317 349
317 431
317 404
317 454
317 348
318 390
318 424
318 324
318 400
318 330
318 430
318 434
318 368
318 377
318 488
318 444
318 393
318 333
318 361
318 493
318 464
319 403
319 329
319 406
319 443
319 442
319 418
319 338
319 327
319 426
319 485
319 341
319 428
319 367
319 445
320 413
320 444
320 458
320 354
320 497
320 494
320 397
320 490
320 427
320 331
320 429
320 482
321 449
321 455
321 453
321 461
321 393
321 493
321 483
321 465
321 347
321 374
321 420
321 364
321 457
321 340
321 464
321 448
322 359
322 440
322 353
322 493
322 363
322 344
322 499
322 430
322 488
322 492
322 330
322 409
322 387
322 380
323 324
323 486
323 392
323 437
323 488
323 403
323 435
323 443
323 387
323 495
323 453
323 338
323 496
323 458
324 455
324 368
324 442
324 475
324 418
324 400
324 483
324 326
324 454
324 424
324 473
324 408
325 408
325 372
325 432
325 444
325 494
325 442
325 491
325 475
325 359
325 486
325 498
325 496
325 488
325 430
325 393
325 356
326 485
326 462
326 389
326 340
326 492
326 394
326 337
326 468
326 343
326 364
326 354
326 445
327 377
327 498
327 496
327 456
327 428
327 462
327 335
327 484
327 350
327 423
327 355
327 399
327 495
327 449
328 344
328 358
328 465
328 336
328 330
328 425
328 470
328 354
328 448
328 492
328 428
328 367
328 342
328 442
328 450
328 408
329 333
329 377
329 350
329 335
329 373
329 352
329 457
329 365
329 358
329 492
329 361
330 364
330 405
330 338
330 426
330 443
330 493
330 377
330 417
331 343
331 366
331 451
331 361
331 485
331 371
331 442
331 386
331 443
331 375
331 405
331 362
332 400
332 422
332 348
332 420
332 491
332 413
332 427
332 451
332 437
332 371
332 358
332 498
332 384
332 355
332 436
332 450
333 403
333 468
333 414
333 460
333 343
333 370
333 405
333 458
333 397
333 475
333 409
333 469
334 340
334 494
334 472
334 375
334 405
334 423
334 450
334 427
334 366
334 418
334 479
334 462
334 471
334 457
335 481
335 461
335 426
335 344
335 438
335 359
335 348
335 355
335 404
335 476
335 411
335 430
335 360
335 457
335 345
335 474
336 440
336 384
336 400
336 431
336 367
336 370
336 359
336 352
337 430
337 351
337 400
337 356
337 368
337 460
337 426
337 338
337 462
337 392
337 347
337 491
337 375
338 358
338 403
338 442
338 412
338 387
338 353
338 493
338 489
338 455
338 466
338 362
338 373
339 457
339 461
339 488
339 379
339 429
339 430
339 431
339 378
339 489
339 369
339 370
339 479
339 340
340 481
340 405
340 348
340 415
340 467
340 476
340 391
340 465
340 488
340 376
341 478
341 439
341 494
341 371
341 495
341 477
341 395
341 352
341 381
341 482
341 355
341 342
341 473
341 396
341 403
341 484
341 410
341 469
342 497
342 465
342 380
342 443
342 475
342 436
342 406
342 384
342 364
342 408
343 463
343 433
343 374
343 429
343 419
343 494
343 489
343 350
343 490
343 486
343 427
343 439
343 435
343 389
343 382
343 469
344 360
344 481
344 402
344 427
344 462
344 423
344 358
344 499
344 377
345 404
345 365
345 428
345 354
345 483
345 386
346 466
346 349
346 374
346 347
346 473
346 366
346 415
346 399
346 426
346 409
346 455
346 429
346 480
346 398
346 397
347 476
347 379
347 367
347 370
347 405
347 426
347 459
347 491
347 348
347 356
347 440
348 494
348 404
348 492
348 444
348 429
348 357
348 465
348 485
348 442
348 425
348 390
348 354
349 414
349 393
349 356
349 401
349 380
349 429
349 404
349 374
349 459
349 451
349 419
349 480
349 420
349 492
349 377
349 476
350 450
350 416
350 491
350 397
350 351
350 380
350 403
350 354
350 381
350 374
350 484
350 448
350 422
350 413
351 371
351 494
351 365
351 393
351 356
351 428
351 429
351 366
351 354
351 484
351 352
351 400
351 424
351 379
351 433
351 457
351 446
351 383
351 373
351 454
352 405
352 364
352 478
352 368
352 495
352 381
352 446
352 489
352 480
352 360
352 423
352 471
352 450
352 385
352 387
352 472
353 390
353 388
353 471
353 410
353 430
353 468
354 426
354 365
354 401
354 472
354 369
354 440
354 408
354 452
354 487
354 455
354 421
354 477
354 406
354 429
354 420
355 361
355 402
355 357
355 444
355 363
355 359
355 399
355 458
355 475
355 373
355 396
356 454
356 480
356 497
356 498
356 421
356 423
356 378
356 473
356 471
356 485
357 415
357 419
357 398
357 452
357 420
357 395
357 462
357 381
357 407
357 454
357 379
357 421
357 424
358 398
358 402
358 428
358 456
358 485
358 426
358 429
358 411
358 377
358 441
358 406
359 477
359 498
359 437
359 397
359 364
359 473
360 468
360 400
360 427
360 478
360 420
360 368
360 386
360 470
360 477
360 388
360 362
360 429
360 361
360 499
360 481
360 476
360 453
361 363
361 398
361 448
361 413
361 454
361 432
361 477
361 417
361 370
361 455
361 452
361 466
361 380
361 367
361 376
361 499
362 404
362 389
362 408
362 459
362 490
362 492
362 411
362 419
363 445
363 444
363 383
363 449
363 381
363 367
363 404
363 434
363 372
363 421
363 499
364 495
364 371
364 419
364 365
364 369
364 453
364 464
364 481
364 489
364 471
364 476
364 410
365 488
365 399
365 374
365 425
365 467
365 497
365 426
365 375
366 376
366 402
366 382
366 377
366 396
366 380
366 468
366 400
366 437
366 449
366 413
366 464
367 484
367 486
367 400
367 374
367 438
367 391
367 419
367 393
367 418
367 407
367 387
367 494
367 469
368 491
368 489
368 483
368 450
368 409
368 465
368 464
368 460
369 435
369 456
369 466
369 498
369 460
369 458
370 442
370 482
370 393
370 399
370 412
370 475
370 448
370 480
370 491
371 385
371 377
371 405
371 478
371 380
371 382
371 471
371 460
371 419
371 492
372 498
372 483
372 472
372 386
372 382
372 463
373 494
373 470
373 480
373 424
373 374
373 434
373 487
373 437
374 452
374 446
374 408
374 389
374 395
374 404
374 430
374 445
375 447
375 475
375 396
375 429
375 416
375 379
375 483
375 378
376 381
376 445
376 479
376 485
376 440
376 400
376 459
376 468
376 384
377 434
377 499
377 433
377 423
377 398
377 410
377 413
377 439
377 449
377 454
377 399
378 459
378 450
378 401
378 385
378 407
378 455
378 462
379 442
379 448
379 429
379 445
379 473
379 459
379 416
379 397
379 475
379 383
380 488
380 415
380 395
380 420
380 385
380 457
380 435
380 388
380 495
380 490
380 446
380 472
380 432
381 399
381 410
381 383
381 447
381 415
381 435
381 436
381 401
381 411
381 424
381 437
382 393
382 409
382 447
382 466
382 457
382 433
382 449
382 476
382 411
382 458
383 393
383 434
383 446
383 449
384 450
384 409
384 485
384 480
384 458
384 482
384 464
384 495
384 386
385 469
385 422
385 393
385 454
385 433
386 413
386 432
386 474
386 451
386 406
386 423
387 456
387 415
387 485
387 407
387 428
387 465
387 477
387 466
387 457
388 391
388 452
388 420
388 480
388 409
388 406
388 389
388 405
388 430
388 471
389 455
389 396
389 445
389 438
389 436
389 444
389 441
389 471
389 498
389 452
390 472
390 419
390 431
390 416
390 418
390 403
390 398
391 461
391 473
391 402
391 471
392 412
392 393
392 465
392 432
392 401
392 400
392 486
393 439
393 411
393 478
394 494
394 411
394 445
394 402
394 431
394 481
394 438
394 429
394 495
395 495
395 465
395 470
395 433
395 419
395 452
396 428
396 420
396 464
396 416
396 423
397 459
397 478
397 487
397 490
397 425
397 443
397 407
398 418
398 484
398 461
398 464
398 472
398 475
398 466
398 400
398 403
398 457
399 426
399 488
399 434
399 450
399 419
399 479
400 447
400 463
400 439
400 405
400 483
400 471
400 458
400 416
401 488
401 430
401 456
401 442
401 409
401 448
401 489
401 458
401 429
401 496
401 473
402 486
402 498
402 441
402 421
402 472
402 464
402 430
403 479
403 427
403 464
403 467
403 424
403 414
403 408
403 431
403 458
403 474
404 499
404 445
404 493
404 426
405 454
405 420
405 472
406 431
406 423
406 481
406 478
406 460
407 432
407 450
407 414
407 408
407 446
408 488
408 471
408 448
408 440
408 454
408 474
408 467
408 444
409 472
409 437
409 477
409 447
409 419
409 451
410 499
410 439
410 417
410 426
410 443
410 494
410 462
411 426
411 418
411 435
411 489
411 493
411 483
411 462
412 447
412 478
412 485
412 452
412 430
413 492
413 415
413 444
413 499
413 431
413 475
414 468
414 480
414 486
414 449
414 465
414 418
414 422
414 434
415 432
415 482
416 419
416 464
416 433
416 479
416 497
416 456
417 473
417 441
418 432
418 455
418 419
418 430
418 448
418 460
418 421
418 422
418 447
419 439
419 445
420 486
420 455
420 427
420 474
420 451
420 478
421 446
421 486
421 465
421 448
421 491
421 436
422 425
422 498
422 459
422 441
422 491
422 499
422 438
422 439
423 451
423 436
423 469
423 429
423 460
424 445
424 448
424 439
424 425
424 488
424 434
425 463
425 426
426 487
426 482
427 448
427 450
427 487
427 496
427 493
427 439
427 432
428 498
428 476
428 458
428 499
428 491
428 446
429 444
429 475
429 483
429 496
429 460
429 455
429 472
429 474
429 499
430 467
430 483
430 486
430 490
431 489
431 436
431 470
432 433
432 451
432 491
432 489
433 449
433 469
433 453
434 491
434 479
434 469
434 457
434 467
434 435
435 451
435 449
435 455
435 448
435 454
435 474
435 466
435 482
436 467
436 482
436 469
436 462
437 462
437 482
437 469
437 451
437 450
438 481
438 449
438 497
439 476
439 472
439 458
439 469
440 481
440 492
440 453
440 479
441 477
441 455
441 483
441 447
441 449
442 445
442 471
442 480
442 462
442 456
443 449
443 466
443 478
443 494
443 482
444 493
444 479
444 484
444 490
444 452
444 498
444 477
445 495
445 483
445 463
445 455
445 498
446 450
446 473
446 471
446 490
446 452
446 494
447 474
447 458
447 471
448 480
448 496
448 462
448 486
448 454
448 469
448 467
448 476
448 452
449 463
449 451
449 495
449 499
449 457
449 469
449 466
449 491
450 489
450 473
450 455
450 461
450 460
450 457
451 483
451 481
451 457
451 468
451 459
451 494
452 480
452 475
452 466
452 461
453 467
453 456
453 495
453 469
453 468
453 490
453 478
454 492
454 472
454 486
454 462
455 482
455 485
456 459
457 486
457 484
457 462
457 477
458 472
458 496
458 484
458 491
458 498
458 494
458 462
458 473
459 496
459 466
459 472
459 490
459 491
460 463
460 473
460 493
462 483
462 469
463 492
464 499
464 471
464 480
464 475
465 472
466 499
466 472
466 480
467 492
467 469
467 493
468 484
469 497
470 483
470 482
470 484
471 482
471 483
471 491
472 496
472 489
473 488
473 498
474 498
474 478
475 488
475 490
475 477
477 492
478 484
480 489
481 496
481 486
482 488
485 495
485 493
485 496
485 491
486 495
487 494
488 498
488 494
488 497
491 494
