VERTICES = 1000
EDGES = 2000
0 166
0 273
1 522
1 347
1 458
2 449
2 925
2 135
2 537
3 999
4 697
4 388
4 17
4 631
4 363
4 458
5 599
5 149
5 532
6 49
6 598
6 992
6 538
6 948
6 613
6 227
7 738
7 852
7 595
7 990
7 657
7 292
8 604
8 538
8 810
9 27
9 194
9 605
9 382
9 149
9 336
9 813
9 47
10 249
10 637
10 20
10 484
10 572
10 857
11 402
11 800
11 948
11 304
11 328
11 675
12 697
12 611
12 841
12 568
13 123
13 461
13 76
13 984
13 512
14 257
14 313
14 309
14 342
15 175
15 513
15 922
16 505
16 338
16 853
16 391
16 319
16 442
17 540
17 69
17 776
17 470
17 242
17 733
18 282
19 983
19 88
19 279
19 124
19 387
19 686
19 794
19 691
20 874
20 250
20 50
20 74
20 611
21 789
21 254
21 907
22 964
22 882
22 239
22 554
22 568
23 163
23 335
23 290
23 822
23 83
23 475
23 351
24 338
24 565
24 850
24 887
24 400
24 955
25 364
25 673
25 398
25 611
25 664
25 867
26 52
26 292
26 155
26 498
26 799
27 393
27 352
27 963
27 47
27 383
27 331
27 745
28 912
28 787
28 860
29 643
29 640
30 742
32 112
32 304
32 983
32 959
32 994
33 299
33 439
35 47
35 904
36 371
36 481
36 57
36 482
37 611
37 257
37 954
37 108
37 407
37 86
37 882
38 551
38 935
38 603
39 514
39 75
39 719
39 733
40 43
40 593
41 937
41 928
42 539
42 577
43 706
43 135
44 665
44 109
46 82
46 63
47 747
47 806
47 851
47 354
47 937
48 212
48 545
48 718
48 799
48 550
48 225
49 564
49 480
50 419
50 641
50 503
51 271
51 472
51 823
51 367
52 462
52 920
52 94
53 178
53 612
54 984
54 569
55 58
55 416
55 542
55 278
55 657
55 946
56 672
56 619
56 437
57 578
57 719
57 725
58 388
58 802
58 767
59 477
59 436
59 306
59 93
60 366
61 994
61 388
61 973
61 913
62 699
62 851
62 394
62 743
62 530
62 321
63 973
63 737
63 169
63 920
63 226
63 792
64 608
64 957
65 723
65 596
65 335
66 473
66 286
66 876
66 67
67 561
67 937
67 419
67 91
67 831
67 219
67 372
68 773
68 373
68 150
68 94
68 500
69 814
69 100
69 749
69 781
70 218
70 447
70 346
70 312
70 379
70 352
71 946
71 869
71 826
71 589
71 553
72 76
72 414
72 338
72 590
72 166
72 194
72 673
73 895
73 232
73 121
74 654
75 671
75 836
75 779
75 118
75 303
76 385
76 624
76 229
76 887
76 408
76 321
77 355
77 239
77 457
77 342
77 402
77 626
77 922
77 584
78 891
79 537
79 993
79 681
79 420
79 191
79 586
79 123
79 963
80 865
80 781
80 103
80 570
80 386
80 395
80 602
80 760
81 369
81 83
81 590
82 772
82 304
82 650
82 113
83 931
83 636
83 795
83 958
83 650
83 532
83 237
83 517
84 479
84 755
84 118
86 142
86 816
86 848
87 225
87 453
87 811
87 506
88 323
89 155
89 267
89 821
89 233
90 958
90 262
91 383
91 995
91 241
91 867
92 392
92 142
93 223
94 546
94 768
94 984
94 998
94 990
95 664
95 126
95 837
96 539
96 756
97 981
97 704
97 594
98 567
98 706
98 195
98 782
99 349
99 685
99 872
99 170
99 275
100 288
101 945
101 738
101 749
101 978
102 183
102 604
102 780
102 351
102 760
102 888
103 238
103 127
103 282
103 468
103 631
104 480
104 824
104 662
105 931
105 182
105 652
105 627
106 387
106 967
108 186
108 768
108 435
108 809
108 293
108 735
108 244
108 434
108 180
109 589
109 643
110 220
110 823
111 115
111 695
111 643
111 274
112 508
112 659
112 277
113 546
113 234
113 790
114 195
115 787
115 637
116 250
116 373
116 809
116 635
116 988
117 447
117 879
118 766
118 303
119 596
120 221
120 898
120 688
120 954
120 151
121 326
122 988
122 852
122 950
122 468
122 338
123 300
123 142
123 418
123 325
124 813
124 907
124 725
125 436
125 140
125 536
126 363
126 211
126 428
126 201
127 388
127 475
128 197
128 451
128 933
128 657
129 241
129 386
129 151
129 169
130 437
130 865
130 959
131 505
131 301
132 787
132 434
132 604
132 742
133 774
133 243
133 286
133 779
133 627
134 502
134 849
134 881
134 174
134 791
134 301
134 792
135 583
135 833
135 236
135 143
136 178
136 219
136 551
136 952
136 692
136 964
136 366
137 679
137 551
137 547
137 354
137 910
137 591
138 767
138 619
138 760
138 560
139 191
139 839
139 873
139 378
139 764
140 501
140 871
140 337
141 858
141 753
141 522
142 417
142 146
142 344
142 164
143 175
143 922
143 921
144 411
144 362
144 198
144 464
144 259
144 686
145 741
145 556
145 201
145 882
145 307
146 683
146 583
146 162
147 207
147 488
147 229
148 943
148 159
148 680
148 872
148 405
148 713
149 179
150 859
150 314
150 634
150 414
151 285
151 323
151 677
151 435
152 764
152 392
152 851
152 451
152 323
153 409
153 854
153 458
154 597
154 784
154 553
155 972
155 845
156 365
156 166
157 769
157 189
157 585
157 964
158 515
158 398
158 351
158 676
159 204
159 248
159 182
159 319
159 293
160 927
160 862
160 281
160 456
160 382
161 496
161 684
161 307
161 193
162 973
162 403
162 429
162 379
162 208
163 365
163 641
163 667
163 909
164 590
164 868
164 249
166 844
167 878
168 828
168 207
169 317
169 301
169 331
170 186
171 300
171 258
171 975
171 847
171 357
171 355
171 480
172 297
172 778
172 836
173 666
173 224
173 622
173 849
173 211
173 951
173 643
174 777
174 371
175 379
175 495
175 315
175 703
176 440
176 178
176 543
176 566
176 355
178 820
179 489
179 339
179 403
179 872
180 567
180 535
180 721
180 455
180 246
180 982
180 706
181 620
181 843
181 431
181 474
181 473
182 810
182 665
182 946
183 219
183 545
184 822
184 634
186 965
186 884
186 202
187 335
187 309
187 604
187 249
188 886
188 786
188 998
188 764
188 837
189 787
189 717
190 597
190 205
190 196
190 417
191 961
191 980
191 312
191 517
192 737
192 618
193 795
194 352
195 618
195 868
195 951
195 986
196 433
196 341
196 329
196 813
197 291
198 913
198 279
198 730
199 626
199 969
199 211
199 728
199 393
199 703
200 633
200 330
201 496
201 482
201 217
202 422
202 278
203 620
204 469
205 649
205 278
205 902
205 995
206 269
207 864
207 515
207 418
207 745
207 469
207 461
208 719
208 754
208 686
208 345
209 233
209 899
209 537
209 943
210 717
210 962
210 738
212 901
212 639
213 548
213 816
213 223
214 853
214 244
214 766
214 864
215 443
215 401
216 503
217 457
217 566
217 433
217 399
217 741
217 682
217 780
218 787
218 492
218 672
219 347
220 985
220 627
220 302
221 830
221 633
221 255
221 267
221 339
221 720
222 652
222 886
223 327
223 469
223 380
223 966
223 853
224 875
224 549
225 431
225 244
226 501
227 509
227 394
227 547
227 734
227 247
228 997
228 351
228 242
228 993
229 289
229 814
229 428
229 699
229 513
229 933
229 734
230 343
230 651
230 976
231 881
232 411
233 903
234 967
234 386
235 315
235 250
235 295
235 403
236 464
236 511
236 665
236 352
237 485
237 682
238 759
239 532
239 977
239 735
239 415
239 267
239 625
240 840
240 921
241 670
242 980
242 617
242 472
243 937
243 981
243 870
243 769
243 579
244 757
245 621
245 740
246 520
246 889
246 423
246 402
246 575
247 253
247 316
248 801
248 876
249 400
249 389
249 542
250 335
250 850
250 811
250 479
250 565
251 394
252 598
252 577
252 639
252 727
253 587
253 776
253 612
253 936
253 849
253 380
254 991
254 644
254 965
254 293
255 711
255 700
256 427
256 715
256 561
256 641
257 719
257 542
257 887
257 749
257 433
258 579
258 613
259 530
259 962
259 731
260 526
260 892
260 858
260 622
261 362
261 299
261 655
261 293
262 988
262 558
262 629
263 276
263 291
263 293
263 487
264 483
264 865
265 421
265 489
265 612
266 556
266 464
266 627
266 468
267 311
267 974
268 859
268 413
268 620
268 687
270 732
270 883
270 452
271 484
271 821
271 307
271 535
271 839
272 394
272 481
272 915
273 804
273 915
273 340
273 362
273 893
274 785
274 938
274 627
274 555
275 496
275 466
275 795
275 586
276 994
276 938
276 850
276 989
276 295
277 984
277 875
278 806
278 412
278 989
279 836
279 813
279 418
279 553
280 785
280 921
281 286
281 689
281 955
281 559
282 659
282 718
282 917
282 544
283 715
283 478
283 972
284 964
284 354
284 797
285 837
285 623
285 717
286 373
287 422
287 646
288 988
288 859
288 763
288 921
288 408
288 974
288 606
290 543
290 467
290 397
291 865
291 581
292 552
292 314
292 619
292 440
293 762
293 731
293 472
294 380
294 979
295 667
295 924
296 588
297 560
297 501
297 676
298 924
298 904
298 927
298 770
299 694
299 310
299 564
299 553
300 476
300 764
301 467
301 932
301 910
302 494
303 901
303 911
303 330
303 548
303 379
303 561
304 425
304 821
305 491
305 403
305 371
306 982
306 864
306 353
307 337
307 494
308 894
308 542
308 746
308 989
308 329
309 620
309 486
310 894
310 578
310 833
311 512
311 878
311 345
311 865
312 823
312 416
312 602
312 409
312 453
312 422
314 382
314 905
314 768
315 657
315 918
316 966
316 564
316 685
317 719
318 565
318 444
318 925
318 999
319 695
319 755
320 599
320 326
320 735
321 929
321 951
321 345
321 351
321 698
321 988
321 991
322 790
322 515
322 448
322 482
323 908
323 412
323 991
323 849
323 999
323 840
324 923
324 394
324 989
324 646
324 980
325 879
327 910
327 424
327 740
327 669
328 606
329 642
329 575
329 854
329 874
329 380
330 988
330 572
330 553
330 759
330 457
331 435
331 960
332 630
332 707
333 926
334 649
334 666
334 636
335 661
335 777
336 639
336 442
336 747
337 947
337 401
338 905
339 927
340 967
342 445
342 468
342 571
342 448
343 650
343 728
343 469
344 921
344 403
345 915
345 440
345 705
345 616
345 869
345 458
346 721
346 470
346 739
346 705
347 569
348 567
348 400
348 543
349 448
349 900
349 421
350 931
350 396
351 440
351 841
351 511
352 488
352 387
352 593
352 977
353 707
353 745
354 428
355 993
355 898
355 542
355 402
356 922
356 564
357 960
357 454
357 855
358 480
358 528
359 695
359 431
359 715
359 986
359 945
359 704
360 523
361 979
361 589
361 861
362 519
363 727
363 511
363 802
363 814
363 630
364 755
364 526
364 504
364 682
366 652
366 813
366 581
366 452
366 642
367 554
367 733
369 517
369 762
370 896
370 650
370 468
370 477
371 685
371 503
371 666
373 662
373 626
374 963
374 403
375 823
375 726
375 999
376 491
377 903
377 654
378 448
378 704
378 889
378 926
380 676
380 925
380 394
380 531
381 831
381 582
381 427
382 492
382 459
384 938
384 534
384 777
384 461
386 707
387 554
387 610
389 768
389 454
389 436
389 518
390 488
390 836
390 516
390 758
392 706
393 807
393 882
393 402
394 966
394 744
394 604
394 562
395 711
395 407
395 735
396 485
397 417
397 544
398 530
398 753
399 521
399 635
399 865
399 624
399 643
400 970
400 957
400 746
401 973
401 770
401 523
403 491
403 620
403 756
403 475
403 843
404 873
405 697
405 600
405 976
407 588
407 436
408 527
408 811
408 703
409 835
409 958
409 636
409 899
410 428
411 649
411 638
411 673
411 446
412 433
412 728
415 802
416 477
417 856
418 911
418 589
420 955
420 808
420 707
420 696
420 463
420 715
421 988
421 505
422 525
423 695
423 941
423 958
424 606
425 480
425 939
426 898
426 448
426 953
426 922
427 606
427 437
428 715
430 877
430 938
430 546
430 868
430 976
430 443
434 861
434 621
434 643
436 565
436 511
436 582
436 538
437 610
438 631
438 706
438 477
439 971
440 517
441 765
442 680
442 540
442 856
442 481
443 461
443 467
444 707
445 864
445 813
446 470
448 501
449 459
449 669
449 847
450 581
450 967
450 972
451 482
451 590
452 775
452 648
452 787
453 483
454 486
456 873
456 754
456 644
457 793
457 478
457 935
458 780
458 630
460 701
460 565
461 539
461 767
461 713
462 823
462 850
462 606
462 778
463 755
463 893
464 496
464 998
464 875
465 997
465 499
466 606
466 545
466 777
466 965
466 747
467 808
468 642
468 565
468 968
468 550
468 869
468 617
468 496
469 525
470 938
470 864
471 892
471 819
472 654
472 816
473 710
473 578
474 918
474 983
475 991
475 486
476 654
476 635
476 623
476 705
477 600
477 814
478 945
479 650
480 806
480 658
481 995
481 974
481 739
481 889
482 766
483 503
484 544
485 947
485 763
485 508
485 895
485 857
486 991
486 594
487 635
487 524
487 684
487 598
487 551
488 782
488 815
488 930
489 843
489 544
490 499
491 978
491 911
491 528
492 938
492 704
493 648
494 797
495 767
495 669
497 627
497 629
497 770
497 737
497 691
498 659
498 687
499 864
500 844
501 673
501 578
501 868
502 806
502 674
504 704
506 889
506 855
506 836
508 696
508 660
508 831
509 516
510 582
511 679
513 732
513 685
513 786
516 934
516 941
516 968
516 832
517 928
517 911
518 800
519 609
520 632
521 838
523 765
523 800
523 569
523 810
524 875
524 863
524 814
524 990
527 611
527 704
527 777
527 944
528 917
528 597
528 879
528 741
528 714
530 684
530 986
532 877
532 759
532 819
532 750
533 824
533 720
534 788
534 762
534 725
535 857
535 639
536 592
537 892
537 701
538 618
538 802
539 955
540 648
541 894
541 870
543 788
543 725
544 940
546 734
546 703
546 993
546 590
547 894
549 616
549 702
549 985
549 672
551 853
551 914
552 624
552 889
554 900
554 685
555 826
555 743
556 573
556 936
556 784
556 678
556 748
557 734
557 736
558 605
558 988
559 697
559 785
559 768
560 998
561 992
562 964
562 655
562 961
564 933
564 885
565 759
565 718
566 978
567 709
567 707
567 711
568 664
568 707
569 885
570 779
571 849
572 682
573 768
573 990
574 853
574 653
574 977
574 861
574 734
575 925
575 983
576 763
576 980
577 666
577 782
577 694
577 685
578 737
578 641
578 990
579 975
579 967
581 975
581 994
582 969
582 970
582 747
583 765
583 818
584 617
584 980
585 846
587 753
587 684
587 630
587 658
588 949
588 757
589 763
589 840
589 993
590 788
590 969
590 652
590 902
591 621
591 733
591 775
591 942
592 893
592 994
592 904
593 984
594 771
594 732
595 673
597 806
597 705
597 989
598 718
599 803
599 916
599 825
601 875
603 889
603 734
604 952
605 632
605 900
605 660
605 659
606 940
607 682
609 924
610 898
610 764
610 686
612 642
612 807
613 785
613 797
613 865
614 650
614 848
615 946
615 663
616 725
618 963
619 720
619 923
620 838
621 813
623 758
623 891
624 876
625 761
626 989
627 940
627 903
627 707
628 667
628 879
629 945
629 640
630 804
630 980
631 882
633 995
635 959
635 766
635 873
636 649
636 840
636 816
636 656
637 681
637 870
638 861
638 645
639 889
640 919
640 711
641 683
642 883
642 661
643 748
643 839
643 878
644 879
644 701
644 845
645 863
645 901
646 660
646 928
646 693
647 841
648 864
649 812
650 927
650 758
652 865
653 943
653 894
654 755
654 752
656 993
656 825
656 776
656 785
656 786
656 790
658 740
659 809
659 923
660 828
661 987
661 990
662 768
663 987
663 783
664 778
665 852
665 694
666 801
667 687
668 904
668 872
670 821
670 996
672 976
672 852
673 726
674 846
674 744
675 827
677 777
678 769
678 815
679 825
680 999
681 897
682 969
682 998
683 834
684 772
685 783
686 793
686 890
686 956
687 847
689 967
689 788
690 888
692 803
694 706
695 946
695 995
695 724
698 853
699 785
700 840
700 967
701 740
703 934
704 816
704 792
708 984
709 846
710 773
710 764
711 915
713 853
714 938
715 727
715 832
717 921
717 790
719 902
719 964
720 938
720 805
722 744
723 954
725 991
727 841
727 738
728 955
729 803
729 882
731 891
733 855
734 820
734 968
735 836
738 895
739 825
739 905
740 963
740 980
742 813
742 989
743 917
743 802
743 999
744 765
744 989
745 927
745 862
747 829
748 912
748 820
749 774
750 782
750 909
751 972
751 796
753 836
753 961
755 876
755 858
755 808
755 922
756 798
758 886
761 871
762 778
763 835
764 952
764 781
767 806
767 939
767 970
768 823
770 805
775 957
775 875
778 939
778 900
778 904
779 815
780 918
781 998
784 968
786 828
786 886
787 994
787 918
788 796
789 934
789 949
790 984
794 978
794 886
795 963
798 923
798 887
799 876
799 962
799 857
800 985
804 821
805 895
805 920
806 876
806 889
807 812
807 843
809 846
811 895
811 982
813 915
813 880
816 879
817 851
817 905
817 840
820 964
820 934
820 985
822 925
824 880
824 890
825 923
827 975
827 866
828 985
833 989
834 996
834 860
835 866
837 858
842 871
847 896
847 890
848 933
850 984
851 887
851 889
852 979
854 914
858 980
859 860
866 907
868 927
869 962
871 996
872 949
873 874
876 898
876 885
878 954
879 883
881 888
883 913
884 998
886 950
886 997
888 995
889 943
889 954
890 921
892 961
894 902
896 916
899 975
899 934
906 910
912 990
916 960
917 973
918 923
920 956
921 992
922 978
934 946
934 959
938 987
940 991
946 982
949 974
950 954
954 977
955 962
957 981
968 987
976 998
