VERTICES = 1000
EDGES = 3000
0 524
0 442
0 927
0 286
0 123
0 127
0 605
0 867
0 291
1 976
1 316
1 914
1 8
2 134
2 742
2 520
2 693
2 707
2 384
3 846
3 983
3 175
3 918
3 528
4 510
4 466
4 820
4 325
4 331
5 489
5 976
5 822
5 246
5 702
5 355
6 641
6 379
6 628
6 130
6 286
7 645
7 390
7 473
7 385
7 495
7 299
7 456
7 106
8 811
8 225
8 581
8 382
8 265
8 688
9 508
9 626
9 140
9 318
9 624
9 899
9 593
10 568
10 745
10 48
10 510
10 939
11 818
11 147
11 904
11 964
11 40
12 391
12 550
12 158
12 206
12 438
12 207
13 861
13 783
13 579
13 133
14 904
14 95
14 697
14 614
14 520
14 717
14 516
15 778
15 499
15 61
15 369
15 570
15 493
15 804
15 382
15 766
15 506
15 414
16 352
16 478
17 886
17 227
17 138
17 445
17 277
17 284
17 19
18 881
18 802
18 72
18 861
18 51
18 400
18 221
19 933
19 400
19 572
19 445
19 878
19 497
19 437
19 249
20 548
20 425
20 888
20 545
20 762
21 318
21 493
22 558
22 502
22 913
22 693
22 262
22 820
22 640
22 537
22 897
23 439
23 839
23 115
23 195
23 290
23 338
23 773
24 960
24 117
24 322
24 453
24 363
24 797
24 990
25 617
25 673
25 468
25 627
25 658
25 439
25 819
25 760
25 478
25 929
25 132
26 803
26 42
26 109
26 816
26 438
26 606
26 564
26 227
26 264
26 844
27 162
27 412
27 759
27 356
28 715
28 835
28 371
28 411
28 479
28 467
28 700
28 701
29 182
29 992
29 749
29 222
30 521
30 347
30 170
30 579
30 258
30 261
31 918
31 299
31 571
31 44
31 754
31 902
31 160
31 630
31 768
32 948
32 897
33 257
33 475
33 739
33 592
33 619
33 536
33 334
34 598
34 872
34 697
34 781
34 178
34 680
34 966
35 624
35 823
35 263
35 37
35 866
36 564
36 848
36 448
36 663
36 333
37 409
37 656
37 781
37 679
37 289
37 723
38 538
38 746
38 755
38 541
38 509
38 872
38 113
39 570
39 214
39 440
39 229
39 607
39 425
39 423
40 298
40 516
40 841
40 560
40 499
40 965
41 923
41 208
41 946
42 679
42 575
42 226
42 945
42 994
42 117
42 803
43 750
43 436
44 90
44 369
44 981
44 442
44 264
44 320
44 756
45 798
45 922
45 536
45 278
45 362
46 840
46 105
46 981
47 344
47 625
48 777
48 633
48 865
48 509
48 102
49 984
49 341
49 369
49 416
50 547
50 218
50 464
50 226
51 743
51 194
51 197
51 337
51 470
52 87
52 908
52 725
52 281
52 282
52 718
53 811
53 206
53 372
53 437
53 564
53 829
53 352
54 955
54 978
54 709
54 160
54 61
54 489
54 398
55 427
55 657
55 64
55 293
55 624
55 588
55 217
56 817
56 776
56 231
56 386
56 415
57 659
57 913
57 446
57 219
57 63
57 909
57 542
58 342
58 554
58 394
58 256
58 206
58 991
59 300
59 503
59 830
59 526
60 224
60 105
61 488
61 766
61 530
61 85
61 214
61 112
61 557
62 210
62 643
62 670
62 648
63 88
63 886
63 486
63 181
63 141
64 355
64 168
64 443
64 649
64 929
64 388
65 639
65 551
65 925
65 67
65 877
65 964
65 280
65 237
65 585
65 948
65 719
66 314
66 675
66 864
66 945
66 852
67 842
67 963
67 193
67 971
67 497
67 308
67 594
67 251
67 342
68 396
68 415
68 512
68 235
69 962
69 378
69 798
69 613
69 761
69 305
69 315
69 193
69 616
70 869
70 902
71 374
71 705
71 321
71 511
71 305
71 405
72 646
72 947
72 486
72 183
72 545
73 94
73 227
73 885
73 548
74 243
74 926
74 537
74 363
75 658
75 577
75 509
75 348
75 693
75 532
75 364
75 338
75 462
75 850
75 453
75 578
75 747
76 850
76 364
76 682
76 840
76 435
76 432
77 107
77 744
77 869
77 255
77 570
77 425
77 536
77 648
77 911
77 705
78 868
78 387
78 581
78 237
78 687
78 928
78 703
79 105
79 167
79 790
79 506
79 638
80 942
80 275
80 160
80 97
81 812
81 85
81 678
81 532
81 739
81 691
81 273
82 565
82 345
82 177
82 355
82 241
83 826
83 994
83 217
83 308
83 152
84 950
84 559
84 149
84 951
84 883
84 983
84 259
84 894
84 463
84 108
85 540
85 369
85 888
85 897
85 185
85 764
85 288
85 969
86 654
86 755
86 700
86 635
86 866
86 492
87 431
87 977
87 546
87 158
87 996
87 373
87 325
88 947
88 166
88 589
88 703
88 977
89 375
90 874
90 159
90 179
90 230
90 729
91 944
91 393
91 108
91 620
91 516
91 691
91 729
91 589
91 885
92 847
92 979
92 408
92 642
92 953
92 415
93 816
93 742
93 756
93 211
94 754
94 799
94 336
94 506
95 872
95 115
95 255
95 384
96 969
96 347
96 274
96 197
96 594
96 688
97 140
97 610
97 473
97 263
97 943
97 378
98 956
98 334
98 353
99 326
99 487
99 266
99 288
99 953
99 367
99 218
99 142
99 268
100 869
100 758
100 593
101 288
101 942
101 568
101 903
101 601
101 885
101 963
101 436
101 187
102 159
103 148
103 391
103 800
103 874
103 283
103 783
103 599
104 573
104 218
104 392
104 601
104 639
104 210
105 648
105 916
105 470
105 296
105 301
105 132
106 898
106 979
106 394
107 858
107 679
107 696
107 334
107 214
107 855
107 635
107 287
107 109
108 903
108 896
108 526
108 330
109 437
109 802
109 810
109 945
109 311
110 459
110 308
110 189
111 128
111 201
112 198
112 386
112 855
112 442
112 983
113 329
113 410
113 125
114 616
114 191
115 436
115 496
115 977
115 592
116 503
116 669
116 305
116 153
116 649
116 393
117 776
117 763
117 160
117 792
117 778
117 668
117 727
117 834
118 679
118 221
118 266
118 424
118 707
118 948
118 173
118 534
119 751
119 571
119 963
119 175
119 921
119 945
119 430
119 789
120 929
120 437
120 867
120 308
121 243
121 939
121 306
121 745
121 975
121 377
121 303
121 649
122 142
122 524
122 880
123 529
123 683
123 836
123 657
123 830
123 381
123 400
123 906
123 144
123 556
124 815
124 572
124 450
124 522
125 204
125 449
125 889
125 237
126 930
126 581
126 486
126 686
126 760
126 355
127 693
127 200
127 661
127 986
127 926
128 482
128 233
128 657
128 769
128 361
129 684
130 804
130 403
130 901
131 591
131 841
132 610
132 869
132 268
132 776
132 262
133 819
133 805
133 554
133 339
133 771
134 720
134 174
134 142
134 351
134 741
134 561
135 847
135 833
135 700
135 792
135 624
136 546
136 842
136 140
136 287
137 590
137 372
137 840
137 872
137 368
138 572
138 987
138 732
138 591
138 547
138 977
138 660
139 664
139 472
139 532
139 935
139 999
140 604
140 863
140 455
141 335
141 539
141 410
141 377
142 866
142 622
142 842
143 806
143 983
143 928
143 769
143 792
143 945
144 820
144 852
144 802
144 249
144 567
144 418
145 898
145 355
145 837
145 642
145 670
146 429
146 978
146 456
146 842
147 440
147 364
147 595
147 431
148 372
148 968
148 503
148 316
148 439
148 233
148 322
148 713
149 643
149 321
149 743
149 302
149 652
149 377
150 840
150 457
150 406
150 926
150 460
150 636
151 814
151 850
151 704
151 936
152 701
152 241
152 269
152 528
152 629
153 458
153 944
153 525
153 977
153 740
153 333
153 681
153 568
154 721
154 349
154 790
155 462
155 597
155 930
155 305
156 753
156 958
156 576
156 282
156 296
156 363
157 750
157 713
157 190
157 894
157 423
157 834
157 802
157 594
158 401
158 268
158 245
158 984
158 516
158 852
158 181
158 623
158 360
158 395
158 788
159 765
159 475
159 370
159 776
159 566
160 373
160 785
160 623
160 352
160 524
161 196
161 582
161 648
161 842
161 988
162 391
162 253
162 402
162 702
162 471
162 625
162 447
162 886
163 758
163 760
163 325
163 328
163 674
164 428
164 775
164 681
165 293
165 922
165 611
165 865
166 258
166 257
166 488
166 472
166 254
166 671
167 393
167 852
167 984
167 328
167 906
167 503
167 946
167 643
168 318
168 320
168 358
168 492
168 463
168 396
168 659
169 585
169 443
169 349
169 542
169 819
169 238
170 463
170 696
170 758
170 861
170 860
170 833
170 519
171 736
171 275
171 868
173 400
173 972
173 252
173 613
173 205
173 486
173 257
174 546
174 993
174 386
174 513
174 475
174 592
174 910
174 949
174 431
174 878
174 732
175 262
175 554
175 624
175 381
175 470
176 672
176 717
176 532
176 663
176 876
176 611
176 565
176 307
176 206
176 289
176 297
177 548
177 681
177 940
177 907
177 602
177 886
177 768
177 269
177 920
177 565
178 319
178 927
179 672
179 963
179 986
179 444
179 580
179 729
179 684
180 924
180 374
180 524
180 305
181 798
181 925
181 641
181 532
181 559
181 631
181 634
181 848
181 784
182 198
182 417
182 367
182 423
182 450
182 586
182 684
182 464
183 600
183 290
183 708
183 791
183 591
183 823
183 558
183 315
183 362
184 490
184 506
184 452
184 196
184 358
184 728
184 363
184 876
185 558
185 359
185 664
185 823
185 909
185 656
186 339
186 727
186 211
186 388
186 245
186 254
187 872
187 447
187 317
187 842
187 581
187 781
187 480
187 423
187 933
187 751
188 507
188 593
188 734
189 514
189 866
189 534
189 889
189 291
189 793
189 925
190 396
190 955
191 567
191 388
191 894
192 931
192 673
193 958
193 627
193 282
193 805
193 799
193 708
194 801
194 881
194 994
194 890
195 652
195 314
195 294
196 458
196 892
197 499
197 974
197 914
197 285
197 901
198 746
198 561
198 641
199 967
199 531
199 587
199 372
199 399
199 900
199 942
199 860
199 789
199 365
200 566
200 384
200 968
200 996
200 251
200 725
200 843
200 419
201 850
201 707
201 985
202 368
202 223
202 640
203 227
203 343
203 472
203 574
203 964
203 999
203 549
203 962
204 825
204 327
204 337
204 843
205 873
205 759
205 266
205 661
206 463
206 789
206 344
206 785
207 654
207 574
208 439
208 341
208 565
209 563
209 883
209 515
210 994
210 410
210 576
211 326
211 791
211 735
211 781
211 982
212 239
212 925
212 720
212 240
212 610
213 469
213 869
213 537
214 872
214 476
214 488
214 613
214 312
215 362
215 622
215 537
215 524
215 420
216 342
216 621
216 563
216 658
216 259
217 532
217 552
217 623
218 260
218 849
218 507
218 227
218 311
219 315
219 267
219 660
219 662
220 625
220 906
220 239
220 933
220 630
220 428
220 417
221 571
221 392
221 999
221 959
221 700
222 367
222 338
222 872
222 921
222 289
222 520
222 399
222 226
223 292
223 688
223 395
223 656
223 237
224 918
224 580
224 673
224 645
224 269
224 797
225 605
225 299
226 679
226 625
226 273
226 414
226 659
226 920
226 701
227 687
227 685
228 499
228 508
228 557
228 814
229 907
229 899
230 755
230 923
230 591
230 813
231 848
231 667
232 977
232 801
232 479
232 648
232 553
233 724
233 797
233 753
233 834
233 573
234 348
234 245
234 646
234 631
234 259
234 957
235 247
235 840
235 900
235 514
235 677
236 535
236 722
236 904
236 303
237 328
237 434
237 744
237 838
237 541
238 263
238 760
238 777
238 963
239 337
239 851
239 640
239 586
239 292
239 703
240 611
240 684
240 254
240 753
241 661
241 420
241 814
241 452
241 410
241 744
241 919
242 409
242 865
243 811
243 533
243 802
243 548
243 288
244 411
244 248
244 384
244 316
245 375
245 685
245 447
245 844
245 319
246 546
246 270
246 714
246 579
247 878
247 993
247 852
247 492
247 526
248 679
248 643
248 818
248 938
249 524
249 680
249 295
249 870
249 623
249 663
249 548
249 888
249 402
250 601
250 392
250 563
250 498
251 357
251 568
251 455
251 570
251 834
251 910
252 292
252 656
252 361
252 502
252 281
252 295
252 864
252 708
252 273
252 827
253 595
253 611
253 571
253 716
253 658
254 945
254 978
254 453
255 545
255 400
256 429
256 920
256 345
257 513
257 262
257 426
258 889
258 310
258 608
258 686
258 950
258 781
258 554
258 856
259 482
259 656
259 818
259 743
259 495
260 455
261 514
261 634
262 560
262 751
262 576
262 817
263 831
263 803
263 439
264 317
264 994
264 306
264 687
264 863
264 363
264 445
264 918
264 614
265 996
265 485
265 543
265 901
265 379
266 627
266 512
267 429
267 295
267 471
268 900
268 399
268 938
268 556
268 468
268 805
268 619
268 794
268 902
268 364
269 307
269 325
269 567
269 985
269 582
270 989
270 412
271 448
271 323
271 383
271 860
271 355
272 660
273 290
273 998
273 317
273 647
274 348
274 724
274 944
275 663
275 379
275 372
275 308
275 860
276 300
276 449
276 305
277 381
277 382
277 881
277 633
278 449
278 363
279 805
279 649
279 310
279 752
280 641
280 739
280 542
280 804
281 891
281 636
281 949
282 807
282 483
282 499
282 669
282 587
283 701
283 775
283 976
283 315
284 321
284 647
284 501
284 678
285 679
285 325
285 682
286 568
286 493
286 322
286 455
287 853
287 652
288 568
288 647
288 473
288 570
289 897
289 879
289 985
289 936
289 631
290 494
290 489
290 447
290 689
290 430
290 838
291 878
292 732
292 959
292 695
292 389
292 305
292 722
292 945
292 730
293 934
294 750
294 431
294 887
294 736
294 602
295 646
295 481
295 732
295 853
296 715
296 701
296 486
297 828
297 906
297 579
297 916
298 876
298 985
298 705
298 934
299 795
299 464
299 793
300 729
300 866
300 679
300 994
300 937
300 661
301 921
301 505
301 531
301 618
301 946
302 488
302 648
302 992
302 840
303 542
303 864
303 868
303 616
303 702
303 668
303 470
303 992
303 474
304 756
304 337
305 319
305 571
305 793
305 678
306 366
306 737
306 997
306 835
306 963
306 978
307 708
307 745
308 337
309 583
309 845
309 642
309 523
309 806
309 530
309 405
309 819
310 484
310 854
310 459
310 473
310 496
310 870
311 953
311 858
311 434
311 938
312 709
312 805
312 316
313 372
313 957
313 808
314 561
314 940
314 581
314 632
314 701
315 875
315 436
315 864
316 969
316 802
316 821
317 696
317 886
317 570
317 773
317 323
318 882
318 694
319 338
319 461
319 474
319 986
319 969
320 923
320 662
321 996
322 726
322 795
322 654
322 596
322 741
323 674
323 480
323 758
323 477
324 485
324 758
324 510
324 516
324 684
325 915
325 447
325 679
325 786
325 374
326 673
326 664
326 783
326 717
326 713
326 984
327 340
327 580
328 995
328 525
328 955
328 364
328 650
329 990
329 772
330 963
330 697
330 437
330 340
330 955
330 456
331 859
331 898
331 352
331 422
331 969
332 801
332 826
332 723
332 790
333 517
333 707
333 624
333 679
333 460
334 415
334 712
334 711
334 597
334 364
335 736
335 712
335 345
335 834
335 506
336 414
336 519
336 725
336 610
336 571
336 907
337 801
337 802
337 796
337 480
338 937
338 651
338 462
338 688
339 499
339 602
339 427
339 430
339 819
339 711
340 853
340 528
340 818
340 811
340 447
340 363
341 592
341 483
341 973
341 958
341 838
341 741
342 453
342 952
342 458
342 422
342 407
342 656
343 917
343 355
343 766
343 521
343 463
343 847
343 542
344 880
344 761
345 489
345 753
345 649
345 639
345 496
346 797
346 379
346 538
347 701
347 844
348 927
348 860
348 502
348 945
348 409
348 516
349 381
349 533
349 505
349 439
349 973
349 929
350 602
350 572
351 881
351 647
351 942
351 819
351 679
351 580
351 746
352 615
353 424
353 812
353 631
353 909
353 758
354 922
354 556
354 628
354 450
354 587
354 865
354 783
354 682
354 698
355 811
355 850
355 358
355 402
355 575
356 562
356 986
356 884
356 363
356 989
357 396
357 649
357 821
357 645
357 801
358 825
358 693
358 873
358 813
359 582
359 838
359 485
359 964
360 653
360 845
361 994
361 949
361 602
361 406
362 752
362 379
362 487
362 808
362 663
363 550
363 387
363 703
363 446
363 581
364 536
364 678
364 968
364 649
366 834
366 944
366 892
366 732
367 553
367 494
369 467
370 544
370 422
370 613
370 432
370 885
371 408
371 373
371 834
371 960
372 472
372 560
372 590
373 802
373 718
373 587
373 678
373 915
374 495
374 940
375 787
375 603
375 536
375 506
376 851
376 863
376 711
376 668
377 456
377 525
377 834
377 568
377 791
377 539
377 942
378 856
378 758
378 684
379 610
379 563
379 895
380 724
380 451
381 487
381 457
381 969
381 828
382 882
382 874
383 447
383 599
383 453
383 897
384 774
385 572
385 968
385 601
386 835
386 545
386 455
387 496
387 593
387 761
387 960
387 652
388 940
388 893
388 627
389 649
389 745
389 935
390 607
390 846
391 816
391 439
391 408
391 494
391 958
391 643
391 831
391 942
392 634
392 892
392 536
392 963
392 652
393 669
393 680
393 874
393 709
393 594
393 489
393 792
394 915
394 407
394 624
394 717
395 837
395 630
395 607
395 683
395 878
396 731
396 761
396 941
396 672
396 785
397 848
398 911
398 804
398 539
398 756
398 668
399 982
399 646
399 825
399 987
400 535
401 621
402 410
402 733
402 881
402 986
402 459
402 771
403 939
404 525
404 429
405 675
405 696
405 763
405 414
406 816
406 546
406 562
407 739
407 869
408 422
408 821
408 900
409 850
409 985
409 645
409 878
409 929
410 513
410 852
411 444
412 839
412 836
412 578
413 958
413 832
413 699
414 589
414 617
414 541
415 727
415 419
415 970
415 741
415 480
416 824
416 501
416 470
416 913
417 746
417 539
417 537
417 667
417 588
418 780
418 623
418 968
418 849
419 437
419 771
419 564
419 950
420 872
420 462
420 824
420 463
420 554
420 864
421 864
421 453
421 800
421 958
421 686
421 582
422 882
422 488
422 944
422 486
423 693
423 637
423 816
424 581
424 822
424 939
424 994
424 831
424 695
424 677
425 515
425 953
425 569
425 472
426 767
426 933
427 965
427 630
427 908
427 724
427 901
428 846
429 720
430 840
430 973
430 936
430 655
430 448
431 793
431 639
431 946
431 663
431 578
432 934
433 874
433 843
433 739
433 989
433 505
434 836
434 449
434 993
434 922
434 754
435 924
435 624
436 439
436 935
436 816
437 789
437 625
437 868
438 808
438 468
438 509
439 697
439 846
439 790
439 633
440 839
440 743
440 958
441 510
441 730
442 506
443 995
443 621
443 756
443 579
444 755
444 700
444 521
444 767
444 899
444 778
445 541
445 681
445 882
446 716
447 860
447 484
447 679
447 947
447 939
448 599
449 547
449 744
449 755
450 624
450 707
451 698
452 568
452 872
452 982
453 500
453 581
454 600
454 777
456 799
456 797
457 889
457 722
457 927
458 484
458 839
458 680
458 704
458 870
458 824
458 681
458 823
459 477
459 702
459 509
460 569
460 591
460 902
460 505
460 630
460 590
461 650
461 626
461 893
462 713
462 743
462 931
463 973
463 886
463 580
464 986
464 673
464 478
465 629
465 750
466 770
466 549
466 472
466 847
466 659
466 603
467 497
467 681
468 834
468 629
468 523
468 653
468 839
468 816
468 515
468 863
469 605
469 717
470 728
470 997
470 524
470 646
470 565
470 593
471 895
471 760
471 681
472 491
472 535
472 506
472 500
472 533
473 752
473 890
474 744
474 526
474 544
474 667
474 908
474 833
474 933
474 650
475 864
475 716
476 586
476 905
477 792
477 728
477 566
478 918
478 665
478 949
478 640
479 994
479 989
481 599
482 748
482 789
482 966
482 996
483 782
483 731
484 823
484 855
485 808
485 862
485 913
486 671
486 601
486 848
487 940
487 610
488 751
488 772
488 581
488 704
489 961
489 883
489 690
490 973
491 878
491 663
491 991
492 928
493 631
493 834
493 955
493 909
494 623
494 930
494 951
494 668
494 920
495 743
495 789
496 935
497 628
498 777
498 897
498 625
499 721
499 719
499 508
500 664
500 598
500 995
500 967
500 762
500 889
501 889
501 878
501 817
502 576
502 651
502 980
503 815
503 516
504 746
504 999
504 548
504 910
506 931
506 715
507 896
507 658
507 689
507 987
507 612
508 751
508 791
508 766
508 846
509 617
510 522
510 720
510 996
510 735
511 998
511 709
511 720
512 963
512 717
512 884
512 792
512 661
513 640
513 593
514 783
515 555
515 551
515 858
516 647
516 897
516 790
517 994
517 896
518 764
519 522
519 678
520 996
521 740
521 746
521 968
521 875
522 524
522 609
522 691
522 731
524 845
526 619
526 572
526 698
526 540
527 817
527 537
527 872
528 531
528 958
528 654
528 566
529 814
529 828
529 915
529 775
530 755
530 856
531 918
531 965
531 866
531 893
532 641
532 798
533 922
533 706
534 781
534 955
534 934
534 685
534 794
534 892
534 575
534 825
535 764
535 621
535 732
538 652
538 754
538 876
539 866
539 933
540 769
541 746
541 582
541 644
541 728
541 572
541 945
542 793
542 937
542 602
543 893
543 807
544 796
545 712
545 637
546 548
546 906
547 939
547 786
547 728
547 732
548 811
548 608
549 671
549 914
549 715
549 923
550 784
550 974
550 593
551 894
552 849
552 922
552 701
553 567
553 617
554 558
554 681
554 932
554 956
555 751
555 593
555 706
555 608
556 902
557 865
557 945
557 982
557 902
558 694
558 597
558 889
559 729
559 947
559 831
560 720
560 883
560 989
561 969
561 759
563 642
563 572
563 850
564 910
564 911
564 934
564 578
565 796
566 950
566 818
567 957
567 826
568 579
569 882
569 700
570 589
570 597
570 963
571 691
572 719
572 645
573 699
573 937
573 745
575 945
575 706
575 606
575 880
576 740
577 781
578 607
579 901
579 870
579 769
579 762
579 581
579 927
580 774
580 737
580 621
581 626
581 916
581 780
581 874
582 741
582 819
582 961
582 810
584 660
584 886
584 802
584 805
585 701
585 946
586 884
586 611
586 699
587 871
587 810
587 596
587 861
587 909
588 914
588 687
589 819
590 902
591 802
591 755
592 965
593 767
593 611
594 965
594 634
595 731
595 656
596 883
597 697
597 955
597 864
598 985
599 741
599 635
599 935
600 836
601 816
602 739
603 676
603 631
604 792
604 966
604 895
604 887
605 922
606 958
606 653
607 874
608 871
608 852
609 661
609 895
609 838
610 752
610 692
611 851
612 966
612 720
612 695
613 652
614 620
614 983
614 832
614 796
615 920
615 820
615 668
616 989
616 833
616 755
616 820
617 800
617 839
618 722
619 685
619 937
619 891
620 878
620 978
620 838
620 631
621 668
622 910
622 754
622 707
622 648
623 784
623 997
624 800
624 984
625 734
625 927
626 707
626 746
627 710
627 869
628 838
629 855
630 701
630 739
632 893
632 698
632 963
632 989
633 821
634 860
635 820
635 780
635 698
636 906
636 833
637 793
637 918
638 887
638 984
638 968
639 663
640 826
640 954
640 749
640 858
641 908
642 660
642 903
642 649
642 996
642 899
644 847
644 740
645 775
645 700
646 856
646 861
646 878
646 920
647 800
647 780
648 731
648 660
648 691
649 819
650 767
650 894
651 659
651 842
651 776
652 925
652 790
652 928
652 880
654 712
654 708
655 986
656 868
657 693
657 713
658 714
658 897
658 723
659 910
659 924
659 865
659 670
660 995
661 744
661 715
663 719
663 993
663 669
664 894
665 957
665 737
665 830
667 976
667 733
667 954
667 692
668 875
670 794
670 877
670 991
670 731
670 735
671 973
671 926
671 995
671 743
671 993
672 800
674 934
674 675
674 689
675 975
675 821
676 819
678 867
679 771
679 726
679 844
681 893
681 875
682 945
684 744
685 701
685 986
686 764
688 928
688 957
688 979
688 770
689 977
689 741
690 710
690 936
692 744
693 845
693 874
694 735
695 749
696 755
696 809
697 865
697 760
698 730
699 872
699 884
699 962
701 867
702 749
703 772
704 863
704 899
704 748
705 933
705 770
705 948
706 977
707 881
707 837
708 929
709 935
709 744
709 799
709 853
709 899
710 984
711 921
711 985
712 988
712 797
713 934
713 736
714 957
714 856
715 742
715 794
715 866
716 966
717 854
718 962
718 895
718 775
719 936
719 768
719 886
719 842
720 932
721 810
721 918
721 986
722 884
722 818
722 922
723 909
724 936
724 841
725 805
725 904
725 824
725 923
727 857
727 844
727 755
728 931
728 924
728 765
729 992
729 749
730 972
730 910
731 976
731 866
733 926
734 743
735 974
736 908
736 920
736 879
736 933
736 832
737 952
737 904
739 898
739 785
742 777
742 872
743 805
744 853
745 851
746 803
747 847
747 976
749 799
750 869
750 851
751 814
751 879
751 797
751 856
752 985
753 958
754 776
754 920
754 904
755 961
756 914
758 970
758 908
759 927
759 817
759 939
760 994
760 926
760 848
760 930
760 801
762 963
762 823
763 797
764 976
764 849
765 885
766 977
767 931
768 965
768 999
769 790
770 856
772 834
772 779
774 969
776 847
777 900
777 801
778 808
779 838
780 887
781 962
781 996
781 937
782 929
783 999
783 913
784 853
784 891
787 929
787 923
788 898
788 821
788 957
791 968
791 958
792 805
793 964
793 882
796 947
797 832
799 906
799 820
799 919
800 833
801 989
801 883
801 825
802 939
803 838
806 969
806 950
807 911
808 902
809 811
809 830
812 967
812 836
814 954
814 886
814 990
814 992
815 981
817 836
820 862
822 851
822 839
822 928
823 890
824 888
824 858
825 849
826 930
827 951
829 989
829 954
830 957
832 919
833 969
834 872
836 976
836 886
836 848
837 996
839 883
840 917
841 943
843 949
843 879
844 862
844 912
844 949
845 934
846 956
846 878
847 861
847 917
850 971
850 965
850 992
851 957
851 939
852 912
856 911
856 940
858 979
859 900
860 999
860 874
860 993
861 997
863 986
867 907
867 963
868 948
870 969
871 931
871 918
874 875
875 953
880 917
881 897
884 973
885 940
885 984
886 974
887 994
887 984
890 915
892 992
892 958
892 976
895 930
897 936
897 922
899 944
900 913
901 974
901 916
902 924
906 972
907 987
907 936
908 975
910 925
910 962
911 988
912 964
913 920
921 989
924 928
933 935
939 958
943 965
949 998
950 961
951 976
952 968
952 973
958 961
970 978
981 987
