VERTICES = 1000
EDGES = 4000
0 794
0 147
0 309
0 32
0 456
0 217
0 773
1 344
1 937
1 428
1 994
2 908
2 78
2 988
2 555
2 793
2 657
2 872
2 323
3 798
3 681
3 538
3 709
3 270
3 503
3 275
3 814
3 351
3 777
3 935
3 199
4 746
4 491
4 938
4 676
4 20
4 206
4 880
4 312
4 862
5 514
5 328
5 54
5 693
5 777
5 690
5 701
5 77
6 880
6 901
6 852
6 61
6 321
7 536
7 889
7 879
7 833
7 281
7 182
7 192
7 326
7 484
8 36
8 477
8 450
8 490
8 165
8 866
8 928
9 460
9 117
9 986
9 411
9 950
9 322
9 759
9 903
9 970
10 106
10 717
10 211
10 380
10 341
10 427
10 276
10 370
11 522
11 711
11 250
11 582
11 112
11 447
12 375
12 636
12 798
12 802
12 900
12 994
13 151
13 433
13 358
13 182
13 691
13 38
14 330
14 839
14 413
14 385
14 890
14 97
14 882
14 467
14 825
14 435
15 182
15 443
15 914
15 248
16 135
16 945
16 764
16 56
17 351
17 184
17 553
17 915
17 882
17 775
17 371
18 124
18 970
18 330
18 228
18 357
18 607
18 638
18 220
18 920
19 789
19 328
19 829
19 915
19 145
19 383
19 120
19 643
19 259
19 766
20 281
20 541
20 104
20 324
20 353
20 234
20 392
21 864
21 55
21 779
21 699
22 870
22 753
22 992
22 826
22 559
22 509
22 28
23 175
23 72
23 617
23 981
23 67
23 690
24 415
24 582
24 74
24 541
24 319
24 91
25 81
25 68
25 116
25 200
25 132
25 504
25 348
26 541
26 750
26 723
26 621
26 133
26 518
26 370
26 365
26 903
26 485
26 289
26 765
27 124
27 949
27 165
27 197
27 503
27 519
27 426
27 812
27 229
27 845
27 953
27 846
27 893
28 105
28 547
28 87
28 921
28 360
28 672
28 645
28 272
29 388
29 539
29 377
30 756
30 468
30 136
30 397
30 466
30 995
30 935
30 829
30 786
31 244
31 91
31 119
31 35
31 479
31 740
31 170
31 965
31 513
31 884
31 276
32 42
32 311
32 149
32 808
32 940
32 872
32 825
32 274
32 430
32 575
32 185
32 682
33 37
33 833
33 794
33 940
33 161
33 720
33 260
33 517
33 98
34 554
34 175
34 518
34 967
34 296
34 833
34 253
34 131
34 301
34 562
34 932
34 284
35 695
35 69
35 525
35 216
35 432
35 680
35 634
35 628
35 283
36 147
36 388
36 390
36 643
36 448
36 192
36 196
36 450
36 761
36 575
37 698
37 248
37 228
37 504
37 634
37 893
37 63
37 250
38 540
38 689
38 278
38 801
38 277
38 682
38 905
38 612
38 495
38 470
38 88
39 891
39 987
39 433
39 600
40 389
40 646
40 798
40 187
40 852
40 458
40 882
40 612
40 88
40 49
40 289
41 705
41 565
41 587
41 945
41 877
41 121
41 713
42 590
42 207
43 907
43 602
43 468
43 355
43 641
43 373
43 646
44 520
44 342
44 191
44 859
44 399
44 300
44 642
44 804
44 459
45 718
45 315
45 599
45 279
45 100
45 199
45 171
45 498
45 152
45 128
46 120
46 912
46 769
46 433
46 64
46 70
46 851
46 407
46 831
46 75
47 821
47 895
47 657
47 806
47 515
47 510
48 61
48 179
48 942
48 195
48 169
48 347
48 930
48 762
48 484
48 775
48 988
48 699
49 900
49 449
49 885
49 906
49 812
50 189
50 908
50 989
51 270
51 579
51 65
51 108
51 156
51 541
52 665
52 377
52 524
52 521
52 505
52 105
53 649
53 332
53 606
53 640
53 813
53 238
53 102
53 349
53 131
54 130
54 571
54 947
54 236
54 976
54 951
54 445
55 830
55 277
55 741
55 389
55 749
55 683
55 326
56 335
56 542
56 579
56 948
56 658
56 727
57 492
57 679
57 432
57 641
57 932
57 386
57 716
57 350
57 353
58 941
58 104
58 878
58 393
58 179
59 843
59 848
59 393
59 123
59 403
59 585
59 257
60 620
60 762
60 929
60 245
60 843
60 721
60 727
60 316
61 537
61 225
61 427
61 295
61 347
61 229
61 289
61 775
61 988
61 545
62 847
62 239
62 764
62 751
62 298
62 619
62 198
62 671
62 282
63 488
63 680
63 675
63 556
63 685
64 303
64 888
64 683
64 204
64 188
65 120
65 401
65 205
65 353
65 688
65 521
66 200
66 397
66 755
66 230
66 802
67 912
67 754
67 999
67 798
67 100
67 353
67 694
67 187
67 508
67 122
68 104
68 654
68 922
68 447
68 433
68 747
68 249
69 953
69 82
69 862
69 942
69 709
70 358
70 615
70 938
70 614
70 115
70 601
70 833
70 395
70 430
70 390
70 128
71 393
71 772
71 664
71 760
71 306
71 438
71 292
72 927
72 808
72 424
72 485
72 89
72 124
73 207
73 912
73 533
73 357
73 509
73 660
73 990
73 614
73 290
74 699
74 806
74 415
74 778
74 953
74 546
75 179
75 226
75 859
75 695
75 934
75 738
75 570
75 539
76 413
76 599
76 224
76 376
76 189
77 515
77 493
77 969
77 411
77 831
78 358
78 459
78 450
78 169
78 799
78 138
78 484
79 741
79 317
79 627
79 634
79 90
79 678
79 590
79 894
79 112
79 498
80 717
80 508
80 251
80 276
80 319
81 852
81 826
81 555
81 591
81 729
81 347
81 796
81 145
82 267
82 460
82 188
82 317
83 516
83 972
83 343
83 393
83 250
84 746
84 157
84 876
84 456
84 135
84 267
84 721
84 502
84 739
84 293
85 623
85 601
85 826
85 679
86 758
86 446
86 791
86 971
86 885
86 917
86 340
86 737
86 414
87 908
87 579
87 375
87 736
87 336
87 210
87 197
87 475
87 902
88 873
88 428
88 755
89 830
89 303
89 628
89 333
89 385
89 111
89 791
90 507
90 875
90 614
90 929
90 736
90 564
90 180
90 449
90 362
90 790
90 714
90 861
90 339
90 869
91 444
91 589
91 806
91 632
91 302
91 426
92 992
92 989
92 754
92 386
92 318
92 339
92 630
93 958
93 525
93 745
93 269
93 476
93 832
93 265
93 593
93 411
94 945
94 635
94 433
94 427
94 619
94 169
94 730
94 202
95 739
95 758
95 247
95 909
95 378
96 335
96 727
96 322
96 660
96 826
97 295
97 612
97 941
97 629
97 315
97 864
97 123
98 685
98 314
98 605
98 804
98 723
98 185
98 862
98 647
98 515
99 954
99 816
99 297
99 160
99 511
99 983
99 121
100 481
100 734
100 973
100 993
100 702
100 557
100 146
101 646
101 904
101 264
101 174
101 354
101 741
101 704
101 633
101 778
102 374
102 698
102 320
102 563
102 741
102 131
102 223
102 833
102 928
103 170
103 850
103 460
103 340
103 245
103 309
103 116
103 503
104 616
104 976
104 418
104 230
104 639
104 182
104 296
105 283
105 191
105 644
105 711
105 219
106 273
106 904
106 829
106 479
106 130
106 429
106 390
106 906
106 384
106 619
106 968
106 536
106 940
106 773
107 532
107 824
107 150
107 220
107 720
107 812
107 294
107 591
107 329
108 353
108 680
108 142
109 550
109 846
109 482
109 315
109 915
109 815
109 738
109 438
109 122
109 896
109 982
109 488
109 454
110 477
110 846
110 996
110 125
110 795
111 884
112 672
112 587
112 228
112 486
112 908
112 127
112 267
112 785
112 938
112 824
112 729
113 952
113 981
113 463
113 209
113 557
113 572
114 947
114 410
114 402
114 433
115 403
115 589
115 199
115 514
115 125
115 220
115 244
115 598
116 952
116 482
116 657
116 655
116 639
116 203
116 780
117 865
117 451
117 300
117 135
117 402
117 593
117 484
117 171
117 734
118 692
118 423
118 936
118 303
118 846
119 983
119 869
119 337
119 838
119 646
119 374
119 946
119 683
119 369
119 872
120 457
120 486
120 638
120 340
121 889
121 235
121 616
121 448
122 542
122 454
122 803
122 687
122 242
123 425
123 190
123 576
123 301
123 392
123 572
123 878
123 771
123 176
124 262
124 402
124 692
124 957
124 944
124 314
124 741
124 482
124 532
125 732
125 385
125 891
125 644
125 431
126 144
126 866
126 251
126 891
126 826
126 249
127 156
127 514
127 202
127 768
127 644
127 580
127 552
128 363
128 869
128 902
128 382
128 130
129 173
129 323
129 821
129 558
129 578
129 844
129 139
129 479
130 317
130 940
130 926
130 646
130 848
130 705
130 750
130 939
131 222
131 402
131 243
131 955
131 158
132 263
132 178
132 963
132 343
132 514
132 531
132 665
132 999
132 460
132 584
132 352
132 191
132 732
132 834
133 690
133 185
133 598
133 353
133 287
133 684
133 700
133 716
134 805
134 160
134 261
135 874
135 987
135 717
135 460
135 747
135 480
135 692
136 670
137 284
137 913
137 982
138 992
138 260
138 685
138 348
138 329
138 479
138 411
139 758
139 324
139 853
139 861
139 892
140 925
140 304
140 548
140 165
140 192
140 464
141 554
141 514
141 671
141 606
141 992
141 226
141 569
141 732
141 949
142 827
142 276
142 825
142 212
142 534
142 583
142 546
142 625
142 846
143 256
143 778
143 944
143 819
143 855
143 585
143 168
143 484
144 482
144 501
144 576
144 464
144 802
144 606
145 801
145 448
145 952
145 359
145 257
145 431
145 153
146 888
146 284
146 942
146 919
146 765
147 898
147 790
147 449
148 819
148 292
148 246
148 783
148 187
149 316
149 881
149 951
149 231
149 999
149 488
149 237
149 279
149 885
149 681
150 231
150 556
150 177
150 458
150 388
150 842
150 179
150 992
150 335
151 593
151 719
151 171
151 290
151 311
151 711
151 181
151 595
151 907
151 461
152 506
152 267
152 313
152 311
152 893
153 569
153 648
153 274
153 910
153 369
153 838
153 622
154 664
154 669
154 905
154 727
154 615
154 528
155 177
155 819
155 464
155 970
155 179
156 286
156 235
156 839
156 215
156 808
156 800
156 590
156 961
156 525
157 429
157 839
157 978
157 983
157 338
157 210
157 994
158 357
158 326
158 282
158 768
158 941
158 628
158 602
159 389
159 402
159 353
159 665
160 451
160 663
160 651
160 706
160 465
161 441
161 195
161 714
161 503
161 278
161 598
161 433
161 720
162 579
162 706
162 854
162 179
162 953
162 902
163 886
163 508
163 501
163 416
163 263
163 982
163 494
163 564
164 309
164 853
164 584
164 344
165 412
165 506
165 475
165 761
165 357
165 930
165 956
166 765
166 763
166 705
166 588
166 505
166 994
166 321
166 826
167 843
167 418
167 821
167 863
167 492
168 564
168 333
168 597
168 384
168 735
168 401
168 829
168 398
169 315
169 890
169 564
169 685
169 392
169 750
169 239
169 461
169 612
169 511
170 218
170 690
170 774
170 411
170 801
170 386
170 596
170 197
170 722
171 923
171 576
171 586
171 371
171 353
171 437
172 802
172 251
172 606
172 998
172 891
172 713
172 808
172 583
172 926
173 434
173 189
173 639
173 200
173 384
173 441
173 887
173 234
173 885
173 511
173 610
173 339
173 938
174 357
174 700
174 442
174 256
174 814
174 828
174 973
175 584
175 268
175 259
175 981
175 595
175 219
175 602
175 806
176 537
176 574
176 556
176 460
176 611
177 399
177 853
177 691
177 816
177 423
177 195
177 377
177 944
178 315
178 973
178 478
178 308
179 618
179 293
179 796
179 617
179 934
179 442
179 322
179 686
179 401
179 465
179 484
180 816
180 253
181 914
181 333
181 925
181 284
181 548
181 282
181 598
181 725
182 976
182 362
182 410
182 457
182 656
182 204
182 217
182 193
183 285
183 294
183 830
183 419
184 485
184 937
184 956
184 758
184 745
185 654
185 822
185 572
185 648
185 621
185 919
185 797
185 569
186 742
186 745
186 435
186 209
186 638
187 802
187 492
187 940
187 355
187 642
187 610
188 813
188 618
188 942
188 319
188 231
188 370
189 236
189 892
189 390
189 622
190 265
190 840
190 631
190 998
190 528
190 975
191 704
191 408
191 412
191 607
192 290
192 847
192 520
192 219
192 566
193 517
193 249
193 613
193 831
193 675
194 773
194 806
194 352
194 847
194 748
194 650
194 447
194 840
195 830
195 385
195 777
195 631
195 405
195 475
195 367
196 240
196 827
196 998
197 352
197 291
197 887
197 701
197 335
197 235
198 290
198 213
198 940
198 866
198 373
198 934
198 739
199 997
199 988
199 638
199 881
199 538
199 279
199 238
199 725
199 799
200 318
200 487
200 832
200 446
200 959
200 714
201 295
201 523
201 962
201 964
201 241
201 799
202 261
202 656
202 887
202 419
202 556
202 433
203 748
203 959
203 367
203 816
203 701
203 937
203 537
203 371
204 480
204 422
204 891
205 439
205 895
205 368
205 939
205 592
205 293
205 282
205 229
206 515
206 678
206 816
206 558
206 471
206 675
206 441
206 820
206 314
206 658
206 280
206 358
206 424
207 575
207 798
207 341
207 448
207 485
207 606
208 391
208 516
208 356
209 997
209 240
209 679
210 442
210 838
210 696
210 819
210 833
210 813
211 241
211 580
211 774
211 880
211 490
212 984
212 541
212 918
212 215
212 336
212 363
212 737
213 690
213 916
213 541
213 524
213 825
213 744
213 631
214 649
214 267
214 994
214 243
214 490
215 694
215 721
215 604
215 485
215 242
215 680
215 621
215 738
216 672
216 481
216 700
216 913
216 325
216 972
216 794
216 853
216 517
217 512
217 226
217 586
217 387
217 730
217 328
218 835
218 420
218 521
219 452
219 507
219 417
219 348
219 696
219 588
219 952
220 712
220 490
220 610
220 707
221 270
221 523
221 257
221 278
221 367
221 686
222 646
222 682
222 535
222 801
222 482
223 645
223 911
223 942
223 913
224 549
224 913
224 475
224 365
224 655
224 496
224 441
224 963
224 943
225 414
225 435
225 340
225 621
225 400
225 968
225 227
225 336
225 686
225 405
226 566
226 562
226 254
226 745
226 387
226 402
226 394
227 945
227 430
227 557
227 447
227 583
227 891
228 564
228 921
228 814
228 365
229 522
229 805
229 673
229 929
230 501
230 915
230 955
230 702
230 954
230 356
230 496
230 270
230 738
230 419
231 442
231 887
231 704
231 488
231 755
231 425
231 982
231 662
231 762
232 703
232 929
232 364
232 711
232 486
232 626
233 532
233 440
233 545
234 816
234 720
234 653
234 431
234 922
235 531
235 903
235 431
235 326
235 346
235 980
235 331
235 707
235 675
235 911
236 545
236 438
236 606
236 415
237 514
237 603
237 744
237 998
238 655
238 333
238 553
239 762
239 860
239 618
240 502
240 991
240 953
240 628
240 852
240 965
240 249
240 755
241 438
241 920
241 413
241 318
241 952
242 497
242 418
242 884
242 690
242 701
242 590
242 886
243 589
243 770
243 804
243 684
243 565
243 634
243 281
243 435
244 252
244 354
244 317
244 441
244 463
244 971
244 931
245 614
245 430
245 921
245 660
245 656
246 379
246 683
246 720
246 832
246 899
246 594
246 981
246 909
246 965
247 404
247 291
247 876
247 563
247 473
248 279
248 740
248 465
248 504
248 479
248 663
248 376
248 641
248 455
248 729
248 708
249 714
249 842
249 640
249 642
249 777
249 378
249 796
250 470
250 652
250 949
250 270
250 865
250 632
250 850
250 312
250 448
250 942
251 539
251 916
251 914
251 312
251 417
252 454
252 270
252 716
252 804
252 631
252 562
252 626
252 430
252 708
252 668
252 837
253 258
253 475
253 737
253 953
253 336
253 703
254 975
254 629
254 786
254 478
254 656
254 718
254 274
254 771
254 503
255 326
255 685
255 468
256 796
256 800
256 743
256 614
256 864
257 426
257 828
257 668
257 716
258 734
258 441
258 616
258 444
258 647
259 799
259 276
259 689
259 395
259 330
259 958
260 999
260 951
260 600
260 804
260 273
260 905
261 386
261 757
261 858
261 415
262 778
262 985
262 973
262 841
262 535
262 940
263 500
263 947
263 945
263 812
263 365
263 420
264 285
264 535
264 345
264 340
264 957
265 769
265 663
265 616
265 660
265 551
265 561
265 289
265 361
265 576
265 682
266 671
266 731
266 611
267 775
267 457
267 888
267 716
267 672
268 894
268 886
268 652
268 614
268 762
268 627
268 820
269 672
269 899
269 985
269 273
269 501
269 423
269 805
269 620
269 554
270 652
270 569
270 781
271 425
271 292
271 412
271 649
271 807
271 619
272 485
272 994
272 745
272 992
272 461
272 700
272 939
272 764
272 538
272 344
273 972
273 632
273 890
273 591
273 574
273 877
273 451
273 902
274 457
274 468
274 718
274 561
275 996
275 508
275 519
275 283
275 811
275 711
275 592
275 349
275 472
275 450
276 838
276 967
276 348
276 496
276 389
277 842
277 285
277 707
277 327
277 378
277 304
278 954
278 644
278 972
279 923
279 425
279 642
279 635
279 989
280 809
280 968
280 447
280 554
281 512
281 883
281 629
281 747
281 594
281 639
281 825
282 678
282 899
282 779
283 964
283 772
283 917
283 708
284 908
284 739
284 320
284 834
284 896
284 866
285 590
285 717
285 972
285 751
285 697
285 752
286 900
286 423
286 662
287 991
287 646
287 487
287 733
287 353
288 484
288 754
288 546
288 601
288 589
289 416
289 721
289 327
290 345
290 662
290 551
290 940
290 385
290 347
290 456
290 416
290 455
290 531
290 473
290 713
290 500
290 611
291 924
291 925
291 443
291 475
291 901
292 445
292 865
292 753
292 340
292 897
292 744
292 514
292 521
293 596
293 379
293 986
293 886
293 605
293 745
293 795
293 499
294 396
294 959
294 937
294 412
294 690
294 883
295 352
295 823
295 538
295 457
296 514
296 887
296 457
296 793
296 630
296 716
296 619
296 395
296 815
297 365
297 748
297 612
297 610
297 903
298 499
298 541
298 733
298 575
299 717
299 926
299 383
299 498
299 837
299 369
299 423
299 879
299 851
300 787
300 920
300 468
300 466
300 550
300 810
301 310
301 611
301 843
301 412
301 327
301 311
301 603
302 520
302 630
302 998
302 748
303 937
303 726
303 799
303 337
304 456
304 634
304 761
305 992
305 657
305 662
305 454
306 976
306 854
306 775
306 717
306 826
306 806
307 715
307 397
307 935
307 344
307 330
308 875
308 513
309 614
309 903
309 979
309 800
310 621
310 433
310 524
310 837
310 947
310 938
311 796
311 732
311 701
311 706
311 556
312 889
313 518
313 414
313 349
313 962
313 818
313 730
313 974
313 438
313 485
314 443
314 473
314 710
314 623
315 775
315 838
315 992
315 353
315 785
315 706
316 443
316 390
316 414
316 434
316 439
316 347
316 560
317 670
317 823
317 328
318 709
318 964
318 575
318 982
318 603
318 326
319 349
319 599
319 630
319 519
319 617
320 940
320 411
320 405
320 540
321 646
321 610
321 835
321 447
321 702
322 554
322 710
322 863
322 604
322 403
322 963
323 810
323 445
323 496
323 712
323 465
323 947
324 738
324 750
324 468
324 605
324 844
324 724
324 511
324 861
324 765
324 716
324 646
324 515
324 391
324 849
325 822
325 803
325 628
325 436
325 565
326 533
326 514
326 383
326 680
326 394
326 737
326 934
326 746
326 608
326 592
326 444
326 993
327 937
327 344
327 527
327 975
327 383
327 895
327 566
327 695
327 743
327 534
328 862
328 481
328 956
328 417
328 810
328 695
328 704
328 746
329 856
329 774
329 658
329 355
330 625
330 882
330 763
330 687
331 589
331 630
331 383
332 476
332 841
333 802
334 510
334 687
334 618
334 760
334 740
335 513
335 474
335 483
335 946
336 337
336 624
336 507
336 378
336 344
336 462
337 637
337 533
337 468
337 559
337 623
337 488
338 593
338 903
339 508
339 925
339 713
339 746
339 765
339 617
339 715
340 545
340 752
340 453
340 657
340 678
340 976
340 634
340 497
341 992
341 359
341 535
341 456
341 717
342 826
342 617
342 732
342 872
342 406
342 941
342 660
342 432
343 760
343 637
343 838
343 424
343 377
344 662
344 458
344 733
344 703
345 810
345 925
345 815
345 646
345 630
346 941
346 431
346 444
347 886
347 809
347 748
348 886
348 583
348 828
348 920
348 497
348 691
348 797
348 862
348 542
349 812
349 904
350 405
350 822
350 660
350 910
350 380
350 669
350 643
350 966
351 647
351 540
351 353
351 969
352 598
352 607
352 743
353 740
353 538
353 988
353 765
353 770
353 838
354 909
354 369
354 441
354 676
355 543
355 803
355 429
355 909
355 484
356 947
357 484
357 564
358 705
358 971
358 630
358 917
359 578
360 368
360 975
360 399
360 411
360 749
361 794
361 831
361 929
361 402
362 962
362 967
362 522
362 496
362 432
363 474
363 573
363 908
363 723
363 983
364 826
364 372
364 405
364 869
365 926
365 577
365 755
365 805
365 700
366 583
366 993
367 536
367 829
367 738
367 833
367 749
367 543
368 435
368 623
368 999
368 589
368 458
368 620
368 725
368 396
368 696
368 496
368 625
368 801
368 606
369 470
369 732
369 556
369 409
369 710
370 380
370 518
370 393
372 955
372 421
372 647
372 895
372 545
372 417
373 548
373 874
373 916
374 642
374 717
374 746
374 590
374 847
374 479
374 939
374 982
375 427
375 581
377 720
377 654
377 812
377 934
377 704
377 868
377 732
377 766
378 379
378 609
378 572
378 628
379 395
379 805
379 966
379 490
380 785
380 837
380 934
380 640
380 590
380 576
380 754
380 485
380 811
381 455
381 907
381 476
381 589
382 515
382 530
382 520
382 645
382 426
382 742
382 544
383 844
383 492
383 719
384 715
384 390
384 500
384 589
385 615
385 795
385 567
385 930
385 671
385 720
386 818
386 975
386 796
386 536
386 840
386 455
387 750
387 587
388 651
388 898
388 899
388 752
389 473
389 467
389 662
389 779
390 780
390 654
390 740
390 966
390 944
390 920
390 928
390 686
390 515
392 498
392 920
393 766
393 413
394 853
394 750
394 496
394 524
394 595
395 837
395 404
395 949
395 502
395 438
396 672
396 882
396 710
397 660
398 637
398 956
398 992
398 602
398 595
398 412
398 851
398 778
398 872
398 599
399 578
399 408
399 510
399 513
399 514
399 954
400 678
400 525
401 704
401 774
401 889
402 855
402 802
402 581
402 673
403 915
403 812
403 963
403 543
403 580
404 977
404 533
405 415
405 502
405 885
405 538
406 952
406 520
406 909
406 950
406 749
407 496
407 869
407 898
407 991
407 646
407 795
407 487
407 770
407 848
408 937
408 559
408 718
408 713
408 745
409 504
409 550
409 882
409 913
409 911
409 649
410 487
410 987
410 546
410 541
410 671
410 752
411 966
411 992
411 913
411 554
412 929
412 847
412 942
412 750
412 413
413 960
413 774
413 447
413 532
413 868
414 591
414 803
414 812
414 462
414 588
414 505
414 662
414 819
414 537
415 559
415 870
415 526
415 890
415 960
416 459
416 600
416 556
416 918
416 892
417 757
417 908
418 925
418 894
418 886
418 508
418 856
418 759
418 595
418 986
418 543
418 696
418 744
418 597
419 510
419 848
419 816
419 773
419 958
420 681
420 842
420 693
420 427
420 432
420 517
421 902
421 479
422 856
422 895
422 955
422 852
423 641
423 449
423 897
423 636
424 798
424 453
424 550
424 778
424 504
424 545
424 724
425 825
425 915
425 699
426 758
426 858
426 897
427 581
427 715
427 660
427 912
427 561
427 573
427 833
427 643
427 625
427 518
428 545
428 659
428 757
428 672
428 909
428 734
429 936
429 801
429 730
429 471
429 597
430 834
430 478
430 794
430 890
431 779
431 795
431 517
431 731
431 887
432 744
432 943
433 691
433 491
433 481
433 438
434 458
434 790
434 636
434 665
434 546
434 878
435 766
435 542
435 823
436 998
436 877
437 462
438 536
438 730
438 816
438 564
438 606
439 498
439 490
439 928
439 918
439 851
439 936
439 519
440 636
440 632
440 997
440 485
440 554
440 897
441 555
441 484
441 925
441 675
441 861
441 815
442 968
442 984
442 727
442 956
442 557
443 579
443 704
444 843
444 981
445 491
445 916
445 504
445 970
445 784
446 935
446 796
446 739
446 780
446 635
447 515
447 759
447 509
448 825
448 630
448 663
448 733
448 817
449 474
450 801
450 918
450 579
450 623
450 735
450 773
451 949
451 889
451 672
451 667
452 824
452 942
452 777
453 462
453 778
453 906
453 865
453 728
454 993
454 724
454 807
454 698
455 567
455 582
455 721
455 736
455 767
455 519
456 788
456 662
456 706
456 546
456 624
456 824
456 508
456 784
456 826
457 997
457 658
457 781
458 926
458 957
458 601
458 862
458 708
458 790
459 877
459 815
459 973
459 769
459 688
460 480
461 872
461 757
462 971
462 556
462 563
462 558
462 813
462 533
463 676
463 606
463 896
463 856
463 582
464 958
464 484
464 904
464 719
464 889
464 885
464 476
465 571
465 804
465 808
465 859
465 513
465 587
465 768
466 498
466 968
466 936
467 596
467 778
467 954
467 795
468 489
468 877
468 531
468 694
469 751
469 552
469 591
469 528
469 642
469 906
469 996
469 802
469 969
469 759
469 567
469 486
470 667
470 928
471 504
471 809
471 685
472 817
472 560
472 558
473 820
473 893
473 826
473 615
473 902
473 895
473 687
473 713
473 542
474 616
475 771
475 853
476 749
476 762
476 802
476 487
477 542
477 924
478 713
478 518
478 726
478 754
478 915
479 758
479 777
479 938
479 633
480 732
480 959
480 717
480 815
480 994
480 540
481 976
481 962
481 511
481 763
481 556
482 553
482 753
482 963
482 493
483 485
483 904
483 824
483 820
484 816
484 909
484 548
484 646
484 767
484 829
485 559
485 491
485 573
485 535
486 650
486 509
486 634
486 561
487 572
487 623
488 621
488 935
488 673
488 624
488 789
489 771
489 534
490 924
490 526
490 959
490 968
491 777
491 697
491 855
491 749
492 830
492 814
492 704
492 769
492 776
492 549
494 509
494 518
494 675
494 891
494 981
494 853
495 792
495 776
495 898
495 745
495 763
495 523
495 748
495 892
496 536
497 597
497 929
497 564
498 654
498 836
498 560
499 857
499 954
499 730
500 753
500 934
500 759
500 601
500 758
500 713
500 521
501 575
501 810
501 646
502 659
502 786
502 697
502 549
503 649
503 767
503 954
504 806
504 506
504 785
505 681
505 562
505 947
505 653
506 654
506 623
506 774
506 841
507 671
507 799
507 580
508 610
508 510
508 756
508 575
508 583
508 912
508 537
509 556
509 678
509 775
509 587
510 854
510 949
510 847
510 851
510 526
510 540
510 717
511 714
511 896
512 717
512 526
512 796
513 884
513 953
513 678
513 838
513 795
513 866
514 570
514 725
514 776
514 931
515 990
515 918
515 874
515 757
515 541
515 823
516 825
517 561
517 922
518 799
518 698
518 730
518 635
518 527
518 820
518 667
519 963
520 813
520 584
520 930
520 589
520 929
520 785
520 564
521 768
521 867
521 732
521 880
521 906
521 955
522 630
522 739
522 694
522 986
522 593
522 561
522 581
523 591
523 806
523 828
523 743
523 973
523 774
524 540
524 898
524 842
524 887
524 672
524 698
524 849
524 621
524 619
525 878
525 684
525 965
525 675
525 530
525 924
525 928
526 963
526 737
527 882
527 749
527 995
527 570
528 842
528 883
528 596
529 775
530 643
530 849
530 901
530 940
530 989
531 940
531 637
531 847
531 758
531 714
532 809
532 766
532 861
532 720
532 703
533 837
533 546
533 989
534 816
534 796
534 808
534 938
535 900
535 642
535 696
535 951
535 847
535 792
536 583
536 636
536 634
537 757
537 723
537 597
537 706
537 636
538 999
538 604
538 797
538 707
539 813
539 981
539 915
539 873
541 543
543 800
544 947
544 884
544 718
544 782
544 756
544 594
545 956
545 882
545 802
546 701
546 653
546 998
547 786
547 746
547 654
547 631
547 628
548 736
548 760
548 560
548 979
549 863
549 910
549 926
549 978
549 793
550 817
550 635
550 847
550 904
551 638
551 939
551 987
551 672
551 949
551 802
551 995
552 623
552 811
552 768
552 770
553 697
553 580
553 772
553 736
553 947
554 873
554 954
554 596
554 720
554 808
555 659
555 787
555 942
555 634
556 848
556 735
556 753
556 776
556 746
557 907
557 667
557 951
557 786
558 629
558 732
558 858
558 879
558 700
558 791
559 704
559 607
559 945
559 934
559 970
560 606
560 670
560 690
560 644
561 852
561 805
561 633
562 917
562 970
562 857
562 717
563 847
563 775
563 777
563 710
563 699
563 943
564 725
564 699
564 940
564 793
564 608
564 822
564 629
565 842
565 726
565 792
565 611
565 868
567 736
567 768
567 648
567 732
567 904
567 958
567 669
567 731
568 994
568 912
568 890
568 588
568 661
569 735
569 784
570 854
570 933
570 878
570 818
570 920
571 661
571 882
571 942
571 738
571 993
572 760
572 639
572 989
573 753
574 979
574 800
574 799
575 684
575 948
575 725
575 621
576 713
576 742
576 674
576 878
576 698
577 846
577 961
577 684
578 639
578 811
578 716
578 885
579 838
580 813
580 723
580 788
581 791
581 997
582 903
582 796
582 761
582 982
583 985
583 952
583 744
583 765
583 863
584 722
584 623
584 725
584 920
584 597
585 770
585 865
585 864
585 822
586 786
586 730
587 936
588 625
588 872
588 797
588 664
589 728
589 904
589 770
589 621
589 992
590 593
590 833
590 666
590 687
591 958
591 970
591 791
593 803
593 811
593 865
593 883
593 750
594 625
594 862
594 860
594 835
595 847
595 824
595 852
595 973
596 903
596 808
597 880
597 724
597 931
597 728
598 964
599 908
599 974
599 969
600 701
600 959
600 620
601 818
601 786
602 685
603 936
603 804
603 791
603 953
603 878
603 636
603 767
604 807
604 985
604 790
604 647
605 745
606 881
606 649
607 890
608 683
608 955
608 645
608 743
609 738
609 860
609 870
609 678
610 765
611 642
611 846
611 999
612 693
612 638
612 997
612 872
612 734
613 667
613 732
613 640
613 730
614 995
614 914
614 850
615 802
615 714
615 879
615 770
615 632
615 634
616 890
616 651
617 629
618 931
618 730
618 977
619 991
619 791
619 718
619 774
619 807
620 934
621 811
621 937
622 839
623 745
624 913
624 681
624 920
624 853
624 691
625 974
625 873
626 893
626 787
626 635
626 862
626 846
627 757
628 763
628 633
628 803
628 787
629 838
629 936
630 665
631 988
631 778
632 870
632 728
632 709
632 683
633 827
634 701
634 887
635 677
635 754
635 882
635 806
635 771
636 974
636 651
636 970
637 907
637 984
637 796
638 650
638 962
639 840
640 804
641 680
641 916
642 999
642 963
643 720
643 941
644 894
644 663
644 956
644 778
645 854
645 663
645 671
645 719
646 896
646 723
646 770
647 691
647 650
647 775
647 951
647 827
648 920
648 934
648 815
648 651
648 671
649 664
650 932
650 963
651 690
651 943
652 833
652 929
652 677
652 964
652 869
654 731
654 969
654 948
655 741
655 771
655 732
656 836
656 776
656 783
656 690
656 703
657 899
657 744
658 936
658 880
658 712
658 751
658 977
659 894
659 929
659 826
659 760
659 671
659 945
659 797
660 983
660 720
660 808
661 951
662 795
664 833
664 753
665 996
665 810
666 936
666 987
666 909
666 880
667 935
668 919
669 707
669 810
670 877
670 955
670 944
671 966
671 933
671 785
672 744
672 701
672 777
673 985
674 915
675 993
675 937
675 825
675 980
675 896
676 794
676 723
677 898
677 919
677 960
678 966
679 756
679 946
680 911
680 887
680 917
680 989
681 896
681 735
681 734
681 966
681 720
681 832
681 691
682 951
682 921
682 908
683 701
683 865
686 723
687 765
687 707
687 720
688 943
688 840
689 975
690 703
690 701
690 786
690 937
690 800
691 855
692 826
692 980
693 821
694 957
694 912
696 908
696 705
697 934
698 766
698 755
699 916
699 816
699 717
699 806
700 885
700 968
701 926
701 881
701 705
702 906
702 854
702 731
702 896
703 802
703 798
703 921
704 841
705 853
705 754
706 947
706 967
707 904
707 712
708 887
708 931
708 910
708 751
709 901
710 814
710 868
711 894
712 837
712 969
713 959
713 929
713 862
714 923
714 982
714 846
714 886
715 838
715 886
715 765
716 804
717 981
719 913
719 870
720 903
720 813
720 772
720 964
720 780
722 902
722 874
724 747
724 754
725 805
725 880
725 832
725 913
726 966
726 928
727 838
727 785
728 986
729 966
729 770
730 856
731 931
731 780
731 869
731 951
731 905
731 953
731 781
732 864
733 870
733 796
733 860
735 960
735 775
735 769
737 970
737 884
738 885
738 874
738 917
739 813
740 933
740 989
741 965
741 843
742 980
742 979
743 744
743 913
745 974
746 833
746 906
746 958
746 996
747 942
748 930
748 913
748 852
748 828
749 865
749 995
749 935
749 893
750 950
750 931
751 919
751 975
752 807
752 822
752 863
752 985
752 909
753 856
753 972
753 766
753 961
753 819
755 814
757 984
759 797
759 801
759 909
759 878
760 873
761 899
762 769
762 794
763 809
763 817
763 984
763 976
764 853
765 851
765 818
765 997
766 867
767 826
767 969
767 803
768 810
769 826
769 900
769 836
769 780
770 865
770 876
770 938
771 833
771 955
771 895
774 986
774 869
774 956
775 922
775 994
775 848
776 953
776 922
778 794
778 789
778 907
778 801
779 911
780 795
782 896
784 952
784 981
784 856
785 812
786 806
788 840
788 955
788 832
788 805
789 908
789 855
790 841
790 832
790 857
790 995
790 818
793 886
793 838
793 863
795 949
795 974
795 888
796 910
797 892
798 999
798 895
799 967
799 924
800 811
800 991
800 944
801 867
802 858
802 885
802 932
802 996
804 963
804 956
806 846
806 887
806 833
806 969
806 912
808 997
809 930
810 911
811 866
813 967
813 841
815 963
816 894
816 963
816 987
817 961
817 845
818 833
818 962
819 901
820 978
820 966
820 873
821 835
821 832
822 871
823 950
824 921
825 891
825 945
825 977
825 923
826 943
827 960
829 872
830 856
831 883
831 947
835 859
837 962
838 972
839 842
839 868
840 898
840 903
842 979
842 862
843 910
843 950
844 898
844 970
844 983
847 914
848 923
848 892
848 966
849 913
849 997
850 988
850 925
850 963
850 924
852 853
853 988
856 888
857 953
857 966
857 957
858 922
858 923
858 937
858 885
859 973
859 931
859 950
859 959
860 940
861 913
862 939
862 872
864 912
867 894
867 960
869 889
869 951
869 884
869 914
870 891
871 953
871 998
872 916
872 989
873 910
873 913
873 928
874 927
874 954
875 961
876 937
876 888
878 915
878 899
879 909
879 939
879 962
879 999
880 895
882 933
883 912
884 919
884 960
886 970
887 980
890 903
896 990
896 984
896 941
897 940
899 969
902 963
902 935
905 968
907 939
910 950
914 945
914 956
915 969
916 958
916 979
918 982
918 966
919 984
919 978
920 961
921 957
921 939
921 961
922 989
923 949
925 967
929 944
929 934
930 958
930 965
934 936
935 996
936 954
936 944
937 980
937 971
938 957
938 968
939 942
940 970
941 983
942 945
943 960
945 986
945 965
951 957
954 970
955 975
966 994
969 976
969 998
971 997
973 984
974 987
982 988
983 990
