VERTICES = 1000
EDGES = 5000
0 216
0 314
0 688
0 986
0 724
0 176
0 937
0 543
0 522
0 426
0 86
0 560
0 894
0 363
0 291
0 753
0 947
1 946
1 457
1 717
1 601
1 448
1 496
1 934
1 933
1 528
1 519
1 709
1 650
1 13
1 859
1 910
1 124
2 390
2 235
2 618
2 580
2 874
2 532
2 600
2 977
3 450
3 463
3 962
3 800
3 667
3 959
3 253
3 456
4 500
4 365
4 192
4 189
4 463
4 9
4 619
5 250
5 938
5 198
5 790
5 381
5 521
5 279
5 421
5 79
6 294
6 646
6 600
6 406
6 192
6 137
6 108
6 230
6 240
6 800
6 717
6 608
6 571
7 802
7 51
7 418
7 528
7 409
7 520
7 615
7 435
7 268
7 161
7 218
8 581
8 976
8 80
8 882
8 757
8 529
8 571
8 20
9 275
9 156
9 526
9 826
9 530
9 330
9 703
9 927
9 265
10 296
10 239
10 248
10 853
10 111
10 662
10 621
11 70
11 455
11 894
11 744
11 321
11 546
11 878
11 847
12 465
12 820
12 22
12 934
12 825
12 737
12 106
12 930
12 430
13 725
13 163
13 945
13 416
13 952
14 751
14 368
14 738
14 803
14 896
14 210
14 435
14 281
14 48
14 710
14 532
15 30
15 235
15 942
15 365
15 231
15 146
16 386
16 328
16 595
16 587
16 469
16 374
16 117
16 199
16 640
16 600
16 554
16 846
16 709
16 746
16 548
16 333
16 346
17 930
17 252
17 245
17 289
17 284
17 89
17 952
17 323
17 641
17 929
17 766
18 446
18 861
18 423
18 489
18 84
18 609
18 766
18 554
19 844
19 366
19 439
19 207
19 701
19 537
19 868
19 71
19 238
20 129
20 389
20 752
20 756
20 361
20 220
20 828
20 163
20 512
20 177
20 37
20 980
21 718
21 299
21 361
21 300
21 959
21 912
21 828
21 835
21 188
21 438
21 636
21 968
21 805
22 348
22 543
22 167
22 663
22 772
22 602
22 881
23 885
23 968
23 490
23 497
23 379
23 149
23 59
23 496
23 499
23 152
23 758
23 513
24 542
24 990
24 367
24 480
24 722
24 150
24 266
25 725
25 657
25 972
25 967
25 632
25 147
26 846
26 105
26 386
26 383
26 758
26 762
26 999
26 51
26 204
27 585
27 861
27 898
27 471
27 713
27 735
27 618
27 969
28 121
28 471
28 540
28 452
28 545
28 102
28 466
28 367
29 260
29 950
29 228
29 331
29 225
29 878
29 577
30 553
30 856
30 895
30 828
30 222
30 870
30 162
30 428
30 422
30 316
30 157
30 409
30 196
31 818
31 64
31 753
31 201
31 570
31 916
31 798
31 594
31 774
32 465
32 164
32 766
32 71
32 723
32 238
32 159
32 92
32 330
32 560
32 300
32 912
32 339
33 283
33 294
33 293
33 513
33 118
33 590
34 824
34 795
34 162
34 175
34 758
35 404
35 592
35 317
35 311
35 56
35 449
35 621
35 998
35 706
35 348
35 982
35 696
36 493
36 464
36 292
36 221
36 896
36 603
36 827
36 573
36 78
36 263
36 676
37 80
37 586
37 590
37 837
37 374
37 404
37 75
37 61
38 71
38 671
38 230
38 859
38 816
38 902
38 447
39 939
39 466
39 104
39 103
39 482
39 405
39 364
39 982
40 949
40 340
40 154
40 251
40 188
40 885
40 284
40 906
40 601
40 436
40 917
40 766
40 532
40 388
41 246
41 867
41 933
41 852
41 190
41 62
41 63
42 525
42 724
42 870
42 175
42 78
42 632
42 892
42 681
42 229
43 368
43 940
43 491
43 895
43 823
43 370
43 665
43 968
43 88
43 342
44 599
44 478
44 871
44 273
44 677
44 597
44 139
44 777
44 962
45 885
45 408
45 378
45 585
45 540
45 50
45 612
45 317
45 746
45 629
45 158
46 524
46 656
46 491
46 373
46 264
46 459
46 176
46 399
46 300
46 454
46 231
47 311
47 802
47 319
47 633
47 591
47 528
47 515
47 842
47 745
47 905
47 374
48 349
48 920
48 845
48 249
48 715
48 625
48 525
48 709
48 873
48 833
48 139
49 772
49 958
49 101
49 840
49 392
49 968
49 759
49 721
49 264
49 570
50 427
50 343
50 683
50 259
50 680
50 307
50 481
50 841
50 132
50 380
50 207
50 752
50 332
51 465
51 740
51 543
51 848
51 691
51 787
51 608
52 849
52 939
52 658
52 638
52 231
52 697
52 322
52 159
52 722
52 341
52 298
52 527
52 798
52 292
52 98
53 728
53 678
53 897
53 587
53 135
53 157
53 583
53 659
53 695
53 998
54 209
54 243
54 980
54 123
54 487
54 429
54 608
54 765
54 750
55 358
55 524
55 984
55 385
55 499
55 353
55 365
55 916
55 434
55 147
55 978
55 80
55 230
55 502
56 247
56 538
56 463
56 155
56 154
56 253
56 598
56 504
56 604
57 828
57 982
57 231
57 131
57 954
57 345
57 200
58 931
58 566
58 822
58 794
58 432
58 283
58 782
58 240
58 321
58 499
58 160
59 357
59 801
59 767
59 400
59 803
59 336
59 63
59 576
60 865
60 494
60 827
60 963
60 323
60 232
60 906
60 369
60 479
60 945
60 769
60 203
61 525
61 766
61 530
61 491
61 161
61 661
61 672
61 105
61 713
61 649
61 376
62 843
62 450
62 289
63 944
63 273
63 554
63 732
63 883
63 404
63 880
63 835
63 464
64 80
64 298
64 201
64 367
64 722
64 152
64 529
64 927
64 206
64 804
64 974
64 634
65 572
65 316
65 915
65 701
66 330
66 457
66 460
66 75
66 850
66 870
66 92
66 116
66 303
66 790
66 711
66 187
66 932
66 471
66 585
67 192
67 518
67 426
67 159
67 332
67 952
67 880
67 906
67 721
67 300
67 398
67 336
68 154
68 380
68 708
68 714
68 75
68 320
68 220
68 895
68 941
68 410
69 515
69 822
69 756
69 528
69 382
69 672
69 572
69 507
69 230
70 707
70 301
70 129
70 857
70 161
70 513
70 463
71 579
71 310
71 217
71 940
71 988
71 680
71 912
71 250
71 497
71 222
71 277
72 221
72 442
72 259
72 215
72 391
72 712
72 736
72 806
72 871
72 494
72 899
73 688
73 103
73 959
73 222
73 180
73 644
73 162
73 224
73 126
74 341
74 514
74 171
74 231
74 906
74 808
74 555
74 179
74 606
74 129
74 695
75 519
75 135
75 673
75 747
75 307
75 484
75 502
75 763
75 692
75 406
75 857
76 371
76 236
76 522
76 533
76 228
76 890
76 387
76 384
77 847
77 268
77 688
77 772
77 262
77 768
77 529
77 376
77 912
77 948
78 886
78 373
78 877
78 557
78 894
78 723
78 501
78 561
78 219
78 461
78 476
78 628
78 179
78 200
78 629
78 602
78 481
79 407
79 362
79 392
79 575
79 137
79 726
80 551
80 134
80 728
80 882
80 147
80 933
80 279
80 759
81 670
81 128
81 196
81 797
81 624
81 768
81 649
81 682
81 580
82 782
82 706
82 129
82 623
82 927
82 962
82 213
82 694
82 458
82 876
82 267
83 648
83 406
83 329
83 226
83 528
83 892
83 158
83 340
84 794
84 212
84 978
84 308
84 211
84 717
84 336
84 528
84 279
84 392
84 781
84 937
85 729
85 311
85 947
85 454
85 981
85 519
85 353
85 129
85 726
85 570
85 295
85 218
86 231
86 976
86 245
86 429
86 237
86 456
86 587
86 562
86 418
86 856
86 785
87 955
87 146
87 354
87 217
87 395
87 921
87 406
87 766
87 401
87 227
87 609
87 187
88 863
88 963
88 530
88 759
88 670
88 230
88 781
89 218
89 674
89 634
89 845
89 418
89 741
89 194
90 660
90 302
90 478
90 98
90 173
90 518
90 996
91 176
91 266
91 734
91 749
91 752
91 463
91 811
91 411
91 777
91 154
91 375
92 634
92 549
92 379
92 629
92 698
92 313
92 271
92 733
92 894
92 205
93 910
93 626
93 549
93 520
93 269
93 348
93 577
94 548
94 123
94 288
94 756
94 409
94 385
94 243
94 765
94 554
94 526
94 850
94 726
94 356
94 892
94 775
94 623
95 923
95 929
95 749
95 356
95 700
95 673
95 334
95 579
95 496
95 194
95 411
96 121
96 392
96 874
96 113
96 250
96 946
96 713
96 959
96 265
97 702
97 589
97 541
97 268
97 987
97 764
97 505
97 154
98 846
98 361
98 517
98 665
98 416
98 658
98 914
98 841
99 204
99 187
99 117
99 948
99 137
99 146
99 892
100 935
100 239
100 151
100 940
100 398
100 709
100 237
100 306
100 369
100 147
100 960
100 370
100 558
101 107
101 396
101 959
101 784
101 140
102 404
102 523
102 453
102 479
102 994
102 381
102 354
102 774
102 237
103 569
103 453
103 563
103 407
103 120
103 332
103 833
103 729
103 834
103 911
103 442
103 326
104 381
104 131
104 944
104 158
104 640
104 545
104 555
104 153
104 866
104 354
104 273
105 369
105 975
105 577
105 342
105 980
105 233
105 725
105 131
105 562
105 134
105 154
105 596
105 620
106 486
106 506
106 809
106 411
106 821
106 628
107 690
107 333
107 968
107 629
107 166
107 313
107 367
107 282
107 635
107 452
107 646
107 153
107 904
108 470
108 195
108 384
108 968
108 393
108 380
108 243
108 783
109 748
109 736
109 875
109 836
109 944
109 588
109 459
109 966
110 921
110 189
110 970
110 569
111 903
111 333
111 432
111 585
111 204
111 475
111 947
111 666
111 512
111 838
112 328
112 908
112 498
112 606
112 163
112 931
112 378
113 239
113 265
113 267
113 851
114 967
114 338
114 634
114 192
114 866
114 335
114 902
114 626
114 431
114 249
114 815
115 375
115 196
115 723
115 528
115 631
115 297
115 971
116 770
116 340
116 732
116 637
116 297
116 228
116 439
116 317
116 390
117 487
117 730
117 466
118 681
118 537
118 859
118 306
118 441
118 310
118 322
118 783
118 300
118 624
118 305
118 970
118 209
118 545
118 714
118 222
119 895
119 838
119 974
119 320
119 984
119 698
120 154
120 413
120 152
120 658
120 684
120 992
121 397
121 707
121 891
121 727
121 779
121 492
121 515
121 366
121 528
121 764
121 954
121 429
122 719
122 779
122 291
122 805
122 900
122 687
122 189
122 959
122 518
123 641
123 395
123 272
123 677
123 693
123 538
123 981
123 932
124 216
124 305
124 548
124 598
124 672
124 877
124 976
124 495
124 488
125 585
125 175
125 971
125 639
125 581
125 985
125 290
125 386
125 614
125 618
125 160
125 127
125 913
125 503
126 419
126 717
126 283
126 676
126 745
126 959
126 273
126 688
127 510
127 169
127 589
127 772
127 561
127 356
127 559
127 282
127 404
127 549
127 362
128 225
128 628
128 283
128 409
128 884
128 477
128 554
128 558
128 825
129 884
129 772
129 543
130 383
130 422
130 745
130 335
130 756
130 905
130 532
130 294
130 268
130 351
130 347
130 907
131 466
131 745
132 446
132 393
132 985
132 261
132 713
133 778
133 895
133 786
133 615
133 914
133 350
133 248
133 745
133 420
133 233
133 392
134 300
134 980
134 876
134 847
134 874
134 495
135 354
135 819
135 981
135 744
135 515
135 444
135 889
136 620
136 640
136 645
136 520
136 569
136 436
136 594
137 342
137 207
137 805
137 820
137 603
137 572
137 669
137 626
137 175
137 974
138 912
138 151
138 285
138 694
138 889
139 169
139 956
139 669
139 766
139 972
140 464
140 726
140 514
140 987
140 301
140 250
140 677
140 825
140 733
141 209
141 875
141 794
141 850
141 698
141 725
141 530
141 898
142 261
142 640
142 300
142 663
142 896
142 468
142 851
142 328
143 368
143 869
143 204
143 660
143 823
143 985
143 380
143 602
144 396
144 989
144 992
144 831
144 332
144 528
144 927
145 444
145 146
145 185
145 317
145 684
145 746
146 233
146 187
146 352
146 285
146 496
146 371
146 924
146 611
146 782
146 667
146 528
146 647
146 305
146 790
146 823
146 951
146 824
146 270
146 314
147 828
147 266
147 487
147 644
147 552
147 693
147 416
147 264
147 522
148 442
148 906
148 222
148 951
148 718
148 306
148 710
148 434
148 717
148 564
148 388
148 682
148 715
148 204
149 241
149 924
149 900
149 220
149 557
149 840
149 347
149 203
150 667
150 208
150 939
150 584
150 210
150 893
150 792
150 927
150 571
150 592
150 262
151 425
151 756
151 531
151 791
151 944
151 345
151 566
152 651
152 628
152 722
153 808
153 882
153 672
153 942
153 638
154 519
154 533
154 982
154 990
154 499
154 166
154 987
154 709
154 352
155 720
155 497
155 808
155 941
155 678
155 457
155 626
155 416
155 394
156 887
156 528
156 862
156 360
156 648
156 300
156 897
157 699
157 338
157 341
157 554
157 309
157 566
157 465
157 422
157 894
157 842
158 775
158 253
158 600
158 929
158 974
158 946
158 818
158 924
159 549
159 764
159 932
159 692
159 869
159 521
159 895
159 394
159 944
159 323
159 172
160 328
160 832
160 993
160 452
161 886
161 876
161 606
161 378
161 853
161 406
161 545
161 508
161 403
161 656
161 777
161 258
162 432
162 817
162 443
162 886
162 163
162 552
162 491
162 643
162 769
162 650
162 175
162 897
163 414
163 672
163 544
163 170
163 967
163 767
163 789
163 973
163 726
163 709
164 296
164 467
164 777
164 495
164 704
164 908
164 187
164 491
165 284
165 683
165 523
165 451
165 651
165 333
165 645
165 661
165 997
165 677
165 217
165 461
165 269
166 906
166 791
166 616
166 884
166 689
166 613
166 948
166 381
166 239
166 186
167 724
167 517
167 780
167 428
167 772
167 246
167 461
167 600
167 942
167 405
168 214
168 463
168 364
168 449
168 257
169 457
169 764
169 357
169 701
169 836
169 778
169 692
169 519
169 498
169 935
170 186
170 769
170 619
170 201
170 786
170 649
170 297
170 316
170 334
170 697
170 992
170 691
170 859
171 309
171 688
171 853
171 816
171 382
171 306
171 908
171 301
171 886
171 512
171 426
171 912
171 690
172 655
172 211
172 317
172 738
172 797
172 987
172 374
172 181
172 861
172 705
172 314
173 899
173 840
173 448
173 894
173 781
173 222
173 288
173 731
174 839
174 211
174 183
174 911
174 404
174 618
174 887
174 938
174 344
174 358
174 241
175 509
175 654
175 292
175 394
175 499
175 561
175 554
175 565
175 354
176 872
176 760
176 387
176 773
176 925
176 948
176 235
176 429
176 792
176 242
176 256
176 965
177 459
177 770
177 677
177 756
178 970
178 753
178 986
178 302
178 538
178 974
179 968
179 291
179 771
179 955
179 533
179 787
179 335
179 556
179 777
179 547
179 515
179 717
180 991
180 843
180 415
180 448
180 758
180 910
180 811
180 942
180 262
180 502
180 804
180 425
180 908
180 317
180 426
181 953
181 729
181 401
181 723
181 218
181 913
182 339
182 482
182 960
182 360
182 863
182 244
182 377
182 682
182 694
183 972
183 441
183 864
183 429
183 865
183 607
184 238
184 692
184 694
184 513
184 500
184 340
184 826
184 205
184 366
185 373
185 555
185 287
185 597
186 576
186 198
186 601
186 902
186 187
186 612
186 248
187 969
187 720
187 189
187 753
187 775
187 283
187 754
187 347
187 719
187 593
187 319
187 985
188 956
188 339
188 501
188 630
188 257
188 749
188 878
188 397
188 337
188 746
188 548
188 804
188 547
188 764
188 698
188 302
189 545
190 430
190 215
190 535
190 891
190 904
190 553
191 509
191 704
191 576
191 336
191 638
191 880
192 417
192 622
192 883
192 293
192 269
192 489
192 753
192 924
192 480
192 522
193 313
193 462
193 732
193 761
193 477
193 240
193 384
193 411
193 288
193 276
194 234
194 788
194 707
194 381
194 343
195 205
195 556
195 872
195 397
195 666
195 491
195 779
195 735
195 688
195 919
195 569
196 991
196 285
196 292
197 250
197 441
197 434
197 530
197 722
198 440
198 953
198 404
198 326
198 207
198 340
198 241
198 811
198 629
198 306
198 402
198 532
198 663
198 886
198 501
198 632
198 542
198 329
198 734
198 202
199 945
199 296
199 727
199 894
199 804
199 474
199 349
199 923
199 263
199 987
199 807
199 486
200 856
200 905
200 702
200 755
200 650
200 306
200 785
200 630
200 932
200 272
200 751
201 506
201 602
201 995
201 273
201 907
201 887
201 213
201 724
202 941
202 987
202 588
203 872
203 312
203 810
203 391
203 679
203 380
203 786
203 513
203 794
204 758
204 919
204 528
204 650
204 953
205 820
205 454
205 616
205 348
205 811
205 273
205 991
205 615
206 549
206 907
206 725
206 935
206 351
206 976
206 944
206 235
207 789
207 440
207 999
207 543
208 314
208 724
208 850
208 562
208 987
208 644
208 283
209 587
209 696
209 935
209 284
209 955
209 604
209 528
209 488
210 564
210 499
210 509
210 247
210 288
211 809
211 734
211 921
211 683
211 547
211 221
211 405
211 724
211 841
211 985
212 762
212 885
212 575
212 416
212 562
212 323
212 621
213 845
213 352
213 813
213 864
213 457
213 781
213 826
213 512
214 607
214 833
214 409
214 309
214 637
214 949
214 633
214 397
214 639
214 471
214 832
214 443
215 919
215 663
215 375
215 597
216 338
216 686
216 530
216 565
217 864
217 288
217 303
217 563
217 851
217 772
217 363
217 890
217 863
217 618
218 620
218 857
218 887
218 253
218 427
218 712
218 551
218 324
219 862
219 933
219 676
219 358
219 931
219 826
219 742
220 737
220 807
220 353
220 261
220 793
220 846
220 513
220 496
220 464
221 310
221 691
221 233
221 516
221 303
221 793
222 472
222 977
222 594
222 501
222 326
222 632
223 661
223 785
223 693
223 226
223 911
223 491
223 545
223 773
223 728
223 755
224 719
224 691
224 517
224 291
224 838
224 487
224 448
224 372
224 952
224 250
224 601
225 543
225 585
225 917
225 353
225 888
225 792
225 566
225 918
225 706
225 968
225 370
225 443
225 744
226 758
226 714
226 890
226 909
226 941
226 538
227 433
228 920
228 552
228 427
228 440
228 916
228 521
228 571
229 546
229 974
229 540
229 739
230 947
230 926
230 437
230 985
230 727
230 362
230 804
230 559
230 587
230 901
230 639
230 349
230 925
231 724
231 597
231 746
231 748
231 502
231 380
231 274
232 340
232 791
232 240
232 670
232 561
233 786
233 779
233 688
234 845
234 954
234 603
234 384
234 690
234 445
234 385
234 887
234 276
235 341
235 610
235 853
235 290
235 687
235 982
235 867
235 888
236 612
236 483
236 648
236 958
236 971
236 730
236 626
236 981
236 853
237 649
237 593
237 990
237 773
237 476
237 678
237 801
237 407
237 959
238 720
238 510
238 535
238 908
238 644
238 553
238 504
239 941
239 643
239 442
239 567
240 943
240 370
240 774
240 699
240 556
240 775
240 949
240 826
241 353
241 299
241 931
241 790
241 884
241 947
241 362
241 295
241 742
241 508
242 542
242 736
242 887
242 265
242 498
242 654
242 978
242 361
242 919
242 599
242 452
242 499
243 700
243 911
243 401
243 679
243 744
243 920
243 869
243 697
244 413
244 432
244 285
244 972
244 403
244 346
244 733
244 638
244 831
245 850
245 743
245 900
245 488
245 968
245 914
245 627
246 484
246 350
246 672
246 900
246 734
246 998
246 648
246 555
247 833
247 362
247 837
247 788
247 496
248 544
248 530
248 711
248 872
248 413
248 572
248 733
248 971
248 611
249 305
249 272
249 840
250 785
250 418
250 546
250 902
250 808
250 609
250 947
250 782
250 651
250 792
250 608
251 336
251 922
251 999
251 643
251 434
251 435
251 534
251 805
251 975
251 904
251 917
251 678
251 724
251 736
252 333
252 299
252 417
252 683
252 761
253 851
253 866
253 503
253 463
253 726
253 740
253 549
253 405
254 743
254 359
254 760
254 724
254 860
254 292
254 878
254 564
254 771
254 305
255 997
255 300
255 483
255 871
255 367
256 429
256 540
256 431
256 354
256 534
256 511
256 908
256 441
256 823
256 313
256 691
257 442
257 953
257 313
257 854
257 777
257 830
257 676
257 332
257 309
257 889
258 875
258 307
258 969
258 349
258 510
258 300
258 801
259 465
259 675
259 430
259 580
260 350
260 380
260 623
260 879
260 401
260 501
260 463
260 984
261 360
261 561
261 555
261 711
262 315
262 647
262 462
262 594
262 864
262 583
262 886
262 629
262 502
263 846
263 746
263 318
264 566
264 506
264 817
264 288
264 651
264 999
264 324
264 743
265 472
265 704
265 375
265 384
265 907
265 685
265 378
266 434
266 579
266 567
266 719
266 540
266 668
267 703
267 841
267 404
267 546
267 412
267 548
268 365
268 664
268 828
268 599
269 626
270 656
270 671
270 494
270 511
270 803
270 401
270 848
270 663
271 703
271 826
271 570
271 759
271 961
271 519
271 495
271 318
272 452
272 560
272 902
272 433
272 772
272 606
272 926
272 783
273 278
273 809
273 746
273 329
273 985
273 277
274 310
274 588
274 740
274 616
275 398
275 403
275 947
275 782
275 530
275 550
276 610
276 361
276 457
276 854
276 791
277 874
277 865
277 565
277 329
277 579
277 656
277 674
277 647
278 413
278 875
278 770
278 385
278 774
278 710
278 858
278 563
278 318
278 648
278 354
278 521
278 479
279 443
279 792
279 673
279 458
280 848
280 646
280 796
280 746
281 715
281 736
281 897
281 656
281 308
281 744
281 485
281 430
281 703
281 427
282 716
282 306
282 887
282 642
282 720
282 784
282 848
283 929
283 317
283 904
283 933
283 772
283 737
284 741
284 541
284 811
284 478
285 803
285 466
285 350
285 473
285 606
285 720
285 836
285 752
286 781
286 467
286 985
287 294
287 434
287 446
287 437
287 992
287 824
287 357
287 457
287 641
287 947
287 914
287 955
287 942
288 514
288 746
288 974
288 805
288 481
288 656
288 363
288 578
288 544
288 401
288 654
288 703
288 981
288 737
289 554
289 917
289 339
289 641
289 909
289 930
289 376
289 998
289 319
289 500
290 925
290 384
290 805
290 747
290 305
290 426
291 882
291 386
291 430
291 856
291 794
291 835
291 413
292 505
292 718
292 874
292 833
293 597
293 296
293 934
293 585
293 917
293 809
293 443
293 538
293 490
294 870
294 931
294 687
294 733
294 814
295 711
295 643
295 618
295 381
295 515
295 990
295 469
295 300
296 693
296 768
296 882
296 308
296 996
297 807
297 742
297 956
297 550
297 563
297 424
297 393
297 536
297 959
297 731
297 602
298 550
298 854
298 454
298 447
298 391
298 726
298 409
298 755
298 397
298 735
299 811
299 465
299 312
299 998
299 664
299 505
299 752
299 304
299 386
299 893
299 420
299 523
299 470
300 855
300 783
300 943
300 881
300 664
301 679
301 558
301 887
302 426
302 869
302 446
302 392
302 497
302 776
302 686
302 829
302 332
303 553
303 440
303 431
303 927
303 525
303 832
303 871
303 548
304 661
304 928
304 784
304 338
305 887
305 675
305 956
305 579
305 702
306 539
306 353
306 378
306 594
306 560
306 749
306 946
307 505
307 436
307 362
307 641
307 556
307 762
307 780
307 930
308 849
308 742
308 412
308 715
308 557
308 343
308 396
308 397
308 796
309 816
309 828
309 348
309 957
309 493
309 940
309 913
309 382
309 794
309 528
309 561
309 760
310 737
310 869
310 755
310 524
311 654
311 394
311 449
311 798
311 929
311 949
311 784
311 867
311 564
312 917
312 504
312 708
312 972
312 616
312 575
312 831
312 715
312 643
313 711
313 978
313 507
313 368
313 813
313 660
313 328
313 886
313 856
313 975
314 874
314 330
314 942
314 652
314 613
314 659
314 370
315 457
316 713
316 859
316 431
316 508
316 521
316 603
316 474
316 836
316 916
316 635
316 716
317 992
317 383
317 791
317 428
317 776
317 434
317 494
318 905
318 595
318 840
318 651
318 368
318 371
318 328
318 917
318 774
319 557
319 514
319 872
319 612
319 685
320 685
320 963
320 660
320 822
320 846
321 608
321 818
321 711
321 918
321 952
322 680
322 612
322 905
322 454
322 832
323 330
323 939
323 408
323 947
323 943
323 581
323 413
323 399
324 960
324 695
324 722
324 849
324 521
324 796
325 450
325 792
325 593
325 451
325 462
325 490
326 829
326 827
327 938
327 337
327 811
327 747
327 738
328 928
328 609
328 475
328 827
328 870
328 803
328 856
328 470
328 813
328 671
329 929
329 480
329 782
329 441
329 748
329 478
329 615
329 662
329 659
329 813
330 542
330 843
330 793
330 455
330 356
330 783
331 625
331 860
331 514
331 990
331 947
332 517
332 551
332 370
332 676
332 634
333 492
333 818
333 649
333 787
333 849
333 966
333 714
334 551
334 617
334 918
334 619
335 933
336 616
336 917
336 538
336 828
336 650
336 765
336 511
336 578
336 966
336 933
336 814
336 871
336 764
337 944
337 941
337 902
337 455
337 574
337 968
337 539
337 488
337 453
337 408
338 400
338 442
338 786
338 644
338 741
338 551
338 918
338 446
338 871
338 975
338 408
339 523
339 878
339 737
339 965
339 976
339 888
339 497
339 533
340 876
340 701
340 764
340 756
340 838
340 669
341 737
341 765
341 366
341 946
341 727
341 477
342 858
342 748
342 376
342 840
342 503
342 991
342 523
343 424
343 461
343 737
343 791
343 984
343 718
343 634
343 942
343 591
343 385
343 904
344 839
344 834
344 572
344 790
344 361
344 861
344 846
345 516
345 867
345 535
345 453
345 848
345 409
346 496
346 666
347 439
347 567
347 916
347 712
348 970
348 538
348 740
348 954
348 808
348 356
349 901
349 873
350 495
350 380
350 730
350 615
350 963
350 534
351 508
351 599
351 931
352 455
352 371
352 922
352 974
352 516
353 890
353 755
353 422
353 828
353 524
354 460
354 696
354 461
354 874
355 853
355 785
355 775
355 735
355 760
356 435
356 619
356 568
356 481
357 630
357 509
357 683
358 747
358 421
358 374
358 398
358 881
358 691
359 623
359 577
359 607
359 869
359 933
359 681
360 930
360 720
360 551
360 980
360 468
360 796
361 655
361 880
361 437
361 498
361 916
361 723
362 716
362 614
362 720
362 770
362 766
362 908
362 797
363 627
363 711
363 750
364 677
364 808
364 681
364 676
364 592
364 656
364 644
365 493
365 370
365 554
365 912
366 981
366 929
366 522
366 913
366 957
366 394
366 523
366 440
366 959
366 808
366 533
367 760
367 758
367 533
367 504
367 409
367 379
368 691
368 708
368 794
368 724
368 945
368 968
368 687
368 619
369 760
369 491
369 940
369 958
369 522
369 999
369 838
370 932
370 463
370 609
370 698
370 959
370 910
370 617
371 813
371 594
371 477
371 811
372 411
372 528
372 893
372 738
372 815
372 419
372 952
373 624
373 924
373 479
374 940
374 711
374 994
375 525
375 454
375 603
375 510
375 721
375 785
375 910
376 400
376 830
376 934
376 678
376 588
376 972
377 687
377 537
377 510
377 983
377 585
377 742
377 719
378 673
378 950
378 732
378 657
378 952
379 785
379 934
379 643
379 620
379 812
379 954
380 429
380 590
380 514
380 635
380 819
380 830
381 627
381 559
381 406
381 929
381 601
381 762
381 787
382 819
382 607
382 515
382 807
382 886
382 895
382 609
383 592
383 777
383 987
383 575
383 719
383 859
383 623
383 857
384 830
384 918
384 999
384 617
384 630
385 680
385 955
385 801
385 619
385 993
385 420
385 642
386 596
386 534
386 605
386 954
386 900
386 642
386 795
386 665
386 840
386 944
387 604
387 425
387 875
387 446
387 558
387 815
388 691
388 433
388 557
389 987
389 946
389 537
389 908
389 941
390 953
390 816
390 404
390 509
390 923
390 991
391 395
391 716
391 627
391 547
392 527
392 467
392 460
392 529
392 436
392 972
393 691
393 569
393 699
393 893
393 760
393 885
393 480
393 842
394 651
394 776
394 859
394 458
394 548
395 694
395 744
395 486
395 428
395 533
396 505
396 787
396 948
396 443
396 808
396 415
397 764
397 442
397 941
398 494
398 785
398 751
398 506
398 418
398 748
398 429
399 425
399 508
399 794
399 905
399 575
400 911
400 725
400 591
401 538
401 573
401 927
401 897
402 542
402 996
402 635
402 905
402 496
402 837
402 734
403 656
403 878
404 459
404 450
404 931
405 413
405 868
405 803
406 884
406 507
406 473
406 574
406 827
406 588
406 770
406 582
407 643
407 507
407 518
407 818
407 986
407 826
408 472
408 850
408 933
408 557
408 732
408 854
408 420
409 449
409 767
409 971
409 864
409 593
409 894
410 732
410 788
410 920
410 822
410 613
410 840
411 658
411 864
411 426
411 486
411 938
411 969
411 712
412 542
412 966
412 913
412 695
412 972
413 580
413 424
413 454
413 834
413 800
413 966
414 602
414 578
414 577
414 651
414 494
414 772
414 704
414 953
414 518
415 599
415 626
415 671
415 901
415 426
415 922
415 806
416 763
416 962
416 727
416 998
416 494
417 647
417 790
417 460
418 500
418 651
418 644
418 682
418 922
418 517
419 835
419 824
419 957
420 486
420 984
420 983
420 633
420 770
420 497
420 611
420 432
420 641
421 813
421 738
421 728
421 727
421 768
421 475
421 608
422 426
422 917
422 777
422 576
422 898
422 466
422 740
422 482
422 555
422 853
422 963
423 789
423 528
423 730
423 594
423 696
423 517
423 841
424 680
424 695
424 739
425 431
425 595
425 851
425 470
425 937
425 715
426 748
426 577
426 619
427 637
427 899
427 791
427 857
427 912
427 597
427 792
428 686
428 684
428 743
429 819
429 689
429 629
429 699
430 707
430 606
430 996
430 879
430 568
430 504
431 799
431 976
431 680
431 790
432 721
432 820
432 569
432 620
432 616
432 574
433 656
433 747
433 453
433 683
433 968
433 513
433 819
434 461
434 638
434 770
435 694
435 742
435 495
435 761
435 436
435 452
435 838
436 513
436 497
437 903
437 565
437 905
437 567
438 692
438 720
438 626
438 561
438 755
438 507
438 649
439 918
439 849
439 512
439 677
439 778
440 753
440 783
440 632
441 531
441 712
441 772
441 444
441 522
442 870
442 815
442 631
442 809
442 862
443 613
443 621
443 549
443 926
444 560
444 483
444 660
445 857
445 621
445 650
445 467
445 618
445 985
446 861
446 627
446 905
447 940
447 661
447 979
447 737
447 980
447 901
447 855
448 800
448 552
448 790
448 509
448 964
448 738
448 988
448 564
448 943
448 510
448 929
449 824
449 882
449 799
449 598
449 905
449 707
449 812
449 684
449 939
450 984
450 753
450 841
450 588
450 940
450 703
451 603
451 757
451 604
451 915
451 587
452 984
452 559
452 453
452 766
452 507
452 551
452 883
453 731
453 577
453 462
453 753
453 518
454 950
454 820
454 607
454 629
454 891
454 744
454 896
454 496
454 934
454 847
455 763
455 500
455 682
455 837
455 822
455 919
455 701
456 912
456 498
456 974
456 472
456 887
456 932
456 965
456 597
456 609
456 935
456 826
456 639
457 758
457 669
457 824
457 705
457 553
457 695
457 978
457 757
457 654
458 558
458 619
458 793
458 560
458 902
458 891
458 655
458 764
458 685
459 815
459 662
459 531
459 675
460 740
460 925
460 768
460 708
460 468
460 508
461 726
461 677
461 547
461 672
461 826
461 487
461 641
462 536
462 738
462 655
462 781
463 680
463 812
463 520
463 711
463 912
463 916
464 749
464 759
464 996
465 473
465 481
465 724
465 576
465 622
465 642
466 652
466 668
466 548
466 920
467 998
467 898
467 991
467 844
467 573
468 877
468 540
468 793
468 685
469 576
469 867
469 540
469 712
470 835
470 698
470 612
470 957
470 483
470 763
471 536
471 611
471 942
471 751
471 637
471 908
471 578
471 574
471 585
471 991
471 803
472 781
472 908
472 531
472 645
473 950
473 584
473 708
473 514
474 885
474 937
474 733
474 979
474 966
474 918
475 985
475 956
475 820
475 795
475 621
476 633
476 578
476 584
476 503
476 815
477 650
477 705
477 548
477 901
479 746
479 748
479 897
479 914
479 970
480 867
480 769
480 642
480 933
481 600
481 527
481 637
481 697
481 825
481 572
481 596
481 645
482 648
482 977
482 964
482 997
482 617
482 739
482 981
483 729
483 535
483 490
483 962
483 712
483 786
483 509
484 859
484 709
485 507
485 944
485 580
485 704
486 682
486 696
486 991
486 549
486 719
486 778
487 667
487 498
487 858
487 976
487 581
488 985
488 875
488 945
488 886
488 801
488 864
489 957
489 912
489 532
489 990
489 620
490 882
490 927
490 697
490 626
490 501
491 632
491 732
491 999
491 646
491 944
491 620
492 634
492 535
492 799
492 825
492 585
492 934
492 791
492 678
492 771
493 858
493 981
493 830
493 854
493 596
493 652
493 633
494 810
494 669
494 995
495 630
495 549
495 657
495 714
495 508
495 962
495 606
496 740
496 653
496 957
496 897
496 686
497 565
497 511
497 834
498 595
498 553
498 945
498 903
498 822
498 819
498 832
499 898
499 981
499 736
499 772
499 556
500 748
500 640
500 922
500 580
500 541
500 583
500 757
500 649
501 836
501 893
501 903
501 996
501 567
501 916
501 769
502 531
502 736
502 898
502 546
502 795
502 622
502 907
503 659
503 587
504 879
504 625
504 974
504 682
505 596
505 962
505 581
505 758
505 689
505 869
506 861
506 807
506 860
506 809
507 687
507 837
507 645
508 516
508 915
508 571
508 900
508 592
508 673
508 794
508 886
509 762
509 947
509 519
509 692
509 972
509 536
510 942
510 549
510 690
510 675
510 568
510 596
510 925
510 818
511 857
511 858
511 977
511 552
511 821
511 536
511 721
511 839
513 601
513 725
513 750
513 930
513 640
514 668
514 730
514 590
515 572
515 817
515 755
516 981
516 986
516 526
517 904
517 538
517 606
517 523
518 727
519 576
519 992
519 754
519 802
520 699
520 923
520 806
520 770
520 570
521 878
521 804
521 665
521 540
522 956
522 715
522 670
522 859
522 600
522 961
522 909
522 706
522 539
523 998
523 728
524 800
524 783
524 883
524 744
524 835
524 947
524 627
524 994
525 947
525 570
525 953
525 553
525 905
525 892
525 917
525 935
525 737
526 689
526 947
526 924
526 652
526 961
527 806
527 946
527 931
527 659
527 921
527 702
528 784
528 923
528 872
528 815
529 666
529 874
529 593
530 615
530 879
531 646
531 789
531 571
531 541
531 959
531 922
531 791
532 989
532 559
532 820
533 630
533 826
533 638
533 753
533 795
533 790
533 991
533 869
534 908
534 852
534 942
535 726
535 684
536 585
536 811
536 611
537 982
537 827
537 662
537 601
538 813
538 722
538 891
539 632
539 778
539 808
539 783
539 655
539 613
539 859
539 957
540 960
540 772
540 844
540 792
540 857
540 776
541 716
541 979
541 899
541 867
542 914
542 887
542 686
542 860
543 609
543 887
543 969
543 883
543 700
543 869
543 912
543 880
543 699
543 597
543 642
544 853
544 845
546 700
546 780
546 644
546 993
546 710
547 947
547 892
547 622
547 826
547 602
547 615
547 799
547 890
548 949
548 767
548 559
548 904
548 936
548 660
548 640
548 841
549 576
549 746
549 849
549 839
549 996
549 921
549 676
549 564
550 655
550 727
550 620
550 582
550 945
550 856
550 758
550 880
550 973
551 916
551 796
551 802
551 784
552 993
552 661
552 625
552 974
552 791
553 862
553 785
553 973
553 791
554 893
554 786
555 667
555 868
555 953
555 776
556 888
556 617
556 935
556 798
557 960
557 709
557 987
557 706
557 602
557 636
558 907
558 640
558 831
558 796
559 815
559 562
559 580
559 688
559 607
560 907
560 631
560 855
560 776
561 873
561 896
561 685
561 723
561 998
561 697
562 640
562 885
562 662
563 910
563 613
564 760
564 746
564 993
564 809
564 690
564 729
564 804
565 735
565 809
565 999
566 582
566 666
566 963
566 979
567 993
567 995
567 751
567 576
567 584
568 954
568 845
569 677
569 726
569 756
569 976
570 967
570 762
570 869
570 910
570 698
571 851
571 949
572 734
572 716
572 638
572 632
572 834
573 656
573 811
573 726
573 834
574 924
574 995
574 736
574 997
574 586
574 738
575 946
575 853
576 856
576 696
576 723
577 919
577 666
577 913
577 958
578 702
578 720
578 581
578 993
578 787
578 650
578 660
578 609
578 677
579 653
579 787
579 718
579 829
579 803
580 885
580 989
580 622
580 912
580 670
581 987
582 799
582 859
583 743
583 632
583 709
583 929
583 849
584 655
584 810
584 764
584 588
584 838
584 993
584 981
584 902
584 958
584 707
584 928
584 706
584 676
585 805
585 936
585 627
585 829
586 675
586 796
586 988
586 864
587 919
587 933
588 864
589 873
589 914
589 999
590 737
591 713
591 972
591 974
592 682
592 599
593 605
594 883
595 934
595 728
595 756
595 800
595 868
595 930
596 655
596 667
596 848
598 665
598 705
598 716
598 961
598 916
598 709
599 968
599 605
599 702
599 939
599 873
599 876
600 822
600 694
600 953
600 935
600 711
601 942
601 835
601 641
602 631
603 901
603 917
603 790
603 819
604 767
604 871
604 694
604 784
604 882
605 945
605 709
605 998
606 925
606 879
606 701
606 768
606 964
607 801
608 649
608 934
608 673
608 914
609 944
609 996
609 970
610 929
610 754
610 676
611 769
611 971
611 685
611 847
612 744
612 853
612 759
612 785
613 879
613 718
613 740
614 722
614 974
615 914
615 783
615 983
615 799
615 905
615 819
615 762
616 992
616 767
616 631
616 959
616 841
616 812
616 778
617 739
617 854
618 992
618 870
619 841
619 843
619 989
619 691
619 944
619 661
619 947
620 840
620 817
621 701
621 870
621 669
622 684
622 678
622 864
623 676
623 865
624 730
625 853
625 926
625 690
625 746
626 908
626 692
626 809
626 971
626 944
627 830
627 631
627 792
627 985
628 838
628 777
628 661
628 916
630 720
630 876
630 926
631 712
631 771
632 810
632 782
633 648
633 745
633 775
633 904
634 994
634 995
634 926
634 639
635 648
635 942
635 919
635 959
636 905
636 733
636 681
636 917
638 781
638 879
638 649
639 959
639 819
639 649
639 674
639 669
640 955
640 865
640 793
640 774
640 778
641 792
641 850
641 662
641 865
641 835
641 829
641 984
641 883
641 828
642 761
642 794
642 879
642 682
643 763
643 743
643 765
644 656
644 711
644 820
644 665
645 679
645 803
646 724
646 871
647 713
647 922
647 913
647 992
647 731
648 982
648 947
648 852
648 654
649 657
649 942
649 842
649 911
650 816
650 882
650 693
650 881
651 742
651 763
651 667
651 848
651 691
652 828
652 940
652 671
652 933
654 826
654 855
654 914
654 828
654 907
655 703
655 723
655 734
656 950
656 666
656 914
656 850
656 890
657 991
657 986
657 684
657 829
658 933
658 891
658 986
658 948
658 929
658 853
659 823
659 983
659 734
659 727
659 680
660 938
660 775
660 898
660 939
660 995
662 914
662 822
662 880
662 821
662 690
663 832
663 690
664 770
664 699
664 831
664 694
664 732
665 694
665 807
665 771
666 843
666 880
667 683
667 873
667 983
667 848
667 681
668 895
668 904
668 862
670 914
670 980
670 946
670 814
671 857
671 769
671 753
671 723
672 895
673 698
673 699
673 964
673 998
673 822
674 837
675 975
675 981
676 782
676 693
676 737
677 760
677 999
677 776
677 953
677 930
677 994
678 743
678 859
679 845
680 796
680 750
680 765
681 768
681 825
682 913
682 991
682 724
682 828
683 921
683 834
683 981
683 696
683 746
684 891
685 839
685 719
685 932
686 913
686 696
686 691
686 695
686 720
686 961
686 756
686 884
687 761
687 807
687 719
687 737
687 717
687 917
687 923
687 690
688 731
688 823
688 739
688 736
688 965
688 942
688 945
689 781
689 802
689 720
690 931
690 913
690 870
690 848
691 751
691 820
691 762
691 897
692 912
692 917
692 923
692 754
693 734
693 694
693 811
693 782
694 998
694 822
694 897
695 714
695 749
696 821
696 976
696 795
696 834
696 907
697 851
697 835
698 723
698 753
699 958
700 996
700 952
700 773
701 770
701 937
701 978
701 895
702 862
702 914
702 767
702 932
702 973
703 720
703 998
704 930
704 708
706 982
706 857
706 812
706 722
706 714
707 805
707 850
707 788
708 885
708 757
708 738
708 936
709 812
709 852
709 741
709 747
710 818
710 726
710 931
710 756
710 907
711 994
711 767
711 978
712 730
712 868
713 943
713 760
713 955
713 980
713 871
713 783
714 976
714 888
714 902
714 926
716 910
716 921
717 989
717 998
718 903
719 727
719 959
720 873
720 802
721 844
721 998
721 889
721 925
722 986
722 862
722 795
722 805
724 928
724 926
725 862
726 807
726 878
726 989
726 818
726 759
726 964
727 958
727 912
727 737
727 753
728 743
728 911
728 746
730 797
730 780
731 930
732 994
733 754
734 968
734 869
734 782
734 942
734 998
734 933
735 885
735 778
735 886
735 793
736 748
736 838
736 903
737 903
737 804
737 773
737 934
737 955
738 939
738 819
738 938
739 774
739 946
739 887
739 999
739 924
739 814
740 981
740 813
740 870
740 839
741 748
741 863
741 841
741 946
742 995
742 768
742 891
742 934
743 760
743 782
743 934
744 869
746 983
747 832
747 754
747 806
747 999
747 803
749 827
749 928
749 906
749 932
749 969
749 945
750 891
750 929
750 783
750 846
751 956
751 811
751 907
751 817
751 840
752 929
752 991
752 913
753 892
753 950
754 921
754 991
755 845
755 967
755 886
756 951
756 891
756 981
756 933
757 875
757 899
758 889
758 939
759 981
759 774
759 965
760 992
760 890
760 876
761 885
762 781
762 909
763 995
763 815
763 884
764 778
765 788
765 784
766 840
766 866
766 970
767 997
767 944
767 873
768 991
768 871
768 808
768 817
769 810
769 902
770 777
770 979
770 993
771 990
771 995
772 845
772 936
773 907
774 777
774 785
775 947
776 902
777 883
777 928
778 946
779 782
779 860
779 925
779 814
780 888
780 861
780 929
781 940
781 820
782 975
782 854
783 921
783 936
784 819
784 865
784 831
785 887
785 910
785 899
786 932
787 947
787 931
788 886
788 942
790 949
790 929
791 917
791 910
791 979
791 842
791 794
792 828
792 840
792 809
793 850
793 935
793 874
794 895
794 843
794 857
794 938
794 974
796 932
796 971
796 831
796 899
798 907
798 946
799 889
799 935
800 984
800 973
800 943
800 930
802 856
802 829
803 957
804 892
804 956
805 975
805 983
805 910
806 838
809 918
809 865
809 900
810 903
812 827
812 975
813 885
814 826
814 878
814 899
815 951
816 903
816 959
816 974
817 975
817 828
817 910
817 831
818 951
818 912
818 996
818 847
819 953
819 917
821 889
821 830
822 926
822 910
824 851
824 983
824 999
825 947
825 915
825 946
826 837
828 847
830 871
830 856
830 855
831 953
832 834
832 930
832 858
833 906
833 881
835 919
836 890
836 938
838 950
838 959
839 853
839 962
839 960
840 875
841 961
841 882
842 859
842 861
842 995
843 977
845 861
845 959
845 858
846 949
846 919
847 981
847 889
847 910
848 927
849 965
849 941
849 866
850 994
851 942
851 924
852 875
852 956
853 903
853 929
858 869
858 937
859 880
859 963
860 870
861 937
861 926
862 878
863 892
864 914
864 974
864 899
868 979
868 928
868 992
869 870
869 935
872 888
873 892
876 883
877 998
877 924
881 887
882 985
882 927
883 982
883 969
883 997
885 948
886 910
889 998
889 980
890 905
890 916
891 995
891 945
892 910
895 985
897 991
897 968
898 989
899 949
902 992
902 959
903 998
906 985
907 976
908 971
910 972
911 948
911 950
915 953
915 968
917 932
918 972
922 986
924 960
925 939
927 928
931 935
934 960
935 978
939 940
939 997
941 982
942 969
946 998
949 988
951 953
951 970
959 999
959 985
962 976
963 983
968 994
969 992
970 991
972 997
973 993
980 997
992 996
