VERTICES = 1000
EDGES = 6000
0 883
0 594
0 423
0 283
0 344
0 203
0 794
0 897
0 659
0 425
0 732
0 933
0 69
0 155
0 579
1 434
1 772
1 176
1 871
1 844
1 147
1 780
1 661
1 603
1 988
1 878
1 446
1 940
1 687
1 278
1 807
1 135
2 850
2 725
2 876
2 790
2 852
2 263
2 89
2 332
2 111
2 684
2 132
2 659
2 965
2 906
3 187
3 106
3 606
3 128
3 682
3 12
3 599
3 918
3 726
3 94
3 872
4 331
4 787
4 582
4 15
4 675
4 929
4 377
4 925
4 360
4 358
4 97
4 449
5 236
5 156
5 997
5 357
5 999
5 975
5 983
5 175
5 365
5 498
6 110
6 825
6 45
6 457
6 999
6 279
6 887
6 885
6 562
6 695
6 185
6 101
6 915
6 707
6 257
6 215
6 682
6 144
7 440
7 824
7 46
7 950
7 601
7 591
7 748
7 234
7 403
7 973
8 610
8 278
8 748
8 566
8 865
8 659
8 984
8 779
8 303
8 702
8 288
9 589
9 759
9 418
9 604
9 693
9 350
9 251
9 783
9 733
9 834
9 695
9 43
9 58
9 190
9 501
9 527
9 565
9 647
9 280
10 351
10 383
10 217
10 759
10 985
10 867
10 67
10 25
10 945
10 474
10 136
10 879
11 391
11 42
11 828
11 592
11 801
11 542
11 772
12 715
12 202
12 737
12 479
12 803
12 649
12 382
12 537
12 808
12 636
12 16
12 960
13 770
13 801
13 946
13 731
13 905
13 40
13 349
13 978
13 112
13 993
13 265
13 250
13 559
13 267
13 257
13 499
14 636
14 518
14 16
14 170
15 756
15 928
15 300
15 818
15 982
15 473
16 102
16 904
16 317
16 943
16 306
16 235
16 329
16 964
16 446
16 63
16 798
16 308
16 789
17 990
17 252
17 889
17 666
17 281
17 890
18 56
18 981
18 498
18 749
18 50
18 29
18 453
18 211
18 266
18 23
18 313
19 274
19 757
19 414
19 376
19 287
19 54
19 55
19 336
20 862
20 752
20 154
20 339
20 479
20 832
20 663
20 557
20 694
20 676
20 331
20 311
21 263
21 257
21 984
21 471
21 392
21 250
21 515
21 217
21 335
22 910
22 274
22 680
22 640
22 24
22 244
22 513
22 981
22 43
23 985
23 69
23 459
23 304
23 558
23 903
23 517
23 489
23 663
23 593
23 163
23 404
23 238
23 457
23 560
24 914
24 216
24 259
24 679
24 766
24 439
24 541
24 71
24 100
24 907
24 855
24 519
25 184
25 942
25 711
25 371
25 222
25 833
25 314
25 658
25 191
26 294
26 889
26 628
26 158
26 876
26 184
26 281
26 682
26 543
26 907
26 443
26 895
26 457
26 825
26 194
26 536
27 868
27 360
27 292
27 689
27 402
27 415
27 723
27 827
27 251
27 586
27 49
27 941
27 705
28 153
28 281
28 936
28 625
28 78
28 327
28 523
28 714
28 420
28 562
28 48
29 435
29 318
29 736
29 965
29 614
29 122
29 554
29 315
29 491
29 998
29 921
30 40
30 63
30 155
30 227
30 612
30 680
30 153
30 713
30 679
30 116
30 438
30 838
30 839
30 693
30 445
30 265
31 198
31 735
31 802
31 591
31 576
31 572
31 542
31 186
32 610
32 223
32 768
32 836
32 376
32 946
32 983
32 225
33 618
33 586
33 42
33 349
33 52
33 76
33 160
33 682
34 860
34 100
34 408
34 240
34 400
34 156
34 840
34 753
34 610
34 171
34 866
34 582
35 530
35 811
35 357
35 80
35 639
35 633
35 397
35 182
35 279
35 657
35 550
35 594
35 312
36 739
36 551
36 634
36 323
36 572
36 818
36 398
36 351
36 379
37 841
37 689
37 894
37 228
37 248
37 97
37 86
37 604
37 977
37 300
37 734
37 936
37 453
37 152
37 766
37 168
37 257
38 481
38 904
38 440
38 939
38 747
38 125
38 882
38 213
38 390
38 810
38 640
38 49
38 964
38 590
38 227
38 109
38 701
39 980
39 739
39 553
39 724
39 703
39 275
39 334
39 539
39 857
39 915
39 204
39 215
39 428
39 95
40 165
40 519
40 617
40 742
40 657
40 200
40 524
40 374
40 341
40 891
41 258
41 703
41 726
41 70
41 722
41 771
41 144
41 680
41 879
41 512
41 446
41 478
42 358
42 828
42 501
42 808
42 742
42 777
42 685
42 214
42 426
42 449
42 746
42 512
42 637
43 581
43 69
43 452
43 546
43 454
43 206
43 578
43 441
43 863
43 169
43 746
43 889
43 198
43 562
43 826
43 561
44 620
44 855
44 120
44 52
44 344
44 514
44 594
44 656
44 530
44 832
44 412
44 545
44 787
45 616
45 532
45 915
45 446
45 299
45 232
45 673
45 618
45 223
45 306
45 161
46 735
46 314
46 599
46 958
46 981
46 595
46 209
46 136
46 144
46 97
46 164
47 807
47 770
47 654
47 587
47 276
47 54
47 778
47 97
47 862
47 479
47 805
47 244
47 660
48 378
48 398
48 130
48 976
48 467
48 830
48 523
48 940
48 449
48 732
48 58
48 452
48 328
48 318
48 632
48 209
49 452
49 60
49 292
49 575
49 744
49 191
49 912
49 193
49 718
49 666
49 893
50 124
50 427
50 909
50 760
50 889
50 444
50 560
50 907
50 487
50 405
50 561
51 923
51 780
51 521
51 302
51 743
51 196
51 460
51 395
51 768
51 335
51 945
52 139
52 278
52 316
52 712
52 927
52 567
52 593
52 341
52 237
52 659
53 869
53 385
53 832
53 985
53 518
53 765
53 357
53 355
53 712
53 245
53 300
53 929
53 134
54 690
54 271
54 117
54 723
54 498
54 423
54 268
54 587
54 844
55 407
55 611
55 482
55 949
55 232
55 749
55 303
55 720
55 676
55 815
55 890
55 812
56 512
56 842
56 475
56 983
56 81
56 137
56 615
56 822
56 853
56 495
56 560
56 220
57 983
57 866
57 216
57 222
57 656
57 723
57 269
57 106
57 431
57 790
57 168
57 944
58 763
58 920
58 769
58 302
58 697
58 682
58 754
58 617
58 268
58 403
59 233
59 765
59 605
59 117
59 847
59 509
59 494
59 280
59 594
59 621
59 108
59 248
59 922
60 880
60 743
60 755
60 163
60 989
60 327
60 978
60 796
60 451
61 241
61 545
61 633
61 658
61 735
61 664
61 338
62 794
62 546
62 631
62 232
62 270
62 821
62 477
62 910
62 564
63 637
63 871
63 735
63 88
63 775
63 620
63 640
63 918
63 66
63 277
63 721
63 944
63 533
63 451
63 86
64 278
64 143
64 964
64 662
64 643
64 614
64 77
64 514
64 990
65 576
65 415
65 386
65 797
65 102
65 358
65 227
65 316
65 574
65 678
65 823
66 144
66 364
66 510
66 989
66 217
66 376
67 683
67 436
67 462
67 564
67 406
67 280
67 841
67 753
67 395
67 979
68 790
68 946
68 330
68 829
68 349
68 186
68 494
68 663
68 559
68 466
68 459
69 513
69 137
69 397
69 412
69 389
69 350
69 984
70 883
70 569
70 924
70 372
70 430
70 631
70 682
70 661
70 963
70 611
70 407
70 527
70 843
70 968
71 400
71 271
71 168
71 571
71 827
71 924
71 342
71 666
71 387
71 468
71 665
71 358
71 708
71 210
71 568
71 572
71 953
71 429
72 368
72 742
72 794
72 552
72 220
72 424
72 859
72 80
72 834
72 984
72 429
73 353
73 358
73 466
73 95
73 251
73 101
73 445
73 718
73 586
73 80
73 222
73 182
73 252
73 425
73 214
74 399
74 681
74 983
74 98
74 80
74 149
74 693
74 390
74 929
74 771
74 173
75 381
75 891
75 496
75 116
75 196
75 767
75 393
75 886
75 208
76 135
76 279
76 361
76 564
76 437
76 882
76 119
76 276
76 97
76 861
77 93
77 885
77 337
77 813
77 477
77 389
77 580
77 545
77 139
77 408
77 526
77 482
77 641
78 821
78 97
78 555
78 835
78 127
78 731
78 468
78 992
78 173
78 397
78 774
78 856
78 811
78 167
78 590
79 689
79 82
79 211
79 728
79 369
79 354
79 463
79 288
79 918
79 103
79 792
80 436
80 91
80 109
80 148
80 346
80 947
81 212
81 565
81 925
81 189
81 269
81 733
81 842
81 265
81 899
82 668
82 151
82 367
82 321
82 788
82 751
82 594
82 582
82 908
82 977
82 313
82 885
82 141
82 562
82 508
83 321
83 892
83 454
83 549
83 663
83 779
83 242
83 182
83 925
83 448
83 438
83 605
83 400
83 669
84 492
84 704
84 524
84 554
84 124
84 795
84 169
84 503
84 498
84 407
84 886
84 853
84 292
85 756
85 806
85 680
85 262
85 854
85 253
86 133
86 535
86 99
86 271
86 428
86 574
86 280
86 558
86 239
86 257
86 998
86 596
87 135
87 402
87 982
87 935
87 187
87 916
87 659
87 784
88 673
88 255
88 753
88 670
88 704
88 158
88 739
88 556
88 407
88 619
88 581
88 91
88 175
88 254
88 496
88 349
89 239
89 234
89 134
89 948
90 944
90 628
90 291
90 298
90 555
90 490
90 240
90 665
90 762
90 675
90 905
90 813
90 235
90 413
90 917
91 907
91 958
91 802
91 555
91 690
91 469
91 657
91 495
91 316
91 233
91 408
91 456
92 881
92 345
92 950
92 774
92 213
92 461
92 247
92 101
92 125
92 631
92 884
92 492
92 357
92 906
92 700
92 516
92 814
93 875
93 183
93 920
93 410
93 495
93 964
93 118
93 701
93 821
93 577
93 684
93 868
93 930
93 360
94 814
94 489
94 993
94 358
94 771
94 466
94 437
94 972
94 467
94 338
95 444
95 877
95 712
95 251
95 766
95 228
95 984
95 132
95 755
95 621
96 210
96 379
96 512
96 97
96 315
96 294
96 943
96 485
96 524
96 281
96 995
97 105
97 208
97 652
97 869
97 736
97 145
97 876
97 911
97 842
97 620
97 903
97 458
97 707
98 479
98 138
98 573
98 904
98 545
98 136
98 631
98 318
98 410
98 770
98 566
99 385
99 977
99 543
99 123
99 211
99 356
99 644
99 253
99 420
99 605
99 318
99 840
99 769
99 594
99 124
99 504
99 613
100 180
100 315
100 794
100 839
100 284
100 280
100 835
100 901
100 126
100 706
100 307
100 489
101 603
101 895
101 991
101 390
101 228
101 174
101 134
101 709
101 617
101 715
101 345
101 822
101 442
102 947
102 979
102 793
102 930
102 442
102 406
102 781
102 415
102 238
102 621
102 834
102 680
102 992
103 844
103 962
103 949
103 156
103 795
103 309
103 479
103 752
104 203
104 447
104 467
104 648
104 537
104 484
104 640
104 561
104 676
104 241
104 326
104 136
104 585
104 957
104 181
104 407
105 540
105 849
105 438
105 549
105 491
105 226
105 191
105 366
105 568
106 987
106 399
106 377
106 828
106 490
106 688
106 358
106 438
106 485
106 929
106 629
106 209
106 487
106 743
107 902
107 109
107 233
107 760
107 644
107 975
108 652
108 831
108 832
108 544
108 372
108 677
108 712
108 531
108 965
108 930
108 526
108 957
108 979
109 176
109 535
109 558
109 424
109 931
109 635
109 463
109 757
109 452
110 189
110 667
110 453
110 702
110 740
110 207
110 184
111 294
111 908
111 309
111 639
111 782
111 158
111 522
112 652
112 951
112 311
112 656
112 466
112 613
112 845
112 769
112 933
112 648
112 169
112 913
113 245
113 473
113 621
113 329
113 312
113 804
113 420
113 435
114 649
114 505
114 945
114 912
114 410
114 862
114 526
114 624
114 411
114 470
115 272
115 117
115 266
115 828
115 606
115 835
115 313
115 779
115 923
115 125
116 715
116 792
116 629
116 742
116 439
116 671
117 948
117 310
117 940
117 428
117 846
117 725
117 825
117 539
117 797
118 592
118 346
118 359
118 261
118 339
118 276
118 412
118 594
118 513
119 583
119 195
119 847
119 521
119 354
119 333
119 515
119 320
119 795
119 954
119 165
119 372
120 742
120 845
120 651
120 239
120 449
120 506
120 426
120 212
120 853
120 412
120 178
120 728
120 860
120 414
120 269
121 219
121 340
121 435
121 421
121 813
121 323
121 859
121 852
121 471
121 564
121 456
122 284
122 277
122 752
122 571
122 230
122 659
122 908
122 829
122 980
122 559
123 214
123 426
123 442
123 523
123 140
123 946
123 607
123 631
123 652
123 203
124 222
124 929
124 459
124 597
124 592
124 585
124 341
124 637
124 854
124 759
124 369
124 205
124 913
124 745
124 454
124 388
125 484
125 551
125 179
125 504
125 583
125 267
125 852
125 241
125 817
126 482
126 791
126 798
126 187
126 163
126 707
126 222
126 221
126 733
126 783
126 754
126 878
126 358
127 893
127 644
127 886
127 448
127 563
127 508
127 504
128 508
128 630
128 696
128 391
128 324
128 994
128 701
128 372
129 477
129 501
129 689
129 450
129 839
129 375
129 548
129 205
129 425
129 660
130 752
130 744
130 795
130 313
130 715
130 277
130 680
130 872
130 740
130 766
130 670
130 727
130 382
130 624
131 242
131 169
131 792
131 685
131 821
131 419
131 246
131 488
131 735
131 958
131 643
131 524
131 805
131 976
132 363
132 903
132 397
132 759
132 391
132 865
132 910
132 527
133 724
133 821
133 660
133 204
133 300
133 363
133 302
134 899
134 662
134 661
134 303
134 904
134 760
134 705
134 160
134 715
134 922
134 832
134 869
134 412
135 859
135 875
135 444
135 392
135 951
135 965
135 880
135 713
135 525
135 313
135 143
135 809
136 628
136 922
136 396
136 273
136 820
136 651
136 157
136 327
136 981
136 189
136 697
136 474
137 501
137 591
137 977
137 503
137 511
137 638
138 641
138 909
138 566
138 188
138 660
138 208
138 585
138 698
138 500
139 576
139 921
139 543
139 415
139 818
139 299
139 832
139 578
139 220
139 979
139 394
139 367
139 718
140 324
140 198
140 168
140 368
140 805
140 459
140 434
140 285
140 742
141 787
141 520
141 893
141 191
141 898
141 317
141 844
141 801
141 248
141 142
141 560
142 808
142 802
142 726
142 829
142 368
142 854
142 206
142 714
142 552
143 844
143 374
143 195
143 176
143 970
143 699
143 261
143 424
143 992
144 281
144 928
144 324
144 926
144 213
144 431
144 646
144 568
144 439
145 351
145 772
145 844
145 760
145 921
145 821
145 759
145 670
145 933
145 662
145 638
145 323
146 484
146 702
146 676
146 770
146 253
146 881
146 260
146 688
146 293
146 764
146 738
146 976
146 508
147 313
148 957
148 930
148 279
148 452
148 955
148 522
148 552
148 400
148 185
148 464
148 384
148 363
148 258
149 837
150 431
150 892
150 994
151 737
151 339
151 432
151 983
151 625
151 220
151 218
151 400
151 497
151 794
151 185
151 762
151 250
151 650
151 153
151 377
151 577
152 781
152 320
152 892
152 813
152 923
152 982
152 203
152 998
152 348
152 633
152 616
152 483
153 614
153 611
153 218
153 908
153 512
153 902
154 916
154 445
154 633
154 608
154 278
154 753
154 645
154 442
154 329
155 473
155 313
155 729
155 481
155 472
155 590
155 858
155 500
155 708
156 218
156 510
156 850
156 876
156 859
156 669
156 875
156 177
156 770
156 755
156 823
156 206
156 928
157 990
157 332
157 640
157 312
157 379
157 532
157 556
158 361
158 636
158 264
158 661
158 322
158 895
158 266
158 480
158 448
158 554
158 672
158 279
159 654
159 548
159 782
159 988
159 361
159 877
159 272
159 751
160 885
160 278
160 272
160 994
160 260
161 754
161 378
161 302
161 479
161 587
161 866
161 219
161 455
162 279
162 556
162 588
162 960
162 661
162 969
162 713
163 809
163 956
163 914
163 841
163 404
163 761
163 754
163 236
163 333
163 184
163 239
163 433
164 939
164 736
164 670
164 333
164 599
164 986
164 212
165 558
165 838
165 835
165 183
165 883
165 796
165 607
165 767
165 701
165 697
165 372
165 758
165 859
165 431
166 421
166 902
166 519
166 985
166 299
166 481
166 253
166 725
166 710
167 305
167 947
167 287
167 240
167 245
168 347
168 346
168 991
168 209
168 245
168 200
168 707
168 794
168 898
168 605
168 400
168 297
169 674
169 319
169 856
169 915
169 390
169 696
170 361
170 482
170 415
170 883
170 341
170 234
170 447
170 349
170 336
171 258
171 568
171 866
171 943
171 604
171 997
171 856
171 852
171 968
171 262
171 815
171 938
171 628
171 920
171 883
171 638
172 931
172 363
172 700
172 272
172 877
172 259
172 607
172 582
172 736
172 413
172 716
173 869
173 296
173 937
173 994
173 252
173 963
173 592
173 988
173 273
173 364
173 745
173 462
174 258
174 512
174 416
174 930
174 828
174 465
174 957
174 331
174 917
175 489
175 417
175 219
175 178
175 839
175 527
175 773
175 369
175 893
175 286
175 654
175 966
175 712
175 522
176 938
176 973
176 303
176 383
176 386
176 738
176 596
176 531
176 199
176 430
176 431
176 207
176 248
176 535
176 464
176 842
177 942
177 789
177 966
177 213
177 338
177 976
177 634
177 350
177 829
177 409
178 928
178 434
178 875
178 255
178 198
178 760
178 663
178 792
178 594
178 746
179 757
179 293
179 371
179 671
179 382
179 373
179 282
179 941
179 676
179 552
179 768
180 971
180 189
180 543
180 359
180 442
180 562
180 429
180 925
180 949
180 826
180 652
180 914
180 548
180 254
180 893
180 446
181 304
181 907
181 375
181 453
181 370
181 637
181 237
182 277
182 710
182 299
182 291
182 980
182 444
182 989
182 532
182 679
183 640
183 802
183 697
183 770
183 574
183 397
184 388
184 852
184 851
184 912
184 268
184 453
184 893
184 734
184 315
184 430
184 531
184 198
185 974
185 280
185 247
185 949
185 465
185 731
185 630
185 988
185 716
185 798
185 210
185 680
186 565
186 410
186 996
186 811
186 383
186 603
186 517
186 309
186 281
186 812
186 444
187 650
187 582
187 434
187 915
187 475
187 247
187 974
187 616
188 603
188 628
188 208
188 929
188 699
188 382
188 273
188 624
188 328
189 458
189 580
189 385
189 824
189 848
189 605
189 694
189 746
189 773
189 804
189 220
189 720
189 813
189 543
190 851
190 746
190 640
190 793
190 921
190 576
190 710
190 685
190 691
190 932
190 417
190 848
190 279
191 503
191 904
191 762
191 801
191 786
191 412
191 888
191 442
191 387
191 407
192 974
192 241
192 210
192 572
192 682
192 483
192 985
192 700
192 407
193 842
193 788
193 790
193 687
193 894
193 749
193 500
193 702
193 475
194 600
194 631
194 276
194 984
194 350
194 559
195 711
195 464
195 300
195 541
195 303
195 644
195 914
196 634
196 854
196 849
196 235
196 385
196 307
196 360
196 564
196 729
196 337
197 841
197 517
197 426
197 438
197 376
197 536
197 836
197 371
197 249
198 636
198 414
198 980
198 437
198 529
198 661
199 285
199 755
199 314
199 768
199 549
199 623
199 361
199 611
199 545
200 737
200 273
200 990
200 542
200 475
200 335
200 842
201 919
201 447
201 867
201 438
201 957
201 904
201 475
201 435
201 799
202 975
202 505
202 591
202 324
202 320
202 746
202 865
202 597
203 467
203 237
203 227
203 355
203 430
203 587
203 523
203 578
203 840
204 551
204 916
204 606
204 947
204 442
204 967
204 208
204 977
204 528
205 236
205 538
205 819
205 751
205 495
205 540
205 242
205 756
205 393
205 392
206 863
206 708
206 862
206 823
206 394
206 994
206 722
206 817
206 878
207 749
207 664
207 525
207 347
207 839
207 735
207 771
207 465
207 223
208 802
208 936
208 904
208 523
208 460
208 500
208 369
208 727
208 675
209 268
209 975
209 460
209 526
209 921
209 967
209 616
209 770
210 442
210 725
210 573
210 503
210 606
210 861
210 345
210 720
210 965
210 683
210 699
210 925
210 384
211 622
211 720
211 973
211 901
211 609
211 403
211 476
211 264
211 678
211 652
211 900
211 431
212 233
212 859
212 474
212 747
212 819
212 240
212 480
212 413
212 526
213 911
213 518
213 907
213 830
213 998
213 470
213 763
213 717
213 276
213 429
213 388
213 703
213 662
213 973
214 842
214 984
214 443
214 481
214 997
214 718
214 234
214 779
214 819
214 973
215 475
215 331
215 824
215 790
215 403
215 622
215 358
215 571
216 787
216 331
216 898
216 767
216 683
216 997
216 620
217 645
217 338
217 727
217 956
217 663
218 576
218 918
218 962
218 376
218 400
218 610
218 860
218 551
218 840
218 358
218 729
218 691
218 268
218 873
219 299
219 294
219 425
219 939
219 586
219 838
219 709
219 257
219 455
219 956
220 344
220 633
220 347
220 870
220 351
220 960
220 456
220 534
220 378
220 691
221 714
221 480
221 650
221 764
221 411
221 801
221 708
221 271
222 674
222 943
222 888
222 265
222 817
222 676
222 363
222 926
222 941
222 905
223 326
223 547
223 523
223 791
223 967
223 680
223 320
223 828
223 842
224 621
224 492
224 480
224 501
224 257
224 322
224 795
224 805
224 772
224 339
224 884
224 298
224 338
224 502
224 954
224 279
224 545
225 315
225 739
225 279
225 889
225 562
225 287
225 663
225 478
226 763
226 462
226 970
226 342
226 601
226 720
227 990
227 238
227 490
227 925
227 723
227 535
227 687
228 320
228 727
228 890
228 505
228 237
228 330
228 341
228 287
229 352
229 246
229 671
229 625
229 403
229 663
229 909
229 760
229 972
229 257
229 448
229 380
230 648
230 251
230 903
230 764
230 985
230 555
230 657
230 820
230 658
230 768
230 769
230 858
231 332
231 566
231 824
231 392
231 335
231 352
231 919
231 789
232 725
232 792
232 784
232 325
232 974
232 487
232 485
232 342
232 299
233 622
233 984
233 761
233 738
233 765
233 605
233 477
233 816
233 830
233 769
233 578
233 552
233 251
233 447
233 280
233 698
233 813
234 526
234 507
234 842
234 748
234 303
234 912
234 367
234 374
234 568
234 423
234 465
234 405
235 786
235 609
235 793
235 918
235 694
235 717
235 328
235 387
235 462
236 587
236 406
236 714
236 599
236 722
236 668
236 535
236 791
236 893
236 377
236 541
236 713
237 672
237 749
237 524
237 932
237 965
237 401
237 873
237 738
237 542
237 461
237 276
237 937
237 800
237 742
237 640
237 483
237 874
237 757
237 885
237 804
238 424
238 691
238 905
238 867
238 623
238 288
238 560
238 364
239 402
239 907
239 312
239 521
239 771
239 615
239 993
240 921
240 814
240 457
240 599
240 919
240 426
240 658
240 721
240 879
240 353
241 480
241 732
241 375
241 803
242 326
242 411
242 918
242 775
242 299
242 284
243 282
243 510
243 914
243 713
243 719
243 874
243 472
243 501
243 519
243 877
243 681
244 768
244 347
244 712
244 496
244 992
244 736
244 748
245 716
245 797
245 650
245 819
245 565
245 812
246 595
246 916
246 312
246 664
246 957
246 288
246 567
246 343
246 296
247 499
247 922
247 508
247 623
247 460
248 774
248 742
248 312
248 943
248 770
248 439
248 738
248 840
248 797
249 868
249 999
249 411
249 500
249 508
249 403
249 486
249 414
249 338
249 598
249 993
250 872
250 989
250 662
250 265
250 703
250 417
250 724
250 397
250 599
251 952
251 425
251 896
251 816
251 780
251 538
251 642
251 364
251 871
251 745
251 737
251 591
251 588
251 330
252 661
253 763
253 915
253 425
253 682
253 908
253 436
253 941
253 851
253 946
253 764
253 620
254 355
254 282
254 603
254 451
254 475
254 566
254 746
254 689
255 873
255 785
255 374
255 823
255 708
255 821
255 434
255 277
256 642
256 998
256 583
256 400
256 990
256 991
256 320
256 964
256 703
257 791
257 970
257 499
257 751
257 999
257 425
258 611
258 641
258 922
258 614
258 751
258 358
259 617
259 529
259 858
259 657
259 637
259 954
259 435
259 465
259 342
260 857
260 382
260 500
260 775
260 845
260 451
261 307
261 383
261 906
261 665
261 572
261 987
261 294
261 336
262 377
262 578
262 661
262 676
262 892
263 581
263 804
263 940
263 337
263 953
263 771
264 421
264 920
264 570
264 863
264 634
265 397
265 828
265 959
265 597
265 734
266 651
266 882
266 826
266 396
266 399
266 833
266 439
266 848
266 857
266 974
266 887
266 842
266 924
266 916
266 869
267 561
267 329
267 311
267 424
267 841
268 452
268 575
268 318
268 412
268 548
268 915
268 477
268 403
269 464
269 907
269 484
269 454
269 768
270 786
270 810
270 780
270 476
270 354
270 915
271 570
271 850
271 531
271 651
271 619
271 908
272 786
272 423
272 759
272 840
272 818
272 357
272 680
272 298
273 665
273 980
273 775
273 286
273 349
273 589
273 969
273 761
273 928
273 645
273 543
274 675
274 653
274 373
274 505
274 326
274 766
274 396
274 767
274 608
274 578
274 805
274 489
275 524
275 424
275 287
275 749
275 386
275 421
276 847
276 292
276 288
276 659
276 931
276 595
276 810
277 924
277 604
277 977
277 994
277 712
277 705
277 325
277 486
278 790
278 688
278 376
278 708
278 679
278 941
278 966
278 687
278 303
278 301
279 368
279 607
279 897
279 910
279 987
279 850
279 706
279 800
280 282
280 453
280 626
280 964
280 367
280 949
280 497
280 711
280 395
280 984
281 781
281 719
281 905
281 882
281 975
281 985
281 729
281 708
281 699
281 285
281 435
282 453
282 391
282 407
282 882
282 865
282 517
282 389
282 729
283 629
283 742
283 948
283 614
283 656
283 924
283 284
283 404
283 557
284 350
284 916
284 288
284 353
284 433
284 381
284 479
284 999
284 754
285 367
285 730
285 915
285 557
285 829
285 757
285 939
285 948
285 646
285 860
286 735
286 819
286 555
286 908
286 513
286 677
286 487
286 404
286 815
286 746
286 470
286 450
286 383
286 393
287 833
287 528
287 466
287 376
287 660
287 460
287 352
288 917
288 707
288 638
288 869
288 593
289 516
289 806
289 536
289 822
289 893
289 523
289 733
289 710
289 734
289 595
289 646
289 842
290 616
290 604
290 666
290 881
290 965
290 820
290 623
290 970
290 634
290 577
291 792
291 317
291 391
291 559
291 460
291 875
291 980
291 892
292 644
292 463
292 786
292 366
292 428
292 749
293 639
293 865
293 297
293 844
293 357
293 939
293 821
293 339
293 380
293 693
293 572
293 500
294 889
294 941
294 641
294 647
294 783
294 852
294 588
294 771
295 970
295 654
295 937
295 767
295 982
295 544
295 739
295 325
295 744
295 603
295 973
295 619
295 696
295 505
296 536
296 582
296 641
296 671
296 480
296 864
296 326
296 482
296 601
297 959
297 671
297 449
297 767
297 998
297 501
297 810
297 714
297 807
297 343
297 845
297 562
298 852
298 484
298 398
298 433
298 889
298 613
298 515
298 316
299 435
299 924
299 873
299 864
299 456
299 923
299 820
299 403
299 388
299 803
300 551
300 548
300 599
300 800
300 344
300 517
300 594
300 349
300 862
301 468
301 671
301 706
301 602
301 986
301 967
301 762
301 667
302 481
302 515
302 340
302 703
302 900
302 642
302 817
302 494
302 628
302 632
303 456
303 673
303 923
303 708
303 622
303 480
303 803
303 585
303 451
303 759
304 972
304 324
304 534
304 542
304 544
304 522
304 852
304 417
304 588
304 977
305 473
305 718
305 459
305 368
305 370
305 666
305 680
305 646
305 788
305 416
306 953
306 398
306 646
306 643
306 680
306 585
306 917
306 557
306 391
306 728
306 328
306 559
307 807
307 501
307 339
307 688
307 332
307 450
307 566
307 627
308 636
308 817
308 532
308 470
308 588
308 751
308 474
308 523
309 421
309 352
309 631
309 626
309 359
310 680
310 993
310 779
310 824
310 320
310 927
310 466
310 659
310 860
310 883
310 394
310 724
310 660
311 452
311 633
311 854
311 677
311 328
311 400
312 618
312 574
312 800
312 314
312 605
313 366
313 327
313 520
313 585
313 477
313 487
313 964
313 418
313 872
313 948
313 398
314 824
314 919
314 788
314 370
314 672
314 861
314 783
314 754
314 709
315 664
315 853
315 630
315 463
315 606
315 539
315 500
315 580
315 624
315 322
316 403
316 550
316 490
316 404
317 373
317 588
317 479
317 453
317 611
317 795
317 546
317 763
317 536
317 359
318 471
318 913
318 629
318 831
318 494
318 610
318 857
319 753
319 431
319 761
319 599
319 642
319 506
320 528
320 773
320 983
320 544
320 543
320 868
320 849
320 497
320 914
320 441
320 496
320 801
320 919
321 457
321 788
321 883
321 372
321 705
321 407
321 834
321 643
321 754
321 614
321 922
321 783
321 486
321 784
321 881
321 746
322 552
322 725
322 640
322 559
322 465
322 647
322 360
322 329
323 849
323 937
323 458
323 970
323 542
323 702
323 368
323 835
323 979
323 660
323 617
323 789
324 806
324 675
324 901
324 593
324 343
324 395
324 802
325 935
325 632
325 522
325 643
325 360
325 537
325 605
326 994
326 328
326 580
326 978
326 462
326 511
326 388
326 924
326 826
326 471
326 596
326 608
326 958
327 634
327 986
327 875
327 960
327 737
327 852
328 918
328 858
328 478
329 514
329 995
329 429
329 948
329 776
329 910
329 457
330 411
330 601
330 512
330 874
330 914
330 719
330 796
330 716
331 744
331 911
331 417
331 484
331 623
331 987
331 386
332 631
332 403
332 397
332 490
332 760
332 618
332 500
332 677
332 572
333 335
333 476
333 504
334 912
334 488
334 977
334 567
334 525
334 687
334 711
335 758
335 353
335 528
335 787
335 445
335 629
335 448
335 564
335 412
336 714
336 981
336 354
336 866
336 498
336 396
336 769
336 376
336 851
336 948
336 819
337 864
337 762
337 705
337 416
337 662
337 644
338 751
338 587
338 575
338 490
338 632
339 729
339 760
339 860
339 890
339 519
340 966
340 372
340 566
340 427
340 804
340 729
340 501
340 695
341 692
341 432
341 926
341 633
341 448
341 855
341 356
341 364
341 429
342 887
342 968
342 748
342 378
342 515
342 584
342 468
342 962
342 657
342 853
342 403
342 892
343 947
343 717
343 889
343 627
343 899
343 769
343 971
344 625
344 776
344 939
344 836
344 850
344 402
344 841
345 657
345 362
345 780
345 415
345 888
345 729
345 996
345 984
345 945
346 607
346 384
346 840
346 934
346 369
346 904
346 542
346 892
347 773
347 584
347 715
347 861
347 751
347 483
347 826
347 818
347 482
348 787
348 376
348 556
349 782
349 481
349 521
349 372
349 351
349 485
350 599
350 362
350 921
350 798
350 410
351 892
351 464
351 953
351 841
351 702
351 778
351 872
351 688
351 787
351 866
351 482
351 440
351 400
352 904
352 687
352 554
352 861
352 925
352 441
352 824
353 378
353 506
353 934
353 458
354 513
354 603
354 793
354 643
354 464
354 809
354 543
354 701
355 649
355 479
355 682
355 577
355 558
355 799
355 757
356 791
356 658
356 475
356 402
356 434
356 595
356 798
357 659
357 425
357 798
357 447
357 746
357 575
357 496
357 468
357 375
357 790
358 460
358 634
358 910
358 851
358 620
358 507
358 471
359 951
359 748
359 555
360 484
360 762
360 531
360 667
360 971
360 605
360 922
360 927
360 580
361 936
361 583
361 609
361 577
361 704
362 953
362 881
362 632
362 698
362 642
362 539
363 962
363 965
363 579
363 695
363 812
363 398
363 580
363 890
363 455
363 365
363 966
363 774
363 865
363 694
364 594
364 581
364 538
364 714
364 737
364 957
364 392
365 862
365 934
365 976
365 737
365 496
365 950
365 998
365 783
365 653
365 739
365 704
365 895
365 572
366 978
366 832
366 899
366 709
367 468
367 400
367 984
367 523
367 932
367 473
367 666
367 419
368 531
368 432
368 500
368 751
368 948
368 892
368 688
368 557
368 637
368 646
368 448
368 757
368 682
369 513
369 405
369 768
369 787
369 796
369 502
369 483
370 999
370 882
370 822
370 918
370 626
370 810
370 375
370 555
371 821
371 510
371 793
371 556
372 614
372 510
372 636
372 522
372 802
372 962
373 819
373 976
374 948
374 999
374 455
374 640
374 591
375 699
375 709
375 398
376 501
376 384
376 980
376 988
376 943
376 723
376 542
376 966
377 941
377 746
377 925
377 687
377 742
377 586
377 645
377 449
377 784
377 448
377 522
378 408
378 760
378 657
378 959
378 617
378 575
378 481
378 748
378 811
378 430
378 893
379 968
379 895
379 418
379 648
379 890
379 428
379 483
379 969
379 796
380 491
380 558
380 574
380 961
380 738
380 904
381 526
381 739
381 415
381 422
381 555
381 602
381 730
381 835
381 438
381 744
382 564
382 497
382 935
382 445
382 682
382 740
382 769
382 775
382 932
382 546
383 773
383 434
383 486
383 449
383 403
383 860
384 475
384 881
384 566
384 651
384 607
384 404
384 715
384 385
385 486
385 485
385 540
385 696
386 768
386 923
386 823
386 918
386 952
386 595
386 699
386 505
387 739
387 707
387 786
387 637
387 556
388 766
388 526
388 843
388 677
388 939
388 941
388 933
388 786
389 728
389 564
389 982
389 480
389 947
389 734
389 883
389 993
389 481
389 396
389 718
390 397
390 984
390 459
391 560
391 495
391 997
391 602
391 545
392 903
392 836
392 539
392 601
392 703
392 921
392 893
392 938
392 491
392 962
393 740
393 852
393 572
393 440
393 563
393 760
393 975
393 878
393 401
394 888
394 436
394 986
394 563
394 552
394 831
394 582
394 729
394 626
395 628
395 941
395 506
395 952
395 477
395 463
395 881
396 764
396 427
396 517
396 787
396 498
397 503
397 732
397 797
397 651
397 482
397 779
397 804
397 620
397 713
398 830
398 576
398 559
398 444
399 675
399 578
399 811
399 834
399 450
399 799
399 720
399 943
399 909
399 633
400 915
400 470
400 890
400 871
400 724
400 408
400 455
400 583
400 664
401 912
401 880
401 594
401 857
401 557
401 499
401 593
402 656
402 832
402 481
402 597
402 509
402 621
402 823
403 765
403 846
403 784
403 686
403 466
403 907
403 869
403 767
404 912
404 444
404 945
404 862
404 696
404 740
405 706
405 711
405 754
405 674
405 454
405 779
405 843
405 606
405 592
406 935
406 756
406 407
406 447
406 477
407 872
407 583
407 434
407 677
407 859
407 970
407 773
407 789
408 553
408 410
408 483
409 708
409 792
409 706
409 719
409 906
409 573
409 577
409 802
410 523
410 706
410 658
410 551
411 435
411 769
411 558
411 492
411 528
411 734
411 523
411 696
411 820
412 680
412 471
412 860
412 871
412 574
413 633
413 876
413 868
413 530
413 942
413 496
413 655
414 702
414 531
414 582
414 712
414 972
414 522
414 918
415 988
415 557
415 947
415 652
415 922
415 789
415 425
415 634
415 962
416 638
416 676
416 713
416 727
416 658
416 998
417 638
417 989
417 843
417 568
417 693
417 523
417 852
417 931
417 483
417 719
417 549
418 476
418 906
418 528
418 860
418 622
418 572
419 957
419 700
419 698
419 433
419 443
419 462
419 798
419 546
420 521
420 619
420 801
421 835
421 533
421 656
421 917
421 764
421 541
422 646
422 483
423 438
423 648
423 852
423 473
423 670
423 728
423 826
423 611
424 705
424 851
424 686
424 906
424 950
425 742
425 667
425 790
425 670
425 883
425 586
425 824
425 780
425 428
425 756
425 710
426 793
426 467
426 966
426 449
426 804
426 586
426 541
427 759
427 829
427 830
427 983
427 943
427 700
428 890
428 755
428 690
428 565
428 727
428 785
428 713
429 439
429 584
429 505
429 446
429 467
429 904
429 801
429 455
429 802
430 885
430 439
430 499
431 987
431 444
431 847
431 588
431 662
432 926
432 857
432 990
432 613
432 834
432 692
432 726
433 591
433 868
433 708
434 730
434 646
434 560
434 641
434 513
434 713
434 604
434 530
434 890
435 857
435 556
436 944
436 495
436 666
436 556
436 700
436 962
436 940
437 801
437 601
437 966
437 887
437 805
437 493
437 548
437 892
438 566
438 749
438 616
438 917
438 526
438 782
438 734
438 612
439 983
439 709
439 865
439 793
439 987
439 482
439 807
439 447
440 614
440 539
440 996
440 618
440 875
440 931
440 529
440 670
441 933
441 557
441 502
442 746
442 837
442 910
442 976
443 953
443 648
443 905
443 685
443 997
444 840
444 467
444 774
444 525
444 573
445 964
445 665
445 459
445 828
445 508
445 714
445 900
445 730
446 567
446 854
446 451
446 994
446 462
446 796
446 865
446 821
446 826
446 555
447 589
447 704
447 830
447 861
447 964
447 451
447 580
447 720
447 590
448 927
448 823
448 581
448 625
448 579
448 452
449 602
449 969
449 508
449 849
449 619
450 861
450 972
450 577
450 902
450 659
450 929
450 764
450 923
450 904
450 451
451 615
451 815
451 663
451 920
451 730
452 556
452 772
452 845
452 835
453 519
453 827
453 530
453 986
453 553
453 675
453 991
453 961
453 690
454 577
454 620
454 846
454 555
454 878
454 849
454 706
455 947
455 657
455 916
455 638
455 707
455 547
455 929
455 499
455 955
455 559
456 500
456 834
456 812
456 878
456 800
456 920
457 640
457 578
457 600
457 816
458 476
458 570
458 999
459 712
459 972
459 927
460 727
460 978
460 842
460 598
460 476
460 982
461 588
461 988
461 680
461 691
461 744
461 649
461 948
462 740
462 485
462 940
462 573
463 986
463 962
463 831
463 682
463 553
463 671
463 610
463 620
463 802
463 830
464 534
464 699
464 735
464 956
464 639
464 606
464 550
464 788
464 955
464 923
464 968
465 641
465 780
465 799
465 809
465 563
465 911
465 943
466 922
466 923
466 740
466 639
466 635
466 980
466 756
467 788
467 846
467 928
468 934
468 892
469 958
469 814
469 700
469 495
470 637
470 908
470 590
470 727
470 805
470 769
470 495
471 661
471 691
471 935
471 593
471 616
471 844
471 896
471 812
471 741
472 836
472 835
472 585
472 966
472 494
472 984
472 842
473 848
473 491
473 573
473 637
473 897
474 970
474 478
474 577
474 836
474 710
474 830
474 932
474 681
475 850
475 865
475 542
476 916
476 750
476 996
476 925
476 614
476 489
476 667
476 772
477 987
477 657
477 954
477 791
477 820
477 693
477 511
477 961
478 962
478 547
478 747
478 516
478 573
479 884
479 592
479 891
479 651
479 770
479 555
480 741
480 832
481 643
481 570
481 895
481 871
481 794
481 598
481 978
482 967
482 502
482 804
482 905
482 594
482 983
482 841
482 552
483 599
483 708
483 622
483 602
483 706
483 583
483 681
484 870
484 526
484 489
484 504
484 633
484 604
484 710
485 760
485 499
485 807
485 887
485 533
485 977
485 963
485 552
485 859
485 981
486 719
486 595
486 768
486 616
486 608
486 820
486 565
486 750
486 999
487 923
487 831
487 996
487 549
487 933
487 925
487 808
487 916
487 873
488 932
488 655
488 696
488 752
488 956
489 940
489 516
489 511
489 822
489 578
489 519
490 571
490 942
490 675
490 948
490 565
490 619
490 550
490 716
490 701
491 500
491 935
491 953
491 663
491 602
491 823
492 680
492 803
492 937
492 866
492 603
493 506
493 502
493 944
493 663
493 895
493 979
493 841
493 755
494 616
494 518
494 656
494 726
494 558
494 664
495 584
495 827
495 784
495 925
495 726
495 715
495 984
496 741
496 897
496 682
496 502
496 543
496 980
496 757
496 794
496 583
497 852
497 772
497 767
498 756
498 521
498 971
498 811
498 835
499 786
499 726
499 685
499 700
499 841
499 871
499 867
499 984
499 584
499 964
499 647
500 811
500 940
500 728
500 860
500 620
500 972
500 662
501 812
501 663
501 619
501 583
501 721
501 788
501 580
501 938
501 805
501 555
502 785
502 846
502 899
502 813
502 742
502 771
503 741
503 913
503 906
503 870
503 799
503 744
503 511
503 605
504 884
504 582
504 885
504 827
504 990
505 961
505 858
505 929
506 586
506 954
506 794
506 729
506 511
506 660
506 743
506 906
506 986
507 584
507 946
507 916
507 999
507 657
507 959
507 686
508 740
508 904
508 651
508 849
509 774
509 760
509 510
509 903
509 943
509 662
509 579
509 620
510 537
510 897
510 579
510 945
510 940
510 811
510 861
511 583
511 743
511 552
511 978
511 654
511 857
511 603
512 761
512 569
512 650
512 725
512 525
512 684
513 937
513 675
513 753
513 686
514 737
514 763
514 808
514 868
515 881
515 734
515 625
515 826
515 980
515 640
515 938
516 868
516 905
516 987
516 587
516 861
516 767
517 879
517 983
517 846
517 772
517 574
517 931
518 559
518 890
518 861
518 617
518 648
519 788
519 609
520 909
520 768
520 555
520 847
520 749
520 721
520 581
521 601
521 943
521 602
522 948
522 849
522 780
522 697
522 995
523 834
523 891
523 875
523 653
523 617
523 636
523 632
524 994
524 766
524 958
524 952
524 892
524 652
524 909
525 595
525 862
525 598
525 736
525 959
525 895
525 873
526 671
526 899
526 585
526 775
526 660
527 550
527 657
527 877
527 812
527 811
527 777
528 946
528 636
528 615
528 726
529 981
529 889
529 579
530 768
530 681
530 695
530 871
530 720
530 798
530 731
531 581
531 540
531 947
531 738
531 866
531 533
532 937
532 728
532 789
532 942
532 961
533 918
533 759
533 655
534 915
534 730
534 951
534 892
534 978
534 866
534 925
534 555
535 852
535 850
535 586
535 795
535 582
535 639
536 693
536 663
536 553
536 876
536 720
536 709
536 856
536 915
536 681
537 722
537 978
537 769
537 956
537 731
538 809
538 733
538 805
538 871
538 755
538 598
538 619
538 740
538 569
538 989
539 776
539 939
539 749
539 620
539 780
539 699
540 992
540 817
540 554
540 722
540 590
540 622
540 808
541 759
541 886
541 811
541 799
542 898
542 934
542 860
542 958
542 724
542 632
543 812
543 767
543 771
544 974
544 758
544 810
544 592
544 912
545 991
545 787
545 613
545 914
545 886
545 884
545 745
545 983
545 565
546 862
546 939
546 832
546 686
547 993
547 940
547 658
547 758
547 717
547 551
547 695
547 797
548 591
548 699
548 984
548 601
548 953
548 964
549 590
549 681
549 842
549 859
549 789
549 753
549 735
550 801
550 612
550 618
550 644
550 665
550 760
550 823
550 726
550 811
550 575
550 666
551 653
551 902
551 917
551 787
552 970
552 563
552 743
552 630
552 815
552 692
552 705
553 955
553 772
553 945
554 705
555 741
555 951
555 731
555 789
555 908
555 906
555 976
555 717
556 736
556 941
556 927
556 888
557 564
557 803
557 855
557 799
558 922
558 725
558 677
558 669
558 880
558 946
559 605
559 692
559 952
559 710
559 721
559 880
560 962
560 998
560 789
560 779
560 867
561 661
561 851
561 723
562 961
562 840
562 828
562 854
562 729
562 925
562 944
563 706
563 919
563 908
563 968
564 783
564 786
564 770
564 773
564 644
565 980
565 963
565 923
565 645
565 754
565 608
566 916
566 869
566 901
566 861
566 690
566 855
566 966
566 648
567 631
568 889
568 840
568 662
568 770
569 929
569 757
569 693
569 969
569 802
569 730
569 587
570 630
570 907
570 831
570 957
570 835
570 769
571 815
571 684
571 957
571 765
571 699
571 770
571 660
571 868
571 653
572 750
572 751
572 745
572 692
572 802
572 610
572 693
573 936
573 816
573 591
573 844
573 766
573 699
574 841
574 617
574 577
574 840
574 648
574 874
575 613
575 595
575 800
575 774
575 715
576 908
576 770
576 974
576 670
576 666
577 812
577 785
577 946
578 849
578 961
578 694
578 750
578 604
578 678
578 771
579 727
579 662
579 683
580 924
580 690
580 988
580 945
580 686
580 852
580 685
581 743
581 808
581 647
581 947
581 610
581 603
581 862
581 787
581 791
582 996
582 812
582 933
582 857
583 917
584 901
584 981
585 746
585 988
585 893
585 717
586 796
586 909
586 846
587 985
587 867
587 949
587 790
588 875
588 967
588 594
588 621
589 672
589 953
589 775
589 709
589 601
589 877
590 795
590 682
591 748
591 819
592 823
592 794
593 661
593 721
593 723
593 982
593 642
593 596
593 637
594 823
594 684
594 888
594 952
594 764
594 834
594 718
594 757
595 793
595 911
595 661
595 965
596 821
596 759
596 728
596 880
596 982
596 681
596 945
597 830
597 844
597 889
597 948
597 968
597 943
598 879
598 637
598 663
598 632
598 970
599 767
599 827
599 973
599 862
600 990
600 912
600 856
600 614
600 991
600 763
600 620
601 986
601 855
601 637
601 697
602 774
602 801
602 807
603 681
603 694
603 776
603 854
603 635
603 752
603 773
603 744
603 943
603 675
604 853
604 611
604 978
604 955
604 698
604 734
605 701
605 771
605 954
605 966
605 906
606 669
606 698
606 976
607 827
607 986
607 808
607 765
608 743
608 867
608 741
608 796
609 865
609 641
609 817
610 772
610 807
610 645
611 768
611 841
611 989
611 896
612 894
612 956
612 808
612 877
612 803
612 868
612 807
612 927
613 720
613 653
613 837
614 721
614 800
614 617
615 645
615 701
616 913
616 820
617 704
617 874
617 828
618 950
618 931
618 774
619 685
619 997
619 791
619 993
620 852
620 870
620 837
620 676
620 729
620 721
620 651
620 802
620 995
621 981
621 915
621 881
621 711
622 921
622 876
623 878
623 720
623 928
623 703
623 698
624 842
624 969
624 907
624 655
625 786
625 876
626 829
626 896
627 840
627 933
627 718
627 649
627 903
628 805
628 970
628 869
628 821
628 937
629 961
629 659
629 657
629 742
630 863
631 909
631 651
631 636
631 957
632 784
632 707
632 641
632 937
633 670
633 711
634 930
634 971
634 862
634 723
634 892
635 717
635 752
635 832
635 973
635 887
635 723
635 703
636 910
636 656
636 871
636 737
636 902
636 640
637 658
637 676
637 691
637 895
637 718
637 758
637 878
637 859
637 659
637 849
638 764
638 709
638 807
638 999
638 933
639 873
639 648
639 744
639 826
640 922
640 951
640 925
640 936
640 742
640 679
642 897
642 780
642 788
642 814
643 750
643 991
643 846
644 948
644 905
644 864
644 828
644 978
645 904
645 763
645 705
645 990
645 939
646 845
646 786
646 733
646 934
646 676
646 937
647 949
647 786
648 788
648 690
648 766
648 842
649 759
649 874
649 802
650 692
650 885
650 875
650 724
650 945
650 917
650 951
650 745
651 854
652 923
652 742
652 905
652 671
652 772
653 972
653 948
653 913
653 772
653 770
653 993
653 727
654 666
654 881
654 719
654 970
655 754
655 944
655 923
655 833
656 834
656 822
656 791
656 661
656 665
656 995
657 855
658 745
658 957
658 797
658 667
659 720
659 819
660 905
661 895
661 940
661 930
661 921
662 992
662 966
662 942
662 965
663 759
663 857
663 819
663 901
663 954
663 859
663 834
664 801
664 925
664 975
664 748
664 734
664 675
664 900
664 817
665 793
665 686
665 971
666 763
666 742
667 765
667 712
668 902
668 872
668 898
669 946
669 705
669 911
669 853
670 819
670 684
670 772
670 917
671 751
671 685
671 937
671 944
671 761
672 749
672 901
672 917
672 914
672 943
673 814
673 894
674 828
675 754
675 883
675 818
675 880
676 713
676 864
676 989
676 741
676 812
677 779
677 791
677 697
677 832
677 968
677 876
678 927
678 870
678 811
678 896
679 780
679 734
679 983
679 718
679 982
680 718
680 821
680 980
681 843
681 802
681 848
681 897
681 812
682 691
682 905
682 765
682 849
682 961
682 746
682 852
683 817
683 801
683 816
684 871
684 838
684 947
684 787
684 823
685 863
685 755
685 998
685 945
685 942
686 754
686 986
686 950
686 845
686 852
687 859
687 732
687 954
687 733
688 703
688 801
689 878
689 986
690 748
690 702
690 746
690 971
690 699
690 842
691 740
691 702
691 987
691 824
692 763
693 845
694 886
695 763
695 879
696 927
696 963
697 842
697 706
697 964
697 708
697 718
697 756
697 910
698 794
698 761
698 939
698 938
699 923
699 817
700 982
701 738
701 984
702 901
702 915
702 816
702 920
703 774
703 958
703 993
704 943
704 967
704 756
704 850
705 980
705 725
706 756
706 849
706 806
706 869
706 727
707 924
707 727
707 976
707 935
707 768
708 738
708 949
709 876
709 995
710 945
710 878
710 734
710 733
710 910
711 914
711 886
711 794
711 756
712 785
712 871
713 921
713 958
714 978
714 961
714 894
714 976
715 822
715 790
715 757
715 892
716 754
716 980
716 994
716 902
717 997
717 748
717 981
717 796
718 797
718 777
718 947
720 762
720 779
721 990
721 797
721 762
721 736
722 788
722 726
722 736
722 986
722 749
722 910
723 946
723 892
723 836
724 818
724 984
724 843
724 902
725 779
725 770
725 851
725 923
726 966
726 844
726 942
726 756
727 885
727 972
727 827
727 810
727 895
727 990
728 804
728 859
729 773
729 813
729 917
729 782
730 894
730 820
730 877
730 827
731 873
732 967
732 812
732 888
733 904
733 842
733 840
734 792
734 958
734 811
734 986
734 903
735 820
735 883
735 853
736 805
736 881
737 785
738 938
738 788
738 805
738 930
739 911
739 833
740 948
740 943
740 965
740 850
740 747
740 773
742 753
742 846
742 770
743 976
743 956
744 930
744 836
745 912
745 777
745 759
746 763
746 773
747 765
747 805
748 972
748 865
748 810
748 809
749 786
749 863
750 784
750 988
750 893
750 757
750 868
752 915
752 855
752 998
752 818
752 932
753 960
753 852
755 820
755 857
755 949
755 995
755 918
756 942
756 900
756 868
756 986
757 862
757 767
757 759
757 871
758 793
758 951
758 994
758 787
758 784
759 991
759 876
759 968
759 949
760 916
761 972
762 767
762 914
762 819
763 796
763 916
763 871
764 850
765 895
765 831
766 959
766 831
766 894
767 781
767 901
767 871
767 920
768 851
768 827
770 954
770 804
770 987
771 871
771 934
771 911
772 795
772 965
772 835
772 910
773 845
773 921
774 859
774 946
774 955
775 778
775 989
776 857
776 863
776 995
776 816
777 968
777 904
777 840
778 910
778 959
778 804
778 936
779 950
779 910
779 992
779 813
780 924
780 982
780 882
781 893
782 804
782 797
782 983
782 985
783 920
783 976
783 802
783 918
783 864
783 884
784 794
784 891
785 873
785 868
786 982
786 838
786 916
787 866
787 920
787 897
787 963
787 792
788 823
788 865
788 933
789 957
790 917
790 798
790 834
791 908
791 839
791 968
792 897
793 808
794 919
794 895
794 980
795 896
796 858
797 992
797 974
797 940
797 996
798 942
798 904
798 843
799 818
799 893
800 905
801 844
801 929
801 892
801 890
802 851
802 940
802 822
803 973
803 831
803 816
804 810
804 988
805 984
805 810
805 926
805 832
806 996
806 847
806 859
808 886
809 910
809 996
810 964
810 836
810 837
810 887
812 862
812 900
813 992
813 903
813 823
815 905
816 862
816 965
817 998
817 886
817 972
818 892
818 935
819 827
820 958
820 878
820 994
821 855
821 875
821 918
822 980
823 939
824 835
825 971
825 979
825 924
825 904
826 962
826 963
827 988
827 917
828 885
828 902
828 989
829 971
829 870
829 939
829 846
830 950
830 876
830 941
831 868
831 920
831 947
832 974
832 872
833 910
834 998
834 979
834 956
836 913
836 924
837 839
837 873
838 907
838 858
839 961
839 872
839 959
839 946
839 938
840 869
840 993
840 914
841 936
842 974
842 911
842 843
843 999
844 889
844 897
845 908
845 875
846 959
846 879
846 915
847 949
847 919
848 874
848 906
848 964
848 961
849 856
849 947
849 908
850 989
851 949
851 991
851 998
851 922
851 945
853 955
853 891
853 857
853 904
853 932
854 880
854 917
855 881
855 919
856 921
856 990
858 904
858 949
858 987
858 907
859 979
860 875
860 895
861 873
861 889
864 891
864 920
864 952
865 922
866 949
866 897
866 868
867 946
867 887
869 910
870 900
870 971
870 930
870 985
871 993
871 998
871 961
872 915
872 897
872 993
872 964
872 998
873 918
874 958
875 888
875 924
875 878
877 931
878 888
878 979
878 887
879 984
882 904
883 884
883 919
884 942
884 920
887 890
887 913
888 986
889 923
891 920
891 906
891 901
891 924
891 953
893 989
893 902
894 943
894 956
895 969
895 933
895 920
897 937
897 929
897 959
897 946
899 978
899 933
900 992
900 933
901 983
903 951
903 965
904 971
907 963
908 974
908 986
910 954
912 981
913 918
913 988
915 932
915 966
916 941
916 976
916 927
917 996
917 934
918 965
918 948
918 932
919 976
919 980
920 963
920 922
920 942
920 944
921 982
924 969
924 941
925 981
927 945
929 965
929 973
935 958
935 974
936 972
936 947
940 943
941 962
941 991
941 957
941 965
941 961
943 959
943 998
947 985
948 968
962 980
967 978
969 977
970 989
971 977
974 998
