VERTICES = 1000
EDGES = 7000
0 55
0 724
0 18
0 355
0 207
0 101
0 995
0 108
0 67
0 638
0 952
0 655
0 767
0 764
0 852
1 760
1 224
1 198
1 784
1 440
1 222
1 41
1 557
1 445
1 967
2 729
2 228
2 951
2 180
2 125
2 863
2 209
2 185
2 898
2 284
2 506
2 890
2 158
2 985
2 67
3 577
3 530
3 459
3 614
3 452
3 344
3 126
3 848
3 360
3 156
3 775
3 428
3 835
3 953
4 911
4 362
4 943
4 107
4 643
4 501
4 824
4 976
4 907
4 235
4 495
4 199
4 491
4 569
4 862
4 658
5 223
5 481
5 390
5 145
5 513
5 184
5 456
5 86
5 363
5 935
5 959
5 768
5 659
5 976
5 76
5 134
5 574
6 219
6 804
6 723
6 521
6 313
6 458
6 697
6 703
6 457
6 727
6 758
6 985
6 681
6 191
7 739
7 126
7 492
7 28
7 844
7 649
7 822
7 206
7 100
7 892
7 283
7 181
7 632
8 251
8 397
8 10
8 837
8 773
8 821
8 705
8 872
8 14
8 23
9 130
9 401
9 833
9 58
9 174
9 382
9 196
9 852
9 884
9 566
10 343
10 395
10 337
10 702
10 104
10 481
10 924
10 234
10 321
10 908
10 431
10 399
11 803
11 219
11 504
11 503
11 144
11 332
11 505
11 494
11 263
12 131
12 632
12 485
12 746
12 919
12 371
12 430
12 415
12 869
13 367
13 876
13 628
13 803
13 686
13 637
13 804
13 15
13 229
13 174
13 848
13 729
13 478
14 954
14 274
14 196
14 635
14 63
14 987
14 824
14 132
14 785
14 624
14 861
14 906
14 900
15 660
15 651
15 542
15 67
15 766
15 330
15 424
15 861
15 136
15 239
15 539
15 131
15 849
15 431
15 182
16 26
16 608
16 957
16 612
16 907
16 456
16 603
16 496
16 366
16 864
16 736
16 392
16 501
17 540
17 109
17 714
17 768
17 576
17 475
17 478
17 65
17 986
17 637
17 991
17 589
17 896
17 360
17 638
17 138
17 866
17 961
17 607
17 152
18 722
18 534
18 639
18 652
18 656
18 923
18 71
18 775
18 479
18 323
18 757
18 521
18 849
19 317
19 133
19 371
19 390
19 584
19 863
19 67
19 340
19 613
19 384
20 701
20 228
20 772
20 423
20 305
20 970
20 959
20 45
20 794
20 817
20 354
21 38
21 648
21 219
21 671
21 756
21 381
21 390
21 618
21 162
21 651
21 959
21 289
21 456
21 339
21 721
21 491
21 399
21 158
22 908
22 105
22 976
22 164
22 851
22 727
22 656
22 943
22 195
22 826
22 715
22 302
22 83
22 464
22 827
23 963
23 841
23 370
23 396
23 652
23 563
23 798
23 783
23 952
23 927
24 208
24 832
24 863
24 489
24 343
24 850
24 249
24 998
24 404
24 778
24 668
24 677
25 591
25 638
25 335
25 558
25 757
25 456
25 249
25 750
25 341
25 35
25 627
25 237
25 313
25 410
26 735
26 374
26 658
26 816
26 413
26 449
26 924
26 789
26 142
26 733
26 442
26 536
26 36
26 347
26 163
27 671
27 938
27 848
27 71
27 412
27 474
27 220
27 672
27 222
28 631
28 67
28 150
28 986
28 176
28 927
28 98
28 434
28 983
28 624
28 301
28 406
28 848
28 514
28 509
28 595
28 865
28 39
28 458
28 143
29 396
29 585
29 662
29 873
29 906
29 74
29 201
29 514
29 65
29 808
29 184
29 663
29 490
29 729
29 861
29 698
29 389
29 999
29 470
30 579
30 763
30 996
30 199
30 671
30 69
30 46
30 817
30 164
30 136
30 715
30 354
30 594
31 315
31 132
31 237
31 839
31 647
31 85
31 232
31 287
31 737
31 111
31 606
31 997
31 542
31 33
32 370
32 831
32 342
32 695
32 685
32 321
32 643
32 868
32 310
32 55
32 778
32 912
32 211
32 52
32 464
33 965
33 208
33 298
33 175
33 250
33 422
33 527
33 802
33 653
33 682
34 804
34 494
34 323
34 399
34 700
34 499
34 442
34 939
34 737
34 597
34 449
34 898
34 925
35 418
35 941
35 651
35 913
35 777
35 832
35 257
35 326
35 215
35 530
36 878
36 759
36 589
36 722
36 515
36 56
36 710
36 744
36 695
36 959
36 994
36 550
37 365
37 452
37 703
37 350
37 431
37 381
37 214
37 780
37 290
37 333
37 197
37 275
37 347
37 878
37 617
37 494
38 99
38 312
38 815
38 751
38 444
38 470
38 537
39 234
39 401
39 350
39 829
39 54
39 650
39 563
39 76
39 515
39 187
39 884
39 347
39 456
39 467
40 750
40 819
40 686
40 630
40 526
40 800
40 959
40 916
40 812
40 591
40 692
40 164
40 600
40 955
40 276
40 789
40 607
41 817
41 790
41 828
41 592
41 122
41 795
41 173
41 108
41 315
41 136
42 108
42 227
42 288
42 934
42 811
42 492
42 838
42 614
42 850
42 812
42 604
42 495
42 318
43 187
43 500
43 533
43 989
43 202
43 400
43 813
43 826
43 822
43 86
43 993
43 54
43 477
43 511
43 183
43 110
43 195
44 805
44 754
44 834
44 448
44 314
44 910
44 912
44 158
44 478
44 92
44 103
44 111
44 965
44 119
44 970
45 411
45 52
45 873
45 818
45 225
45 64
45 979
45 209
46 849
46 861
46 151
46 484
46 146
46 420
46 454
46 508
46 144
46 564
46 85
46 214
46 785
46 491
46 221
46 350
46 786
47 185
47 590
47 828
47 106
47 76
47 445
47 855
47 940
47 798
47 432
48 142
48 883
48 414
48 676
48 153
48 902
48 489
48 275
48 101
48 67
48 736
48 705
49 201
49 81
49 842
49 95
49 815
49 307
49 144
49 366
49 600
49 236
49 279
49 555
49 740
49 665
49 661
49 867
49 300
49 327
49 454
49 102
50 82
50 54
50 515
50 772
50 223
50 785
50 934
50 857
50 225
50 260
50 665
50 870
50 93
50 539
50 113
50 907
50 214
50 202
51 601
51 915
51 980
51 811
51 351
51 825
51 790
51 748
51 327
51 121
51 497
51 930
51 965
52 727
52 160
52 533
52 759
52 681
52 478
52 283
52 755
52 471
52 292
52 103
52 592
52 497
52 568
52 251
53 272
53 466
53 937
53 535
53 467
53 485
53 672
53 177
53 130
54 501
54 340
54 88
54 740
54 597
54 990
54 823
54 960
54 995
54 850
54 468
54 182
55 328
55 829
55 617
55 193
55 861
56 394
56 919
56 623
56 201
56 179
56 295
56 950
56 805
56 266
56 410
57 86
57 914
57 892
57 369
57 475
57 699
57 76
57 439
57 377
57 333
57 561
57 946
57 362
57 872
57 121
57 71
57 68
57 608
58 224
58 730
58 316
58 864
58 238
58 712
58 534
58 739
58 589
58 846
58 910
58 667
58 594
58 716
58 867
59 636
59 999
59 885
59 306
59 823
59 696
59 529
59 794
59 390
59 378
59 642
59 797
59 741
59 453
60 326
60 866
60 860
60 390
60 815
60 848
60 506
60 263
60 691
60 137
60 507
61 758
61 566
61 73
61 748
61 448
61 178
61 351
61 307
61 199
61 973
61 575
61 835
61 714
61 395
61 913
62 737
62 920
62 292
62 373
62 559
62 731
62 696
62 680
62 787
62 174
62 466
62 990
62 845
63 498
63 824
63 720
63 476
63 389
63 798
63 324
63 298
63 254
63 848
63 175
63 357
64 728
64 220
64 767
64 301
64 611
64 614
64 230
64 878
64 943
64 289
64 153
64 925
65 370
65 368
65 225
65 546
65 805
65 837
65 545
65 668
65 486
65 835
65 839
65 690
65 248
65 453
65 568
65 669
65 315
65 606
65 162
65 483
66 397
66 310
66 91
66 438
66 76
66 540
66 689
66 507
66 160
66 192
67 362
67 375
67 880
67 272
67 605
67 479
67 689
67 219
67 229
67 673
68 825
68 549
68 837
68 485
68 741
68 981
68 313
68 737
68 918
68 885
68 152
68 279
68 751
68 649
68 833
69 362
69 242
69 969
69 581
69 124
69 261
69 713
69 753
69 963
69 133
69 132
70 313
70 133
70 857
70 696
70 637
70 433
70 86
70 770
70 151
70 511
70 786
70 349
70 615
70 74
70 162
71 293
71 779
71 885
71 269
71 652
71 447
71 367
71 788
71 488
71 550
71 906
71 249
71 236
71 275
72 955
72 494
72 338
72 456
72 978
72 267
72 156
72 711
72 615
72 746
72 248
73 497
73 565
73 703
73 883
73 268
73 686
73 834
73 233
73 390
73 108
73 298
73 97
73 403
74 755
74 884
74 310
74 943
74 778
74 448
74 758
74 255
74 171
74 616
74 296
74 196
74 809
74 644
75 731
75 572
75 88
75 210
75 93
75 953
75 526
75 161
75 522
75 965
75 651
75 216
75 911
75 821
75 782
75 862
75 304
75 898
75 829
76 103
76 758
76 299
76 775
76 636
76 597
76 627
76 820
76 579
76 872
76 894
76 616
77 730
77 285
77 590
77 703
77 568
77 460
77 90
77 939
77 369
77 979
78 317
78 352
78 93
78 876
78 828
78 465
78 966
78 978
78 492
78 332
78 992
78 823
78 574
78 339
79 902
79 503
79 354
79 165
79 832
79 360
79 202
79 277
79 939
79 158
79 192
80 864
80 971
80 481
80 956
80 179
80 189
80 858
80 596
80 622
80 437
80 539
80 984
80 164
81 409
81 491
81 397
81 165
81 383
81 917
81 247
81 945
81 654
81 747
81 807
82 664
82 293
82 941
82 238
82 282
82 957
82 587
82 112
82 749
82 179
83 303
83 850
83 841
83 963
83 519
83 656
83 818
83 708
83 747
84 504
84 710
84 373
84 250
84 613
84 931
84 678
84 916
84 295
85 681
85 160
85 265
85 693
85 806
85 774
85 429
85 503
85 712
85 515
85 850
85 268
85 103
86 629
86 156
86 867
86 91
86 963
86 147
86 318
86 295
86 888
86 290
86 345
86 869
86 397
87 497
87 160
87 574
87 143
87 218
87 604
87 747
87 723
87 140
87 806
87 798
87 859
87 708
87 240
87 654
87 315
87 511
88 677
88 407
88 807
88 776
88 366
88 474
88 282
88 914
88 915
88 708
88 269
89 769
89 351
89 193
89 943
89 269
89 988
89 478
89 534
89 767
89 514
89 966
89 954
90 342
90 935
90 781
90 757
90 807
90 371
90 384
90 960
90 732
90 832
90 521
91 164
91 304
91 692
91 172
91 704
91 848
91 208
91 706
91 240
91 579
91 646
91 505
91 245
91 260
91 668
91 542
91 985
91 307
91 870
91 707
91 865
91 189
92 243
92 429
92 854
92 922
92 567
92 769
92 201
92 507
92 374
92 639
92 727
92 918
92 593
92 666
92 970
92 929
92 169
93 394
93 367
93 887
93 315
93 868
93 906
93 824
93 954
93 142
93 102
93 697
93 923
94 722
94 208
94 374
94 737
94 249
94 132
94 660
94 345
94 235
94 199
94 423
94 437
95 832
95 687
95 535
95 840
95 943
95 720
95 360
95 580
95 741
95 128
96 827
96 713
96 433
96 981
96 875
96 838
96 935
96 978
96 788
96 718
96 829
96 569
96 916
96 658
96 363
96 686
96 215
96 768
96 633
97 951
97 289
97 359
97 628
97 153
97 500
97 227
97 802
97 968
97 882
97 903
97 633
97 336
97 844
97 764
97 684
97 306
97 131
97 748
97 557
98 490
98 885
98 312
98 943
98 947
98 190
98 217
98 644
98 423
98 393
99 873
99 578
99 182
99 933
99 704
99 620
99 569
99 952
99 153
99 430
99 852
99 827
99 127
99 820
99 443
99 998
100 773
100 208
100 687
100 872
100 734
100 846
100 394
100 586
100 824
100 436
101 205
101 865
101 501
101 993
101 709
101 649
101 988
101 830
101 353
102 555
102 846
102 311
102 522
102 492
102 936
102 635
103 925
103 322
103 657
103 241
103 111
103 368
103 491
103 332
104 145
104 876
104 557
104 597
104 492
104 389
104 136
104 388
104 601
104 317
104 237
105 474
105 711
105 591
105 222
105 919
105 359
105 658
105 903
106 620
106 208
106 879
106 583
106 177
106 594
106 793
106 850
106 922
106 381
106 719
106 638
106 683
106 754
107 355
107 119
107 519
107 540
107 154
107 899
107 420
107 630
107 915
107 662
107 516
108 885
108 665
108 653
108 671
108 632
108 971
108 270
108 184
109 508
109 136
109 541
109 572
109 775
109 305
109 253
109 361
109 378
109 738
109 703
109 874
109 412
109 702
110 517
110 967
110 142
110 694
110 682
110 449
110 623
110 601
110 174
110 200
110 464
110 293
110 214
110 140
111 367
111 760
111 148
111 689
111 305
111 872
111 519
112 828
112 737
112 186
112 975
112 552
112 744
112 237
112 933
112 798
112 546
112 370
112 796
112 495
112 800
113 838
113 640
113 728
113 384
113 801
113 420
113 813
113 480
113 820
113 833
113 948
114 621
114 807
114 841
114 715
114 256
114 293
114 738
114 479
114 532
114 951
115 811
115 193
115 251
115 731
115 827
115 757
115 869
115 941
115 409
115 471
115 167
115 552
115 345
115 246
115 206
115 432
116 749
116 798
116 682
116 424
116 205
116 912
116 988
117 716
117 396
117 236
117 973
117 260
117 561
117 937
117 837
118 783
118 441
118 984
118 193
118 987
118 705
118 498
118 576
118 209
118 754
118 517
118 435
118 466
118 179
118 326
118 214
118 376
119 750
119 980
119 609
119 493
119 325
119 909
119 967
119 682
119 579
119 503
119 511
119 313
119 832
119 233
120 164
120 305
120 696
120 727
120 866
120 812
120 554
120 749
120 820
120 346
120 825
120 227
120 159
120 520
120 546
120 507
120 301
120 633
121 141
121 895
121 326
121 772
121 505
121 699
121 625
121 815
121 755
121 416
121 837
121 538
121 614
121 854
121 921
121 701
121 932
121 846
121 674
121 933
121 745
121 229
121 577
121 669
121 874
122 959
122 313
122 731
122 987
122 933
122 795
122 229
122 223
122 402
122 899
122 355
123 413
123 636
123 464
123 743
123 843
123 972
123 305
123 658
123 180
123 580
124 776
124 447
124 954
124 850
124 136
124 457
124 631
124 285
124 997
124 523
124 714
124 585
125 283
125 800
125 484
125 512
125 149
125 155
125 486
125 907
125 236
125 858
125 705
125 742
125 782
125 491
125 323
126 780
126 882
126 347
126 603
126 209
126 311
126 989
126 624
126 451
126 141
126 852
126 245
126 412
126 739
127 988
127 441
127 275
127 850
127 636
127 718
127 702
127 416
127 248
127 239
127 527
128 895
128 510
128 983
128 564
128 347
128 967
128 181
128 339
128 146
128 506
128 244
128 600
128 812
128 780
128 151
128 973
128 695
129 864
129 510
129 275
129 933
129 865
129 161
129 499
129 836
129 590
129 350
129 313
130 727
130 133
130 939
130 912
130 381
130 689
130 807
130 835
130 557
130 874
130 869
130 489
130 421
131 924
131 754
131 995
131 306
131 559
131 981
131 631
131 983
131 869
131 232
131 361
131 911
131 260
131 446
131 511
132 937
132 311
132 220
132 559
132 205
132 492
132 871
132 787
132 878
132 708
132 933
132 705
133 768
133 276
133 519
133 577
133 752
133 177
133 670
133 715
133 477
133 930
133 732
133 828
133 237
133 352
134 935
134 288
134 168
134 692
134 469
134 778
134 981
134 145
134 907
134 213
134 448
134 637
134 913
134 669
134 614
134 742
134 855
134 619
135 542
135 352
135 253
135 395
135 686
135 656
135 210
135 527
136 189
136 274
136 594
136 812
136 804
136 456
136 728
137 911
137 906
137 999
137 308
137 182
137 315
137 907
137 837
137 525
137 756
137 676
137 319
137 859
137 486
137 722
137 879
137 417
138 797
138 370
138 332
138 769
138 986
138 932
138 393
138 402
138 983
138 560
139 496
139 295
139 693
139 411
139 386
139 258
139 772
139 861
139 400
139 596
139 610
139 966
140 436
140 824
140 222
140 972
140 195
140 186
140 564
140 414
140 183
140 604
140 902
140 817
140 251
140 306
140 965
141 926
141 702
141 488
141 303
141 458
141 373
141 177
141 785
141 406
142 520
142 258
142 995
142 989
142 550
142 144
142 781
142 688
142 967
143 439
143 704
143 848
143 307
143 488
143 953
143 197
143 594
143 213
143 747
143 959
143 621
143 510
143 893
144 978
144 373
144 425
144 500
144 485
144 371
144 674
144 212
144 742
144 378
144 492
144 351
144 718
144 252
144 546
144 681
144 346
145 937
145 203
145 771
145 698
145 157
145 604
145 363
145 331
145 611
145 368
145 478
145 854
145 324
145 216
145 734
146 799
146 249
146 260
146 420
146 339
146 211
146 347
146 537
146 421
147 964
147 690
147 513
147 748
147 806
147 170
147 824
147 957
147 805
147 365
147 338
147 780
147 174
147 580
147 873
148 673
148 473
148 338
148 210
148 752
148 685
148 925
148 959
148 836
148 935
148 751
148 632
149 518
149 184
149 382
149 677
149 579
149 732
149 817
149 929
149 659
149 357
149 467
150 764
150 930
150 501
150 427
150 829
150 808
150 475
150 749
150 732
151 848
151 272
151 700
151 993
151 864
151 228
151 287
151 533
151 971
151 597
151 506
151 921
151 825
151 556
151 713
152 333
152 364
152 712
152 514
152 370
152 585
152 544
152 609
152 178
152 383
152 715
152 244
152 561
152 382
152 867
153 701
153 475
153 569
153 183
153 572
153 547
153 955
153 683
153 804
153 538
153 963
153 741
153 586
153 170
153 459
153 351
154 260
154 645
154 945
154 725
154 228
154 647
154 225
154 465
154 158
154 361
155 870
155 202
155 880
155 288
155 358
155 353
155 496
155 464
155 911
155 392
155 492
155 297
155 791
155 212
156 462
156 390
156 776
156 162
156 225
156 522
156 250
156 510
156 722
156 882
156 301
156 743
156 692
157 379
157 759
157 747
157 320
157 847
157 468
157 965
157 724
157 660
157 490
158 331
158 891
158 577
158 390
158 284
158 443
158 953
158 437
158 418
158 787
158 488
158 615
159 572
159 226
159 736
159 470
159 651
159 826
159 991
159 225
159 917
159 401
160 260
160 615
160 229
160 511
160 269
160 494
160 170
160 202
160 938
160 329
160 673
161 799
161 218
161 866
161 535
161 787
161 353
161 476
161 265
161 571
161 632
161 210
161 543
161 583
161 177
161 534
162 864
162 420
162 791
162 944
162 833
162 820
162 462
162 591
162 557
163 536
163 530
163 475
163 839
163 972
163 668
163 171
163 734
163 777
163 559
163 830
163 900
163 368
163 669
163 385
164 193
164 413
164 245
164 982
164 330
164 602
164 369
164 176
164 599
164 926
164 545
164 716
165 620
165 373
165 326
165 336
165 354
165 461
166 416
166 705
166 964
166 354
166 565
166 624
166 701
166 848
166 798
166 759
167 626
167 286
167 894
167 808
167 975
167 219
167 699
168 232
168 273
168 322
168 894
168 396
168 861
169 925
169 256
169 597
169 526
169 706
169 534
169 729
169 637
169 414
169 539
169 238
169 843
170 802
170 511
170 584
170 708
170 560
170 950
170 256
170 278
170 225
170 531
171 959
171 992
171 621
171 554
171 560
171 693
171 650
171 448
171 885
171 723
171 889
172 737
172 680
172 260
172 356
172 632
172 376
172 472
172 536
172 676
172 432
172 694
172 453
172 621
172 456
172 870
172 925
172 647
172 832
172 566
173 812
173 418
173 750
173 900
173 671
173 672
173 573
173 893
173 466
173 950
173 289
173 559
173 448
174 932
174 802
174 930
174 635
174 719
174 212
174 952
174 202
174 452
174 413
174 528
175 431
175 705
175 571
175 774
175 243
175 803
175 567
175 850
175 791
176 221
176 313
176 315
176 418
176 294
176 976
176 937
176 189
176 195
176 899
176 476
176 862
177 822
177 782
177 354
177 384
177 594
177 640
177 542
177 832
177 969
177 667
177 731
177 879
178 935
178 371
178 794
178 394
178 255
178 724
178 910
178 619
178 894
178 395
178 753
178 641
178 516
178 765
179 518
179 325
179 984
179 825
179 964
179 602
179 788
179 181
179 298
179 184
179 317
179 398
179 828
179 581
179 422
180 758
180 466
180 395
180 239
180 784
180 309
180 825
180 828
180 498
180 480
180 638
180 258
181 537
181 403
181 531
181 949
181 211
181 508
181 858
181 998
181 483
181 314
182 732
182 547
182 941
183 515
183 941
183 659
183 695
183 893
183 663
183 975
183 835
183 297
184 884
184 959
184 361
184 192
184 420
184 565
184 449
184 985
184 948
184 899
184 700
184 207
184 917
185 990
185 664
185 577
185 759
185 435
185 963
185 767
185 248
185 312
185 799
186 190
186 332
186 977
186 799
186 658
186 514
186 837
186 251
186 388
186 441
186 719
186 411
186 509
187 321
187 694
187 442
187 931
187 433
187 644
187 706
187 894
188 894
188 409
188 841
188 495
188 896
188 993
188 567
188 493
188 662
188 572
188 417
189 346
189 606
189 202
189 589
189 817
189 262
189 468
189 378
189 327
189 979
189 325
189 627
189 466
189 517
189 885
189 816
189 515
190 725
190 708
190 887
190 480
190 317
190 487
190 457
190 493
190 797
190 382
190 874
190 434
191 556
191 213
191 581
191 222
191 455
191 922
191 335
191 322
191 482
192 470
192 230
192 309
192 306
192 375
192 986
192 373
192 444
192 242
192 537
192 469
193 760
193 275
193 682
193 766
193 774
193 497
193 734
193 494
193 902
193 483
193 893
193 797
193 993
194 642
194 736
194 774
194 653
194 637
194 373
194 882
194 468
194 524
194 757
195 360
195 778
195 393
195 763
195 472
195 337
195 389
195 853
195 997
195 263
195 428
195 714
196 622
196 588
196 455
196 809
196 820
196 478
196 482
196 741
196 410
196 528
196 261
196 310
196 578
197 928
197 917
197 314
197 489
197 408
197 826
197 328
197 488
197 387
197 251
197 664
198 486
198 669
198 832
198 922
198 374
198 349
198 891
198 466
198 701
198 330
198 450
198 557
198 318
198 235
199 373
199 236
199 858
199 585
199 247
199 800
199 737
199 234
199 401
199 254
199 893
199 501
199 930
199 255
199 339
200 517
200 223
200 368
200 260
200 628
200 591
200 919
200 800
200 304
200 593
201 464
201 250
201 550
201 607
201 483
201 924
201 556
201 495
202 320
202 606
202 305
202 525
202 900
202 981
202 423
202 289
202 312
202 945
202 237
202 223
202 632
202 924
202 309
203 321
203 919
203 644
203 974
203 951
203 599
203 245
203 544
203 933
203 455
203 219
203 329
204 214
204 393
204 457
204 813
204 357
204 416
204 554
204 598
204 444
204 737
204 225
204 545
204 433
204 495
205 639
205 790
205 960
205 384
205 264
205 455
205 930
205 912
205 772
205 914
205 837
205 351
206 592
206 332
206 762
206 876
206 936
206 604
206 470
206 591
206 328
206 879
207 796
207 548
207 426
207 518
207 585
207 915
207 491
207 397
207 965
207 534
207 583
207 377
207 382
207 734
208 483
208 663
208 473
208 212
208 765
208 525
208 864
208 993
208 236
208 978
208 293
208 900
208 569
208 806
208 579
209 423
209 366
209 680
209 858
209 671
209 377
209 353
209 245
209 602
209 915
209 222
209 610
210 700
210 250
210 378
210 829
210 998
210 590
210 251
210 938
210 327
210 277
210 408
210 268
210 266
211 455
211 260
211 566
211 321
211 874
211 527
211 358
211 365
211 708
212 771
212 990
212 436
212 980
212 977
212 939
212 319
212 970
212 453
212 899
213 837
213 226
213 295
213 568
213 573
213 902
213 241
213 560
213 516
213 277
213 354
214 439
214 697
214 692
214 803
214 875
214 501
214 909
214 368
214 265
214 737
214 873
214 614
214 361
214 484
214 906
214 669
215 751
215 777
215 381
215 762
215 948
215 470
215 449
215 447
215 599
216 851
216 237
216 625
216 621
216 282
216 707
216 974
216 595
216 335
216 291
216 937
216 773
216 715
216 394
217 321
217 303
217 865
217 340
217 581
217 421
217 348
217 301
217 460
217 852
217 311
217 666
217 262
218 226
218 573
218 814
218 405
218 504
218 939
218 933
218 571
218 363
218 679
218 791
219 503
219 740
219 272
219 877
219 816
219 536
219 336
219 748
219 591
219 368
219 648
220 665
220 418
220 467
220 320
220 906
220 324
220 317
220 274
220 473
220 370
220 435
220 361
220 950
220 525
221 947
221 434
221 314
221 789
221 640
221 715
221 686
221 526
221 696
221 971
221 535
221 899
221 642
222 682
222 375
222 646
222 766
222 788
222 236
222 891
222 825
222 651
222 528
222 990
222 841
222 987
223 248
223 732
223 688
223 266
223 269
223 995
223 905
223 278
223 937
223 792
223 805
223 315
223 621
223 240
224 710
224 661
224 362
224 936
224 826
224 370
224 775
224 725
224 968
224 815
224 225
224 592
224 795
224 315
225 563
225 887
225 888
225 513
225 937
225 280
225 699
225 375
225 983
225 404
225 949
226 931
226 876
226 757
226 237
226 698
226 623
226 333
226 704
226 418
226 550
226 271
226 318
227 802
227 905
227 552
227 931
227 987
227 498
227 780
227 239
227 740
227 717
227 692
227 737
227 339
228 357
228 410
228 993
228 771
228 438
229 546
229 398
229 532
229 359
229 426
229 385
229 860
229 967
229 750
229 818
230 813
230 775
230 920
230 537
230 694
230 392
230 817
230 364
230 384
230 470
230 915
230 587
231 416
231 386
231 618
231 357
231 584
231 599
231 235
231 495
231 724
231 589
231 959
232 397
232 981
232 643
232 899
232 629
232 373
232 306
232 688
232 992
232 830
233 670
233 240
233 987
233 809
233 428
233 691
233 771
233 789
233 264
233 366
234 695
234 630
234 944
234 335
234 777
234 634
234 832
234 263
235 350
235 649
235 356
235 593
235 386
235 918
235 862
235 775
235 313
235 767
235 796
235 367
236 934
236 532
236 886
236 422
236 512
236 651
236 405
236 659
236 866
236 423
236 814
237 260
237 497
237 568
237 501
237 808
237 428
237 559
237 926
237 706
237 264
237 919
238 652
238 947
238 802
238 905
238 559
238 896
238 841
238 972
238 641
238 269
238 704
238 453
238 481
239 915
239 357
239 696
239 785
239 290
239 982
239 615
239 546
239 676
239 966
239 977
239 506
240 442
240 350
240 992
240 325
240 595
240 796
240 724
240 981
240 462
241 466
241 749
241 955
241 987
241 979
241 909
241 437
241 894
241 782
241 561
241 771
242 275
242 551
242 972
242 471
242 501
242 935
242 316
242 327
242 782
243 931
243 607
243 940
243 839
243 263
243 779
243 358
243 884
243 789
243 987
244 270
244 666
244 855
244 879
244 783
244 763
244 745
244 715
244 899
244 308
244 443
244 409
245 553
245 991
245 439
245 270
245 360
245 648
245 383
245 799
245 761
245 909
246 378
246 258
246 631
246 895
246 881
246 492
246 543
246 994
247 844
247 354
247 775
247 917
247 670
247 484
247 726
247 739
247 535
247 546
247 462
247 976
247 470
248 872
248 704
248 413
248 418
248 720
249 595
249 468
249 314
249 801
249 418
249 518
249 289
249 317
249 929
249 898
249 943
250 380
250 663
250 362
250 676
250 753
250 590
250 418
250 994
250 470
251 584
251 254
251 338
251 382
251 467
251 461
251 265
251 754
251 987
251 627
251 897
251 581
251 811
251 402
251 438
252 679
252 786
252 258
252 419
252 336
252 318
252 733
253 326
253 442
253 268
253 696
253 412
253 830
253 431
253 681
253 500
254 789
254 490
254 837
254 858
254 303
254 335
254 340
254 777
255 460
255 381
255 818
255 737
255 888
256 949
256 281
256 756
256 523
256 644
256 553
256 314
256 901
256 905
256 526
257 298
257 385
257 423
257 617
257 482
258 556
258 780
258 482
258 844
258 955
258 892
258 679
258 399
259 805
259 642
259 287
259 925
259 548
259 400
259 814
259 930
259 574
259 856
259 833
259 811
259 796
260 563
260 405
260 590
260 690
260 271
261 636
261 934
261 932
261 661
261 709
261 548
261 608
261 539
261 470
261 651
261 373
261 323
262 292
262 683
262 387
262 478
262 789
262 469
262 839
262 401
262 346
262 658
262 673
262 278
262 455
262 662
263 344
263 556
263 271
263 861
263 378
263 481
263 959
263 530
263 599
263 909
263 756
264 785
264 708
264 560
264 936
264 680
264 744
264 839
264 522
264 266
264 424
264 452
264 789
264 737
264 318
264 531
264 422
264 591
265 826
265 854
265 318
265 269
265 479
265 288
265 599
265 446
265 427
265 911
266 335
266 345
266 361
266 380
266 516
266 304
266 482
266 890
266 438
266 599
266 940
267 619
267 500
267 711
267 961
267 504
267 800
267 467
267 330
267 409
267 322
267 701
267 641
267 922
267 578
267 480
268 697
268 485
268 278
268 872
268 421
268 952
268 322
268 522
268 689
269 666
269 463
269 911
269 576
269 669
269 776
269 782
269 693
269 570
269 613
269 436
270 933
270 733
270 413
270 971
270 846
270 786
270 867
270 527
270 810
270 975
270 864
270 435
270 638
271 630
271 494
271 533
271 359
271 620
271 305
271 669
271 990
271 983
271 698
271 544
272 844
272 329
272 671
272 598
272 305
272 483
272 941
272 449
272 676
273 835
273 889
273 517
273 528
273 561
273 300
273 346
273 886
273 861
273 677
273 540
273 992
273 488
273 906
274 382
274 432
274 459
274 933
274 381
274 652
274 311
275 690
275 872
275 941
275 592
275 428
275 382
276 564
276 863
276 983
276 773
276 386
276 510
276 940
276 990
276 629
276 890
276 428
277 592
277 573
277 938
277 421
277 483
277 568
277 874
277 295
277 861
278 592
278 775
278 797
278 999
278 908
278 665
278 295
278 876
279 712
279 826
279 302
279 850
279 376
279 771
279 420
279 286
279 642
279 558
279 752
279 860
280 955
280 312
280 542
280 302
280 440
280 831
280 473
280 753
280 826
280 743
280 554
280 411
280 442
280 536
280 634
281 552
281 583
281 999
281 877
281 520
281 757
281 720
281 351
281 328
281 640
281 570
281 676
281 821
281 752
281 875
282 568
282 355
282 400
282 541
282 689
282 843
282 695
282 518
282 554
282 313
282 494
282 492
282 497
283 567
283 991
283 474
283 420
283 458
283 985
283 781
283 578
283 643
283 431
283 769
283 290
283 319
283 926
284 420
284 365
284 944
284 359
284 786
284 687
284 856
284 976
284 899
284 535
285 346
285 975
285 469
285 586
285 410
285 957
285 456
285 719
286 516
286 641
286 905
286 568
287 291
287 760
287 893
287 517
287 601
287 513
287 956
287 574
287 556
288 316
288 780
288 461
288 893
288 978
288 872
288 448
288 746
288 395
288 857
288 291
289 634
289 822
289 496
289 569
289 670
289 957
289 470
289 340
289 774
289 453
289 437
290 896
290 735
290 843
290 446
290 384
290 610
290 369
290 556
291 564
291 728
291 427
291 931
291 808
291 769
292 934
292 672
292 698
292 405
292 433
292 844
292 713
292 875
292 833
292 822
292 456
292 787
292 311
292 415
292 414
293 864
293 824
293 899
293 353
293 984
293 308
293 936
293 588
293 685
293 597
293 345
294 480
294 554
294 775
294 774
294 784
294 885
294 820
294 691
294 855
294 540
294 928
294 493
295 642
295 340
295 999
295 426
295 585
295 567
295 809
295 964
295 760
295 368
295 356
296 790
296 951
296 422
296 486
296 775
296 652
296 419
296 924
296 354
296 410
297 713
297 732
297 345
297 316
297 857
297 750
297 590
298 619
298 547
298 959
298 456
298 867
298 661
298 945
298 443
298 933
298 799
298 752
299 834
299 634
299 783
299 797
299 688
299 490
299 916
299 919
299 918
299 516
299 406
299 378
299 499
299 693
299 354
299 656
299 952
299 432
299 773
299 433
299 948
299 825
300 402
300 359
300 883
300 323
300 519
300 369
300 909
300 491
300 684
301 405
301 845
301 755
301 412
301 892
301 498
301 527
301 633
301 853
301 521
301 394
301 676
301 630
302 771
302 305
302 697
302 501
302 457
302 737
302 723
302 371
302 936
303 347
303 884
303 392
303 673
303 462
303 794
303 576
303 937
303 979
303 821
303 951
303 623
303 849
304 563
304 902
304 858
304 553
304 381
304 509
304 556
304 341
304 676
305 814
305 534
305 728
305 897
305 763
305 467
305 452
305 840
305 327
305 398
305 638
306 954
306 581
306 929
306 434
306 631
306 307
307 311
307 503
307 781
307 926
307 891
307 863
307 592
307 787
308 975
308 582
308 576
308 503
309 640
309 836
309 660
309 388
309 913
309 530
309 920
309 439
309 766
309 939
309 991
309 926
310 822
310 700
310 457
310 891
310 829
310 841
310 839
310 378
311 999
311 793
311 557
311 401
311 533
311 370
311 560
311 496
311 570
312 802
312 539
312 969
312 758
312 817
312 784
312 790
312 982
312 609
312 722
312 970
313 406
313 781
313 963
313 773
313 622
313 751
313 423
313 331
313 756
313 951
313 990
314 782
314 805
314 785
314 417
314 384
314 861
314 401
314 849
315 915
315 605
315 600
315 319
315 470
315 843
315 786
315 942
315 974
316 396
316 548
316 777
316 684
316 750
316 642
316 718
316 712
317 859
317 985
317 346
317 327
317 700
317 793
317 411
317 374
317 538
317 843
318 909
318 393
318 944
318 822
318 604
318 338
318 537
318 667
318 369
318 733
318 646
319 991
319 678
319 603
319 759
319 904
319 388
319 778
319 903
319 608
320 397
320 464
320 512
320 994
320 564
320 497
320 375
320 411
321 863
321 940
321 888
321 884
321 735
321 592
321 661
321 541
321 621
322 832
322 738
322 573
322 929
322 999
322 942
322 663
322 410
322 715
322 414
322 457
323 493
323 585
323 665
323 587
323 386
323 883
323 405
323 875
324 969
324 627
324 456
324 457
324 768
324 873
324 792
324 867
324 915
324 455
324 652
324 669
324 325
324 762
324 884
325 913
325 755
325 534
325 446
325 708
325 903
325 637
325 390
325 373
325 388
325 523
325 883
325 782
326 559
326 747
326 883
326 626
326 668
326 413
327 954
327 378
327 357
327 427
327 647
327 678
327 798
327 341
327 488
327 466
328 740
328 722
328 477
328 697
328 641
328 659
328 775
328 756
329 905
329 789
329 466
329 723
329 927
329 704
329 644
329 703
329 411
329 437
329 635
329 956
329 933
329 442
329 662
330 719
330 769
330 995
330 636
330 332
330 984
330 836
330 362
330 867
330 404
330 500
330 879
330 912
331 667
331 555
331 332
331 638
331 373
331 921
331 876
331 444
331 888
331 480
331 539
332 836
332 553
332 749
332 882
332 696
332 652
332 374
332 973
332 697
332 952
332 954
333 579
333 514
333 351
333 599
333 688
333 477
333 481
333 756
333 612
333 888
333 433
334 363
334 704
334 454
334 995
334 790
334 957
334 698
334 679
335 645
335 857
335 406
335 695
335 630
335 602
336 752
336 699
336 883
336 553
336 508
337 581
337 721
337 968
337 411
337 338
337 484
337 340
337 658
337 572
337 628
337 940
337 352
337 861
338 650
338 841
338 847
338 754
339 943
339 789
339 944
339 437
339 625
339 923
339 932
339 588
339 371
339 375
339 505
340 605
340 441
340 819
340 564
340 486
340 520
340 423
340 944
340 949
340 472
340 415
341 924
341 360
341 530
341 873
341 848
341 469
341 641
341 803
341 603
341 613
342 459
342 927
342 887
342 367
342 397
342 465
342 883
342 485
342 805
342 979
342 809
342 719
342 445
342 550
342 399
342 572
342 647
343 547
343 987
343 441
343 378
343 578
343 888
343 653
343 925
344 451
344 376
344 429
344 692
344 807
344 584
344 516
345 847
345 988
345 975
345 620
345 569
345 727
345 562
345 912
346 370
346 409
346 705
346 450
346 761
346 992
346 693
346 988
346 498
346 664
346 947
347 415
347 524
347 567
347 403
347 888
347 774
348 596
348 778
348 549
348 661
348 657
348 807
348 915
349 476
349 860
349 654
349 477
349 493
349 422
349 431
349 994
349 842
349 928
349 955
349 482
349 362
350 759
350 879
350 872
350 617
350 736
350 917
350 890
351 487
351 507
351 601
351 992
351 445
351 405
351 785
351 413
352 966
352 610
352 564
352 624
352 580
352 906
352 654
352 807
352 668
353 473
353 873
353 572
353 478
353 935
353 598
353 973
353 385
354 799
354 763
354 750
354 780
354 837
354 939
354 643
354 409
354 362
354 543
354 958
354 650
354 381
354 955
355 980
355 881
355 474
355 491
355 752
355 962
355 809
355 703
356 893
356 868
356 895
356 687
356 404
356 710
356 424
356 473
356 629
356 708
357 768
357 976
357 688
357 851
357 717
357 516
357 997
357 738
357 461
357 709
357 607
358 847
358 663
358 527
358 692
358 927
358 471
358 677
359 591
359 612
359 890
359 710
360 383
360 563
360 849
360 501
360 573
360 374
361 921
361 555
361 654
361 810
361 866
361 843
361 563
361 765
361 887
361 701
361 428
362 403
362 846
362 786
362 881
362 620
362 422
362 550
363 390
363 552
363 399
363 843
363 408
363 943
363 555
364 750
364 712
364 868
364 503
364 612
364 780
364 658
364 720
364 893
364 452
365 546
365 785
365 696
365 510
365 372
365 888
366 786
366 756
366 846
366 922
366 806
366 657
366 498
366 486
366 965
367 858
367 593
367 863
367 914
367 618
367 608
367 621
367 450
367 664
367 979
367 734
367 756
367 573
368 548
368 638
368 590
368 982
368 483
368 851
368 672
368 793
368 711
368 954
369 852
369 819
369 932
369 929
369 414
369 934
369 899
369 729
369 848
369 611
369 964
370 730
370 460
370 967
370 816
370 371
371 870
371 909
371 831
371 982
371 898
371 454
371 687
371 474
372 514
372 402
372 572
372 427
372 998
372 515
373 780
373 806
373 683
373 788
373 944
373 965
373 554
373 937
373 378
373 523
374 958
374 855
374 833
374 933
374 842
374 843
374 571
374 420
374 545
374 627
374 861
375 900
375 994
375 841
375 961
375 612
375 537
375 503
375 766
375 758
375 382
376 546
376 517
376 548
376 868
376 962
376 964
376 960
376 611
377 381
377 983
377 563
377 712
377 648
377 642
377 397
377 809
377 860
377 944
377 790
378 682
378 933
378 999
378 654
378 435
378 960
378 521
378 920
379 789
379 692
379 440
379 540
379 939
379 516
379 664
379 781
380 435
380 553
380 859
380 746
380 522
380 946
380 975
381 436
381 848
381 614
381 968
381 839
381 774
381 387
381 784
381 805
381 994
381 485
381 850
382 824
382 868
382 473
382 437
382 470
382 565
382 387
382 595
382 792
382 568
382 584
383 983
383 549
383 806
383 462
384 631
384 794
384 839
385 845
385 387
385 473
385 929
385 888
385 866
385 698
385 739
385 663
386 708
386 718
386 730
386 776
386 634
386 942
387 544
387 477
387 549
387 852
387 848
387 457
387 739
387 899
387 632
387 726
388 761
388 434
388 846
388 651
388 810
388 650
388 982
388 477
388 578
388 801
388 441
388 593
388 766
389 841
389 559
389 567
389 763
389 430
389 678
389 486
389 816
390 940
390 763
390 754
390 633
390 485
390 465
390 796
390 872
390 794
390 438
390 918
390 586
390 420
390 936
390 648
391 562
391 577
391 931
391 515
391 925
392 902
392 509
392 951
392 643
392 464
392 848
392 894
392 934
392 499
393 492
393 475
393 595
393 643
393 998
393 760
393 561
393 519
393 914
393 694
393 560
394 522
394 801
394 718
394 774
394 602
394 851
395 624
395 672
395 601
395 583
395 718
395 979
395 521
396 737
396 764
396 409
396 841
396 641
397 877
397 410
397 403
397 808
397 634
397 926
397 489
397 832
398 811
398 932
398 651
398 838
398 650
398 935
398 643
398 854
398 495
398 948
398 870
398 461
398 453
399 789
399 659
399 617
399 957
399 900
399 647
399 762
399 504
400 961
400 573
400 986
400 539
400 966
400 564
400 518
400 515
400 853
400 923
400 658
400 530
401 776
401 994
401 726
401 897
401 741
401 476
401 682
401 428
401 772
401 809
401 784
401 539
402 502
402 789
402 916
402 493
402 710
402 442
402 416
402 517
402 745
402 802
402 592
402 835
402 870
402 556
403 875
403 583
403 599
403 824
403 993
403 415
403 840
403 893
403 438
404 686
404 797
404 706
404 837
404 945
404 780
404 987
405 677
405 875
405 682
405 480
405 504
405 784
405 592
405 798
405 973
405 962
405 466
405 453
406 640
406 431
406 663
406 575
406 553
406 412
407 437
407 687
407 862
407 683
407 670
407 823
407 677
407 794
407 734
407 542
408 555
408 845
408 437
408 877
408 768
408 889
409 780
409 932
409 696
409 468
409 667
409 739
410 898
410 765
410 473
410 585
411 984
411 660
411 775
411 920
411 911
411 515
411 494
411 472
411 734
412 418
412 696
412 655
412 762
412 872
412 806
412 425
412 449
413 645
413 592
413 836
413 962
413 500
413 847
413 548
414 818
414 932
414 884
414 967
414 515
414 987
414 464
414 606
414 430
414 449
414 977
415 438
415 477
415 821
415 755
415 706
415 904
416 943
416 475
416 821
416 735
416 666
416 750
416 462
417 931
417 459
417 871
417 521
417 525
417 565
417 816
417 689
418 946
418 683
418 758
418 647
419 764
419 554
419 873
419 729
419 572
419 566
419 968
419 660
420 532
420 508
420 710
420 458
420 649
421 626
421 688
421 796
421 605
421 929
421 974
421 908
422 575
422 699
422 657
422 432
422 897
422 569
422 462
422 580
422 661
423 698
423 579
423 841
424 734
424 767
424 825
424 569
424 930
424 453
424 983
424 660
424 695
424 892
425 832
425 546
425 927
425 750
425 482
425 594
425 633
425 670
426 525
426 688
426 668
426 784
426 846
426 676
426 569
426 856
426 573
426 636
427 963
427 918
427 635
427 969
427 702
427 972
427 551
427 531
428 749
428 671
428 540
428 614
428 927
428 994
428 672
428 639
428 753
428 721
428 533
428 458
429 600
429 963
429 965
429 456
429 438
429 541
429 987
429 670
430 584
430 861
430 945
431 984
431 971
431 992
431 944
431 980
431 475
431 941
431 561
431 890
431 467
431 497
431 444
432 480
432 439
432 538
432 990
432 706
432 660
432 962
433 948
433 682
433 979
433 856
433 592
433 518
433 602
433 492
433 980
433 953
434 499
434 638
434 901
434 529
434 809
434 472
435 537
435 980
435 794
435 449
436 698
436 985
436 966
436 787
436 492
436 670
436 528
437 568
437 866
437 711
437 578
438 518
438 912
438 868
438 654
438 991
438 667
438 900
438 883
438 496
438 561
439 928
439 821
439 659
440 761
440 587
440 934
440 949
440 773
440 788
440 484
440 489
441 946
441 762
441 669
441 460
441 745
441 607
442 878
442 949
442 510
442 986
442 561
442 795
442 630
443 977
443 543
443 457
443 743
443 559
443 628
443 669
444 531
444 767
444 860
444 757
444 722
444 927
444 462
444 445
445 725
445 765
445 687
445 779
445 453
445 497
445 918
445 902
445 652
445 615
445 618
445 854
445 482
445 819
446 454
446 648
446 598
446 645
446 673
447 861
447 841
447 965
447 923
447 658
447 498
448 683
448 613
448 990
448 912
448 895
448 701
448 544
448 557
448 869
448 668
448 476
448 531
448 558
449 952
449 745
449 536
449 669
449 930
449 772
449 473
449 787
449 934
449 938
449 533
449 585
450 860
450 538
450 773
450 607
450 506
450 763
450 659
450 577
451 554
451 513
451 667
451 570
452 922
452 567
452 699
452 888
452 776
452 643
452 574
453 937
453 582
453 877
453 840
453 534
453 759
453 987
453 822
453 957
453 467
454 889
454 599
454 826
454 525
454 955
454 996
455 934
455 971
455 974
455 730
455 957
455 566
455 695
455 880
455 799
455 870
455 687
455 944
455 834
455 664
456 888
456 854
456 733
456 816
456 501
456 735
456 673
456 514
457 862
457 919
457 855
457 544
457 639
457 765
457 735
457 766
457 504
457 916
457 619
457 951
457 461
457 642
457 803
457 721
458 978
458 463
458 839
458 770
458 575
458 585
459 816
459 822
459 750
459 609
459 585
459 767
459 991
459 731
459 728
460 771
460 801
460 554
460 594
460 558
461 557
461 515
461 990
461 831
461 834
462 808
462 527
462 475
462 822
462 618
462 654
462 896
462 841
463 543
463 816
463 532
463 842
463 908
463 644
463 568
463 522
464 761
464 609
464 677
464 721
464 615
464 939
464 768
464 605
464 971
464 744
464 920
464 942
464 519
465 866
465 531
465 521
465 507
466 698
466 806
467 655
467 698
467 568
467 692
468 514
468 571
468 625
468 993
468 780
468 550
468 823
468 644
468 526
468 497
468 493
469 926
469 488
469 516
469 781
469 633
469 556
469 562
469 730
470 497
470 976
470 544
470 541
470 746
470 989
470 611
470 970
471 486
471 686
471 913
471 817
471 668
472 876
472 947
472 658
472 541
472 862
472 684
472 671
472 849
472 613
473 842
473 585
473 777
474 649
474 926
474 489
474 566
474 720
474 600
474 794
474 809
474 758
474 702
474 966
474 742
475 578
475 936
476 804
476 812
476 681
476 834
476 633
476 523
476 772
476 747
476 874
477 736
477 936
477 589
477 809
477 838
478 715
478 666
478 531
478 717
478 777
478 782
478 510
479 894
479 518
479 930
479 990
479 997
479 783
479 824
479 578
480 948
480 854
480 579
480 839
480 680
480 940
480 771
480 762
480 743
480 483
480 704
481 945
481 936
481 730
481 920
481 972
481 490
481 854
481 909
482 648
482 802
482 813
482 689
482 757
482 549
483 741
483 911
483 623
483 672
483 651
483 809
483 587
483 610
483 702
484 545
484 745
484 575
484 891
485 965
485 488
485 530
485 680
485 858
485 749
485 934
485 743
485 861
486 671
486 710
486 922
486 512
487 531
487 716
487 950
487 653
487 914
487 574
487 599
487 904
487 931
488 894
488 922
488 723
488 784
488 712
488 915
489 781
489 991
489 492
489 836
489 831
490 795
490 796
490 493
491 689
491 734
491 580
491 571
491 745
491 856
491 588
492 615
492 894
492 526
492 668
492 834
492 776
493 939
493 885
493 587
493 678
494 968
494 966
494 600
494 936
494 950
494 912
494 871
494 877
495 777
495 508
495 519
495 822
495 922
495 929
495 736
495 966
495 550
495 594
495 546
495 930
495 886
496 677
496 781
496 871
496 693
496 869
496 988
496 999
496 859
497 681
497 890
497 587
497 706
498 826
498 527
498 727
498 771
498 744
498 985
498 982
498 715
499 948
499 936
499 856
499 778
499 980
499 876
499 707
499 825
500 519
500 842
500 752
501 540
501 883
501 988
501 770
501 566
501 559
501 624
502 622
502 692
502 870
502 605
502 739
502 582
502 511
503 688
503 742
503 926
503 872
503 806
504 608
504 940
504 582
504 709
504 910
505 592
505 857
505 955
506 596
506 878
506 606
506 509
506 546
506 678
506 698
506 532
506 741
506 716
506 625
506 657
506 933
506 872
506 520
507 995
507 936
507 847
507 859
507 927
507 921
507 822
507 566
507 583
507 521
507 908
508 674
508 975
508 582
508 698
508 754
508 782
508 742
508 658
508 798
508 890
509 813
509 711
510 758
510 703
510 569
510 849
511 642
511 773
511 541
511 562
511 721
511 553
511 537
511 846
512 563
512 587
512 699
512 611
512 741
512 770
512 750
512 632
513 948
513 776
513 897
513 916
513 695
513 745
513 871
513 915
513 924
514 554
514 832
514 851
514 617
514 686
514 823
515 773
515 809
515 763
515 969
515 673
515 790
515 858
515 522
516 984
516 735
516 904
516 988
516 852
516 822
517 879
517 599
517 768
517 773
517 742
517 748
517 782
517 880
517 643
517 692
518 782
518 685
518 859
518 845
518 898
518 691
518 633
518 822
518 818
518 960
518 792
519 971
519 966
519 937
519 835
519 700
519 977
519 873
520 620
520 772
520 531
520 858
520 549
520 550
520 924
520 727
520 856
521 613
521 976
521 781
521 694
521 661
521 617
521 754
522 685
522 840
523 964
523 956
523 864
523 783
523 661
523 810
523 765
523 744
523 716
524 584
524 673
524 699
524 702
524 781
524 613
524 873
525 995
525 595
525 783
525 800
525 908
526 592
526 936
526 810
526 909
526 917
526 581
526 889
527 899
527 847
527 576
527 945
527 684
527 891
528 603
528 792
528 712
528 991
529 931
529 999
529 833
530 667
530 697
530 578
530 709
530 539
530 981
530 573
530 854
531 842
531 869
532 541
532 917
532 753
532 828
532 991
532 649
532 606
532 766
532 683
532 947
532 553
532 866
532 994
532 679
533 573
533 984
534 577
534 557
534 823
534 749
534 711
534 641
534 745
534 731
535 846
535 752
535 929
536 951
536 923
536 552
537 712
537 565
537 866
537 887
537 983
538 918
538 673
538 601
538 617
538 742
539 551
539 820
539 781
539 629
539 839
539 553
539 744
539 972
539 772
539 628
539 999
540 712
540 856
540 887
541 790
541 737
541 896
541 605
541 677
541 743
541 788
541 964
542 583
542 872
542 929
542 822
542 579
543 944
543 874
543 689
543 627
543 575
543 987
543 673
543 608
544 893
544 714
544 703
544 771
544 945
544 673
545 567
545 895
545 645
545 552
545 842
545 925
545 850
546 806
546 983
546 970
546 902
546 659
546 641
547 647
547 892
547 949
548 915
548 852
548 932
548 686
549 580
549 800
549 784
549 815
549 914
549 827
549 604
549 794
549 846
550 594
550 875
550 572
550 674
550 849
550 599
550 950
550 838
550 834
551 759
551 682
551 612
551 770
552 726
552 760
552 665
552 969
552 728
552 829
552 667
553 607
553 812
554 859
554 834
554 688
554 715
554 728
554 835
554 652
554 620
555 928
555 762
555 567
555 782
555 954
556 952
556 909
556 765
556 657
556 981
556 819
557 588
557 688
557 771
557 918
557 746
557 779
557 845
557 894
558 919
558 904
558 960
559 919
559 628
559 898
560 924
560 877
560 816
560 808
560 872
560 703
560 568
561 955
561 965
561 572
561 644
561 987
561 703
561 885
562 925
562 852
562 791
562 757
562 772
562 838
563 708
563 900
563 899
563 929
563 685
563 656
564 791
564 617
564 743
564 585
564 940
564 760
565 580
565 824
565 655
565 873
565 971
565 765
565 901
565 982
565 599
565 748
565 586
566 716
566 926
566 677
566 605
566 880
566 987
566 698
566 624
567 748
567 655
567 691
567 611
567 574
567 952
567 764
568 647
568 921
568 794
568 895
568 726
568 890
569 684
569 959
569 897
569 624
569 893
569 789
569 816
569 836
570 866
570 653
570 812
571 834
571 847
571 868
571 681
571 728
571 714
572 739
572 623
572 639
572 765
572 625
572 873
573 947
573 920
573 640
573 982
573 873
573 909
573 794
573 596
573 942
574 935
574 813
574 828
574 760
574 991
574 602
575 691
576 744
576 622
577 984
577 830
577 578
577 751
577 722
577 923
577 807
578 894
578 613
578 634
578 807
578 685
578 660
578 871
578 887
578 947
579 883
579 619
579 807
579 812
580 707
580 779
581 639
581 615
581 765
582 796
582 979
583 599
583 903
583 875
583 597
583 887
584 810
584 817
584 691
584 823
584 824
584 684
584 972
584 811
585 802
585 607
585 611
585 721
585 942
585 875
585 592
585 681
586 938
586 751
586 602
586 804
586 954
587 649
587 709
587 985
587 785
587 713
587 603
588 841
588 938
588 750
588 937
588 988
588 700
588 653
588 591
588 884
588 984
589 686
589 724
589 903
589 980
589 799
589 753
589 622
589 598
589 946
589 688
590 941
590 746
590 897
590 862
591 752
591 851
591 978
591 868
591 947
591 815
592 622
592 770
592 987
592 752
593 955
593 778
593 810
593 673
593 841
593 859
594 922
594 795
594 846
594 634
595 750
595 751
595 814
596 982
596 624
596 628
596 999
597 794
597 921
597 924
597 627
597 632
597 938
598 969
598 737
598 682
598 609
598 655
598 699
599 972
599 871
599 605
599 834
600 618
600 899
600 817
601 880
601 946
601 984
601 702
601 671
602 608
602 623
602 713
602 666
602 928
602 679
602 751
602 798
602 693
602 636
603 791
603 691
603 859
603 775
603 928
603 850
603 988
603 892
603 982
603 855
604 808
604 964
604 755
604 845
604 701
604 881
605 692
605 634
605 885
605 651
605 762
605 632
605 888
605 920
605 853
606 868
606 654
606 865
607 798
607 986
607 885
607 950
607 799
607 841
608 939
608 817
608 912
609 999
609 776
609 704
610 759
610 943
610 757
610 658
611 680
611 879
611 906
611 979
611 932
612 721
612 810
612 827
612 767
613 746
613 738
613 922
613 740
613 809
613 970
613 905
613 883
613 854
614 808
614 988
614 960
614 618
614 616
614 729
614 979
614 805
615 765
615 881
615 970
615 964
615 619
615 633
616 861
616 867
616 712
617 791
617 719
617 728
617 952
617 912
618 670
618 748
618 970
619 772
619 719
619 992
619 622
619 832
619 726
619 919
619 702
619 802
620 688
620 776
620 861
620 650
620 791
620 999
620 961
620 724
620 738
620 649
621 853
621 622
622 787
622 647
622 793
622 976
622 790
622 882
623 654
623 691
623 721
623 978
623 897
624 902
624 773
624 827
624 909
625 927
625 782
625 823
625 636
626 869
626 854
626 808
626 823
626 673
626 682
626 762
626 939
626 732
626 703
627 695
627 995
627 952
627 636
627 970
627 907
628 826
628 977
628 964
628 744
628 671
628 996
628 897
628 713
629 780
629 947
629 889
630 924
630 760
630 885
630 984
630 752
630 754
631 730
631 735
631 923
631 689
631 667
632 658
632 949
633 959
633 811
633 749
633 919
633 850
633 744
633 831
633 711
633 963
634 766
634 659
634 657
634 662
635 741
635 747
635 680
635 786
635 973
636 913
636 643
636 811
636 909
636 745
637 843
637 829
637 807
637 918
637 860
638 892
638 805
639 811
639 676
639 913
639 909
639 757
640 756
640 728
640 766
640 729
641 691
641 941
642 790
642 765
643 697
643 843
643 888
643 688
643 895
643 736
644 811
644 773
644 865
644 689
644 669
645 842
646 846
646 917
646 709
647 809
647 667
647 881
647 946
647 657
648 868
648 993
648 763
648 768
648 831
648 930
648 837
649 809
649 807
649 853
649 915
649 677
649 799
650 756
650 820
650 887
650 719
650 983
650 676
650 795
651 721
651 683
651 698
651 657
651 673
651 832
651 772
651 766
652 968
652 853
652 659
652 811
652 684
652 660
652 822
652 901
652 653
653 781
653 931
653 843
653 705
653 943
654 862
654 734
654 729
654 688
654 666
654 921
654 845
654 977
655 827
655 979
655 785
656 908
656 896
656 962
657 701
657 860
657 806
657 857
657 992
657 970
658 814
658 807
658 957
659 719
659 911
659 714
659 980
659 882
659 952
660 971
660 878
660 984
661 763
661 806
662 938
662 894
662 917
662 942
663 906
663 691
663 883
663 789
663 878
663 800
663 909
663 838
663 820
664 671
664 849
664 722
664 987
665 820
665 828
665 819
665 941
665 781
665 968
665 728
665 730
665 987
666 877
666 937
667 860
667 820
667 817
667 976
667 879
667 695
667 715
667 956
667 977
668 812
668 804
668 756
668 998
668 751
668 961
668 676
669 843
669 673
669 784
669 915
669 755
670 884
671 674
671 888
671 818
672 896
672 823
672 844
672 818
673 936
673 788
673 747
673 801
674 947
674 683
674 708
674 970
675 797
675 864
675 969
675 848
675 879
675 893
675 884
675 962
675 983
675 823
676 882
676 980
676 901
676 742
676 739
676 736
676 833
676 959
677 759
677 701
677 751
677 678
678 759
678 781
678 954
678 798
678 754
678 943
678 896
678 952
678 820
679 931
679 773
680 743
680 976
680 710
681 988
681 791
681 974
681 889
682 867
682 735
682 704
682 918
682 715
682 838
683 882
683 977
683 884
683 824
683 879
683 709
683 933
683 965
684 957
684 814
684 879
685 897
685 868
685 926
685 777
685 969
686 731
686 908
686 740
686 735
686 954
687 942
687 826
688 699
688 705
688 832
688 721
689 925
689 941
689 716
689 964
689 843
690 916
690 797
690 749
690 928
691 833
692 879
692 846
692 888
693 845
693 770
693 757
693 857
693 787
693 957
693 907
693 812
694 988
694 697
694 888
694 760
694 789
695 860
695 976
695 838
695 932
695 945
696 993
696 704
696 784
696 992
697 932
697 710
697 826
697 745
698 881
698 929
698 891
698 759
699 831
699 891
699 752
699 837
700 790
700 934
700 859
700 936
701 949
701 936
701 956
702 761
702 805
702 886
702 752
702 824
702 987
702 782
703 866
703 954
705 712
705 851
706 909
706 766
706 966
706 976
706 890
706 923
706 821
707 718
707 880
707 737
707 964
708 795
708 745
708 809
708 962
708 830
709 791
709 798
709 963
709 990
709 727
710 878
710 760
710 998
711 899
711 913
711 763
711 980
711 963
711 795
711 940
711 903
711 762
711 973
712 784
712 999
712 766
713 935
713 927
714 924
714 830
714 901
715 846
715 975
715 875
715 866
716 884
716 944
717 971
717 740
717 883
718 889
718 732
718 977
718 854
718 985
719 915
719 921
719 807
719 980
719 912
720 833
720 882
720 721
721 918
721 846
721 875
721 857
721 926
722 917
723 746
723 907
723 927
724 941
724 865
724 794
724 935
725 997
725 774
726 983
727 988
727 952
727 809
727 747
728 935
728 802
728 826
728 949
728 909
729 865
729 797
729 763
729 812
729 788
729 733
730 806
730 958
730 732
731 838
731 749
731 891
733 997
733 745
733 960
734 994
735 810
735 790
735 795
736 819
736 870
737 930
737 963
737 833
738 852
738 764
738 913
738 780
738 901
739 870
739 840
739 942
739 990
739 890
740 770
740 963
740 795
740 935
741 918
741 832
742 813
743 826
743 951
743 938
744 885
744 930
745 808
746 948
747 864
747 759
747 852
747 974
748 905
748 999
748 953
748 997
748 847
748 836
748 829
749 833
749 968
749 763
749 919
750 916
750 771
751 888
751 803
752 800
752 813
752 986
753 839
753 791
754 793
755 756
755 860
756 973
756 875
756 965
757 832
757 835
757 920
757 992
757 827
758 966
758 868
759 794
759 774
759 845
759 847
760 999
760 806
760 852
760 764
761 864
761 860
761 884
761 966
761 986
762 852
762 864
762 765
762 918
762 987
762 770
763 911
763 767
763 877
763 814
764 812
764 959
764 913
765 791
765 799
765 931
765 811
765 800
765 914
765 895
766 768
766 890
766 885
767 978
767 779
767 797
768 844
768 883
768 994
768 879
768 839
768 939
769 994
769 801
769 918
770 943
770 920
770 900
772 897
772 941
773 956
773 898
773 868
774 970
774 945
774 971
774 960
774 954
775 896
775 902
775 936
775 917
776 961
776 779
776 829
776 908
777 910
778 877
779 978
779 998
779 808
779 883
779 891
780 871
780 843
780 941
781 859
781 814
782 846
782 818
783 869
784 996
785 792
785 973
786 844
786 908
786 998
786 910
787 819
787 959
787 980
787 955
787 846
788 789
788 948
788 858
788 826
789 882
789 811
789 827
789 973
790 869
791 875
791 965
791 914
792 911
792 914
792 868
793 927
793 929
793 811
794 953
795 988
795 939
796 844
796 923
796 810
796 893
797 849
797 895
797 866
797 889
798 866
798 978
798 849
799 912
799 901
799 919
799 932
799 830
800 872
800 900
801 846
801 991
801 851
802 943
802 886
803 998
803 865
803 957
803 874
804 863
804 896
804 823
804 938
804 909
804 917
805 931
805 975
805 844
805 886
807 878
808 949
808 816
809 813
809 985
809 872
811 916
811 820
811 992
812 816
813 901
813 945
814 986
814 969
815 870
815 919
815 897
816 829
816 862
816 959
817 965
817 876
817 833
817 822
817 841
818 949
819 934
819 939
819 852
821 969
821 867
822 945
822 962
823 845
823 828
823 985
824 873
824 845
825 904
825 848
825 957
825 920
826 943
826 832
827 923
828 871
828 934
829 861
830 946
830 851
830 884
830 902
831 941
832 982
833 985
833 986
834 969
834 851
835 958
836 891
836 837
836 849
837 964
837 921
837 933
838 900
838 841
838 857
838 896
839 842
839 970
839 888
839 974
841 935
842 953
842 964
842 884
843 970
843 854
844 872
844 998
844 847
845 983
845 904
846 863
846 982
848 986
848 857
848 868
848 971
848 936
848 941
849 925
849 919
849 852
850 884
850 988
851 968
852 995
852 872
852 875
852 959
853 892
854 870
855 901
855 918
856 950
857 990
857 929
858 918
858 988
858 920
859 893
859 897
859 951
860 873
860 960
860 975
861 888
861 898
862 898
863 964
863 936
864 953
864 979
864 926
865 922
865 892
865 999
865 888
865 873
867 890
868 939
868 917
868 937
868 897
869 963
870 936
870 992
870 916
871 960
871 954
871 916
872 977
874 930
874 885
875 940
875 910
876 972
876 893
876 884
877 894
877 969
877 976
878 879
878 946
878 911
879 922
879 953
882 972
882 945
883 974
883 897
883 940
883 952
884 917
884 922
885 887
885 990
886 924
887 961
889 980
890 954
890 910
891 903
891 993
893 919
895 985
897 919
899 943
899 952
900 992
902 983
902 930
903 975
903 912
903 915
904 923
904 911
904 914
904 974
905 918
906 969
906 967
907 919
907 960
910 941
910 969
910 913
910 986
911 926
911 960
912 947
913 983
913 972
913 966
913 938
914 917
914 916
915 955
917 950
918 960
920 964
921 928
921 964
922 995
923 952
924 961
924 974
924 932
924 939
925 992
926 985
927 943
930 962
930 988
930 966
930 995
933 985
935 968
937 940
938 987
938 965
938 944
940 995
948 997
952 978
953 975
958 983
960 979
961 976
964 988
967 973
967 991
968 970
968 995
976 987
982 989
984 992
