VERTICES = 1000
EDGES = 8000
0 862
0 215
0 93
0 705
0 591
0 418
0 898
0 467
0 394
0 324
0 606
0 805
0 997
0 820
0 85
0 335
0 845
0 451
0 151
0 460
1 885
1 909
1 127
1 208
1 518
1 881
1 100
1 609
1 998
1 265
1 69
1 184
1 22
1 382
1 893
1 489
1 818
1 696
1 930
1 474
1 30
2 386
2 223
2 598
2 590
2 394
2 875
2 762
2 361
2 251
2 87
2 509
2 334
2 674
2 700
3 784
3 662
3 200
3 725
3 212
3 551
3 575
3 937
3 284
3 422
3 941
3 298
3 636
3 949
3 127
4 681
4 718
4 806
4 213
4 506
4 466
4 427
4 251
4 697
4 151
4 940
4 290
4 891
4 748
4 262
4 432
4 334
4 579
4 411
4 609
4 703
4 604
4 980
4 669
4 243
5 787
5 315
5 583
5 696
5 774
5 816
5 418
5 515
5 714
6 921
6 476
6 298
6 277
6 16
6 877
6 213
6 581
6 705
6 587
6 267
6 224
6 207
6 709
6 662
6 152
6 604
6 245
6 791
7 262
7 325
7 529
7 339
7 66
7 450
7 56
7 905
7 851
7 936
7 553
7 635
7 32
7 442
8 861
8 944
8 210
8 41
8 149
8 798
8 221
8 307
8 692
8 48
8 660
8 329
8 432
8 921
8 869
9 429
9 31
9 106
9 868
9 352
9 152
9 678
9 77
9 350
10 435
10 291
10 560
10 763
10 207
10 947
10 776
10 438
10 196
10 629
10 48
10 640
10 254
10 571
10 454
10 475
10 35
11 561
11 76
11 234
11 22
11 446
11 263
11 789
11 340
11 12
11 233
11 612
11 658
11 833
11 241
11 690
11 373
11 419
11 30
11 95
11 919
11 875
12 90
12 930
12 553
12 723
12 778
12 340
12 324
12 187
12 995
12 59
13 88
13 496
13 540
13 634
13 725
13 154
13 582
13 820
13 201
13 613
13 442
13 99
13 304
13 131
13 541
13 394
13 176
13 531
13 648
13 771
13 636
13 214
13 48
14 313
14 57
14 954
14 743
14 849
14 298
14 593
14 787
14 629
14 606
14 153
14 318
14 295
14 871
14 904
14 786
15 92
15 282
15 585
15 147
15 749
15 561
15 641
15 571
15 608
15 293
15 958
15 88
15 150
16 87
16 121
16 286
16 538
16 698
16 473
16 991
16 301
16 870
16 572
16 493
16 781
16 38
16 146
16 646
16 396
16 186
16 616
16 649
16 404
17 302
17 978
17 353
17 691
17 776
17 435
17 562
17 950
17 162
17 48
17 213
17 463
17 673
17 625
17 299
17 571
17 191
17 910
17 948
18 987
18 235
18 506
18 550
18 295
18 182
18 307
18 383
18 578
18 707
18 68
18 937
18 116
18 687
18 111
18 422
19 453
19 950
19 923
19 378
19 853
19 893
19 843
19 220
19 924
19 314
19 524
19 849
19 63
19 709
19 394
19 399
19 379
19 813
19 963
19 184
20 363
20 310
20 324
20 103
20 796
20 572
20 973
20 388
20 410
20 100
20 822
20 795
20 864
20 26
20 777
20 753
20 307
20 836
20 712
20 615
21 406
21 371
21 343
21 468
21 156
21 604
21 898
21 989
21 157
21 186
21 897
21 49
21 289
21 789
21 193
21 842
21 511
22 373
22 985
22 157
22 160
22 196
22 352
22 29
22 67
22 85
22 46
22 567
22 883
22 64
22 577
22 903
22 949
22 475
22 127
22 221
22 578
22 900
22 443
22 727
22 568
22 201
22 47
22 322
22 967
22 413
22 310
22 430
23 893
23 573
23 229
23 50
23 928
23 531
23 831
23 402
23 248
23 435
23 689
23 811
23 88
23 183
23 352
23 513
23 62
23 859
24 745
24 465
24 219
24 897
24 233
24 551
24 743
24 969
24 628
24 620
24 484
24 778
24 951
24 357
24 61
24 207
24 31
24 112
24 310
25 515
25 995
25 863
25 182
25 927
25 567
25 304
25 52
25 937
25 801
25 963
25 586
25 57
25 587
25 96
26 734
26 639
26 611
26 884
26 383
26 448
26 244
26 48
26 520
26 257
26 720
26 560
26 690
27 783
27 877
27 126
27 105
27 235
27 540
27 753
27 791
27 150
27 160
27 258
27 260
27 423
27 765
28 579
28 399
28 821
28 520
28 292
28 298
28 976
28 755
28 865
28 386
28 954
29 335
29 110
29 683
29 759
29 557
29 114
29 151
29 297
29 980
29 606
29 285
29 100
29 604
30 393
30 874
30 827
30 376
30 638
30 689
30 648
30 414
30 768
30 152
30 318
30 86
30 55
30 188
30 84
30 571
30 660
31 329
31 417
31 575
31 747
31 127
31 194
31 507
31 874
31 219
31 922
31 926
31 215
31 158
31 901
31 486
31 880
31 772
32 794
32 971
32 376
32 987
32 354
32 602
32 353
32 896
32 527
32 75
32 740
32 985
32 770
32 338
33 425
33 358
33 648
33 601
33 621
33 297
33 407
33 905
33 968
33 365
33 705
33 171
33 557
33 45
33 513
34 94
34 950
34 437
34 54
34 329
34 640
34 876
34 895
34 413
34 965
34 81
34 961
34 469
34 480
35 831
35 513
35 996
35 412
35 441
35 339
35 665
35 50
35 850
35 865
36 928
36 807
36 951
36 537
36 526
36 870
36 639
36 100
36 820
36 970
36 955
36 536
36 61
36 888
36 202
37 207
37 474
37 184
37 334
37 213
37 444
37 395
37 433
37 621
37 826
37 309
38 199
38 770
38 82
38 888
38 433
38 716
38 493
38 390
38 972
38 571
38 230
38 452
38 739
38 289
38 808
38 155
38 343
38 430
39 274
39 60
39 713
39 574
39 857
39 278
39 410
39 257
39 129
39 960
39 481
39 614
39 499
39 625
39 931
39 432
39 422
40 992
40 704
40 60
40 104
40 508
40 259
40 206
40 997
40 98
40 592
41 275
41 681
41 149
41 486
41 581
41 485
41 232
41 723
41 183
41 271
41 452
41 775
41 551
41 291
41 376
41 413
41 976
42 154
42 262
42 851
42 347
42 723
42 516
42 501
42 367
42 299
42 906
42 769
42 630
43 429
43 65
43 606
43 199
43 797
43 203
43 997
43 891
43 600
43 305
43 751
43 435
43 712
43 799
44 660
44 412
44 732
44 413
44 288
44 334
44 668
44 596
44 820
44 821
44 211
44 405
44 557
44 250
44 61
44 890
44 65
44 918
44 941
44 493
44 961
44 130
44 86
44 936
45 420
45 66
45 460
45 998
45 957
45 535
45 936
45 161
45 761
45 279
45 772
45 404
45 594
45 376
46 910
46 895
46 763
46 552
46 214
46 912
46 554
46 304
46 913
46 846
46 606
46 920
46 344
46 301
46 760
46 458
46 704
46 744
47 995
47 144
47 747
47 953
47 937
47 831
47 970
47 240
47 483
47 737
47 666
48 630
48 150
48 545
48 140
48 866
48 845
48 550
48 656
48 945
48 208
48 855
48 962
48 543
48 390
48 657
48 163
48 884
49 822
49 116
49 827
49 872
49 294
49 314
49 167
49 684
49 679
49 707
49 642
49 835
49 270
49 752
49 438
49 750
49 311
49 526
50 250
50 775
50 360
50 155
50 553
50 298
50 110
50 234
50 191
50 309
50 53
51 390
51 142
51 74
51 565
51 83
51 932
51 568
51 86
51 236
51 52
51 158
51 210
51 523
51 701
51 420
52 443
52 66
52 214
52 519
52 84
52 412
52 617
52 635
52 65
52 807
52 946
52 515
52 233
52 771
52 158
52 629
52 765
52 274
52 709
52 556
52 198
52 511
52 770
53 934
53 109
53 349
53 537
53 288
53 470
53 866
53 819
53 240
53 749
53 307
53 664
53 965
53 385
53 970
54 892
54 799
54 788
54 499
54 365
54 745
54 233
54 536
54 736
54 578
54 651
54 385
54 278
54 638
54 261
54 421
54 640
55 964
55 873
55 126
55 910
55 291
55 819
55 83
55 288
55 881
55 854
55 448
55 793
56 123
56 71
56 871
56 106
56 251
56 528
56 328
56 514
56 357
56 647
57 648
57 583
57 67
57 867
57 803
57 154
57 922
57 762
57 882
57 276
57 190
57 173
57 307
57 798
57 534
57 671
57 123
57 284
57 503
57 151
57 857
57 394
58 722
58 382
58 156
58 903
58 800
58 366
58 591
58 974
59 532
59 292
59 332
59 367
59 266
59 934
59 307
59 904
59 464
59 448
59 158
59 385
59 645
60 877
60 95
60 600
60 452
60 187
60 367
60 246
60 945
60 198
61 954
61 823
61 722
61 237
61 697
61 317
61 321
61 624
61 189
61 518
61 891
61 896
61 376
61 272
61 339
61 295
61 380
61 728
61 835
61 592
61 559
62 375
62 635
62 485
62 640
62 477
62 463
62 86
62 763
62 742
62 254
62 676
62 187
62 995
62 511
62 411
62 118
62 133
62 631
62 838
62 596
62 446
62 759
62 194
62 556
63 333
63 191
63 525
63 665
63 933
63 649
63 325
63 413
63 305
63 802
63 144
63 479
63 618
63 790
64 631
64 793
64 790
64 208
64 278
64 914
64 174
64 382
64 964
64 402
64 424
64 632
64 647
64 341
64 683
64 315
64 117
64 649
64 398
65 915
65 413
65 969
65 502
65 574
65 976
65 923
65 727
65 190
65 155
65 422
65 142
65 551
65 882
65 903
66 887
66 464
66 815
66 828
66 366
66 456
66 747
66 172
66 885
66 790
66 248
66 904
66 282
66 581
66 264
66 134
66 259
66 383
66 754
66 392
66 344
66 296
67 911
67 468
67 243
67 614
67 492
67 295
67 308
67 76
67 541
67 619
67 806
68 893
68 327
68 728
68 956
68 582
68 749
68 971
68 723
68 867
68 298
69 798
69 455
69 787
69 281
69 93
69 86
69 986
69 302
69 129
69 547
70 72
70 740
70 832
70 665
70 887
70 138
70 961
70 916
70 281
70 533
70 467
70 950
70 438
71 752
71 340
71 235
71 987
71 216
71 904
71 993
71 399
71 130
71 649
71 496
72 813
72 688
72 216
72 555
72 393
72 439
72 812
72 390
72 446
72 768
72 787
72 736
72 984
72 73
72 357
72 490
73 448
73 584
73 531
73 184
73 858
73 882
73 978
73 212
73 411
73 830
73 930
73 528
73 662
73 991
73 827
73 321
73 235
73 805
73 967
73 290
73 586
73 220
73 358
74 78
74 360
74 162
74 957
74 657
74 345
74 738
74 950
74 582
74 483
74 541
74 634
74 425
75 724
75 911
75 937
75 485
75 140
75 671
75 507
75 320
75 144
75 642
75 359
75 135
75 153
75 115
75 521
76 593
76 452
76 456
76 725
76 539
76 666
76 870
76 387
76 556
77 975
77 83
77 531
77 534
77 326
77 492
77 667
77 248
77 247
77 598
77 106
77 715
78 692
78 947
78 152
78 293
78 584
78 408
78 377
78 479
78 574
78 879
78 932
78 570
78 535
78 724
78 452
79 127
79 281
79 257
79 345
79 564
79 888
79 516
79 361
79 509
79 164
79 467
79 733
79 670
79 510
79 364
79 406
79 203
79 911
79 439
79 492
80 267
80 135
80 809
80 303
80 671
80 533
80 434
80 838
80 476
80 909
80 814
81 620
81 862
81 825
81 308
81 985
81 137
81 786
81 492
81 187
81 525
81 933
81 884
81 419
81 431
81 657
82 767
82 371
82 166
82 689
82 991
82 653
82 566
82 803
82 992
82 251
82 245
82 372
82 281
82 736
82 601
82 754
82 970
83 502
83 735
83 235
83 823
83 189
83 867
83 497
83 551
83 88
83 789
83 991
83 542
83 324
83 848
83 126
83 880
83 429
83 192
84 859
84 273
84 636
84 697
84 916
84 957
84 115
84 720
84 158
84 542
84 109
84 622
84 412
84 946
84 220
85 490
85 145
85 503
85 991
85 471
85 873
85 925
85 491
85 464
86 248
86 552
86 852
86 354
86 488
86 992
86 790
86 217
86 875
86 216
86 877
86 366
86 251
86 277
87 325
87 289
87 687
87 825
87 421
87 298
87 136
87 813
87 974
87 330
87 608
87 515
87 296
87 175
87 732
87 165
87 867
87 827
87 994
87 970
88 266
88 502
88 415
88 855
88 639
88 695
88 388
88 485
88 159
88 542
89 187
89 809
89 735
89 928
89 644
89 336
89 292
89 605
89 276
89 782
89 205
89 863
89 895
90 465
90 414
90 280
90 142
90 378
90 635
90 337
90 424
90 644
90 917
90 386
90 972
90 688
91 826
91 753
91 771
91 268
91 965
91 971
91 948
91 900
91 745
91 628
92 597
92 952
92 893
92 444
92 169
92 778
92 192
92 394
92 171
92 481
92 329
93 377
93 287
93 193
93 522
93 882
93 313
93 570
93 800
93 107
93 969
94 120
94 462
94 984
94 425
94 882
94 700
94 413
94 318
94 360
94 284
94 412
94 742
94 852
94 783
94 275
94 496
94 795
95 530
95 543
95 186
95 304
95 831
95 549
95 615
95 253
95 519
95 504
96 419
96 692
96 162
96 296
96 217
96 396
96 538
96 102
96 455
96 775
96 438
96 795
97 281
97 911
97 265
97 428
97 961
97 247
97 695
97 249
97 327
97 891
97 618
97 356
97 534
97 235
97 974
98 116
98 618
98 446
98 585
98 647
98 813
98 966
98 567
98 564
98 630
98 787
98 349
98 392
98 548
99 590
99 655
99 227
99 836
99 248
99 382
99 339
99 427
100 245
100 594
100 729
100 180
100 228
100 669
100 657
100 770
100 852
101 604
101 449
101 829
101 666
101 357
101 989
101 668
101 257
101 611
101 509
101 655
101 481
101 364
101 382
101 628
101 237
102 132
102 875
102 794
102 897
102 842
102 397
102 877
102 654
102 520
102 666
102 604
102 895
102 911
102 595
102 200
102 857
102 166
103 308
103 785
103 271
103 459
103 266
103 321
103 972
103 731
103 903
103 469
103 280
103 799
103 422
103 671
103 879
103 578
103 816
103 906
104 319
104 679
104 655
104 185
104 315
104 561
104 889
104 217
104 907
104 713
104 183
104 762
104 216
105 803
105 733
105 215
105 401
105 529
105 354
105 791
105 958
105 110
105 106
105 699
105 766
105 901
105 258
105 492
105 899
105 646
105 298
105 230
105 196
105 736
105 359
105 668
105 991
105 174
106 984
106 289
106 456
106 757
106 343
106 509
106 337
106 669
106 323
106 135
106 301
106 748
106 286
106 839
106 330
106 549
106 438
106 763
106 375
106 710
106 814
106 296
106 410
106 847
106 602
107 795
107 361
107 828
107 178
107 482
107 808
107 762
107 526
107 659
107 555
107 471
107 779
108 649
108 358
108 640
108 528
108 542
108 144
108 721
108 477
108 119
108 175
108 657
108 540
108 365
108 344
108 331
109 291
109 835
109 621
109 635
109 920
109 396
110 282
110 141
110 840
110 965
110 894
110 892
110 555
110 599
110 985
110 691
110 675
110 629
110 820
110 643
110 232
110 418
111 218
111 802
111 328
111 363
111 807
111 393
111 571
111 739
111 920
111 763
111 437
111 143
111 475
111 405
112 359
112 732
112 463
112 298
112 551
112 329
112 776
112 704
112 609
112 482
112 593
112 953
113 522
113 309
113 242
113 284
113 684
113 759
113 617
113 316
113 182
113 557
113 938
114 664
114 566
114 116
114 611
114 502
114 169
114 558
114 516
115 257
115 326
115 951
115 779
115 823
115 461
115 816
115 710
115 151
115 721
115 402
115 720
115 187
116 445
116 449
116 387
116 922
116 511
116 591
116 749
116 480
116 517
116 355
116 776
116 440
116 958
117 791
117 941
117 206
117 872
117 767
117 812
117 222
117 545
117 733
117 798
117 423
117 642
117 576
118 192
118 891
118 250
118 831
118 487
118 356
118 859
118 953
118 229
118 392
118 581
118 732
118 895
118 432
118 615
118 438
118 773
119 919
119 171
119 567
119 798
119 223
119 811
119 661
119 618
119 372
120 813
120 782
120 934
120 459
120 151
120 697
120 909
120 492
120 912
120 312
120 668
120 138
121 774
121 828
121 936
121 501
121 591
121 644
121 178
121 580
121 439
121 475
121 163
121 145
121 288
121 908
122 787
122 760
122 961
122 269
122 451
122 770
122 490
123 262
123 298
123 629
123 732
123 843
123 468
123 801
123 778
123 859
123 437
123 675
123 302
123 321
124 188
124 666
124 281
124 447
124 175
124 457
124 783
124 372
124 800
124 583
124 686
124 794
125 624
125 131
125 951
125 146
125 860
125 184
125 931
125 721
125 641
125 164
125 993
125 697
125 777
125 348
125 266
125 897
125 192
125 172
126 205
126 923
126 556
126 203
126 271
126 554
126 532
126 918
126 447
126 809
126 572
126 619
126 852
126 156
126 980
126 368
127 611
127 717
127 572
127 244
127 760
127 530
127 606
127 581
127 489
127 849
127 279
127 643
127 710
127 772
127 721
128 926
128 544
128 173
128 626
128 867
128 352
128 631
128 186
128 333
129 839
129 795
129 990
129 281
129 386
129 339
129 166
129 475
129 309
129 537
129 566
129 577
129 383
129 358
129 955
130 172
130 836
130 886
130 620
130 938
130 137
130 712
130 372
130 314
130 570
130 566
130 834
130 397
130 529
130 847
130 353
130 544
130 216
131 142
131 867
131 404
131 220
131 395
131 431
131 140
131 460
131 869
131 802
131 585
131 377
131 710
131 504
131 232
132 991
132 682
132 235
132 876
132 750
132 718
132 613
132 597
132 531
132 282
132 769
132 586
132 366
132 291
132 374
133 260
133 446
133 633
133 648
133 946
133 763
133 476
133 724
133 313
133 610
133 569
133 138
133 511
133 248
133 853
133 954
133 881
133 302
133 905
133 409
133 257
134 232
134 593
134 597
134 201
134 954
134 843
134 778
134 926
134 196
134 805
135 908
135 729
135 704
135 238
135 606
135 742
135 674
135 343
135 291
136 993
136 773
136 586
136 234
136 748
136 933
136 479
136 288
136 908
136 554
136 755
136 348
136 832
136 216
136 958
137 646
137 165
137 368
137 755
137 632
137 418
137 485
137 239
137 469
137 697
137 321
137 633
137 450
137 248
137 381
137 855
137 313
137 626
137 539
137 203
138 361
138 145
138 852
138 394
138 147
138 194
138 292
138 285
138 968
138 695
138 688
138 486
138 584
138 834
138 573
138 218
139 671
139 655
139 720
139 626
139 768
139 528
139 532
139 940
139 736
139 870
139 974
139 900
140 489
140 899
140 968
140 825
140 299
140 622
140 200
140 490
140 623
140 246
140 981
140 331
140 731
140 849
141 971
141 754
141 734
141 164
141 485
141 942
141 295
141 723
141 563
141 152
141 446
141 532
141 764
141 521
141 483
141 391
142 748
142 675
142 575
142 422
142 955
142 297
142 143
142 409
142 178
142 367
142 660
142 832
142 448
142 144
142 885
143 908
143 898
143 965
143 531
143 161
143 781
143 403
143 821
143 226
143 454
143 292
143 168
143 794
144 601
144 970
144 174
144 253
144 973
144 409
144 789
144 805
144 423
144 870
144 809
144 556
144 339
144 340
144 894
144 314
145 209
145 286
145 392
145 830
145 450
145 858
145 706
145 380
145 570
145 412
145 321
145 174
145 280
145 217
145 724
146 764
146 700
146 313
146 788
146 640
146 546
146 377
146 685
146 718
146 153
146 799
146 480
146 908
146 362
146 379
146 584
146 423
147 351
147 825
147 294
147 236
147 509
147 322
147 563
147 348
147 341
147 824
147 292
147 177
148 994
148 394
148 808
148 586
148 941
148 924
148 631
148 426
148 420
149 499
149 160
149 252
149 295
149 321
149 496
149 565
149 308
149 284
149 704
150 460
150 192
150 977
150 320
150 160
150 624
150 748
150 901
150 869
150 563
150 235
150 608
151 315
151 881
151 403
151 915
151 355
151 613
151 299
151 379
151 606
151 587
151 625
151 290
151 156
151 971
151 505
151 495
152 254
152 469
152 599
152 919
152 417
152 908
152 276
152 985
152 376
152 228
152 721
152 987
153 404
153 590
153 384
153 188
153 929
153 793
153 629
153 415
153 523
153 749
153 387
153 359
153 388
154 400
154 677
154 591
154 407
154 311
154 215
154 580
154 321
154 516
154 616
154 683
154 763
154 208
155 542
155 365
155 208
155 903
155 296
155 455
155 349
155 590
155 272
155 603
155 502
155 281
155 983
156 721
156 850
156 510
156 639
156 269
156 217
156 676
156 423
156 587
156 469
156 944
156 535
156 281
156 765
157 801
157 305
157 666
157 711
157 174
157 218
157 921
157 471
157 885
157 624
157 919
157 374
157 984
157 878
158 998
158 887
158 423
158 802
158 184
158 165
158 238
158 268
158 963
158 329
158 409
158 411
158 314
159 572
159 920
159 661
159 845
159 807
159 929
159 215
159 793
159 604
159 716
159 717
159 414
159 437
159 206
160 465
160 448
160 958
160 474
160 424
160 459
160 814
160 682
160 860
160 708
160 426
160 214
160 348
160 371
161 490
161 896
161 972
161 770
161 297
161 797
161 174
161 732
161 636
161 397
161 399
161 573
162 957
162 815
162 385
162 578
162 489
162 362
162 471
162 487
162 860
162 407
162 470
163 716
163 585
163 308
163 868
163 749
163 894
163 633
163 316
163 494
163 646
164 299
164 245
164 845
164 832
164 614
164 437
164 313
164 980
164 247
164 380
164 904
164 528
164 318
165 218
165 237
165 788
165 987
165 873
165 212
165 643
165 297
165 625
165 322
165 189
165 698
165 283
165 266
165 536
165 338
165 267
165 504
165 843
166 624
166 954
166 702
166 741
166 237
166 831
166 317
166 353
166 493
166 580
167 234
167 781
167 782
167 315
167 978
167 727
167 517
167 832
167 213
167 492
167 522
167 644
167 697
168 748
168 670
168 606
168 833
168 607
168 593
168 220
168 822
168 530
168 445
168 850
168 241
168 193
168 480
168 818
168 190
169 280
169 982
169 274
169 996
169 403
169 483
169 228
169 687
169 607
169 440
169 937
169 334
169 506
169 344
169 383
169 644
169 387
170 174
170 687
170 863
170 862
170 210
170 340
170 381
170 208
170 771
170 360
170 177
170 247
170 404
170 214
170 239
170 237
170 640
170 739
170 967
170 755
171 751
171 769
171 700
171 739
171 661
171 392
171 451
171 834
171 887
171 835
171 934
171 974
171 229
171 278
172 250
172 590
172 864
172 427
172 284
172 326
172 353
172 853
172 670
172 968
172 200
172 243
173 882
173 715
173 614
173 540
173 952
173 901
173 955
173 560
173 799
173 838
173 299
173 436
173 835
173 533
173 297
173 655
173 938
174 822
174 419
174 559
174 305
174 358
174 623
174 431
174 876
174 720
174 243
174 734
174 982
174 859
175 873
175 775
175 723
175 675
175 506
175 269
175 684
175 736
175 231
175 991
175 826
176 843
176 874
176 512
176 382
176 658
176 405
176 688
176 685
176 884
176 298
176 413
176 605
176 944
177 655
177 546
177 932
177 384
177 346
177 598
177 337
177 928
177 942
177 552
177 424
177 712
177 972
178 300
178 334
178 320
178 335
178 376
178 643
178 677
178 303
178 507
179 620
179 492
179 479
179 447
179 538
179 808
179 965
179 834
179 628
179 824
179 947
179 988
179 499
179 754
179 599
179 639
179 721
179 930
179 491
179 351
180 251
180 197
180 743
180 224
180 187
180 634
180 957
180 723
180 756
180 807
180 727
180 337
181 766
181 305
181 428
181 736
181 278
181 729
181 357
181 274
181 673
181 821
181 613
181 893
181 796
181 844
181 566
181 308
182 313
182 686
182 614
182 963
182 981
182 306
182 886
182 476
182 965
182 499
182 355
182 213
183 792
183 197
183 868
183 286
183 638
183 495
183 881
183 243
183 488
183 624
183 362
183 333
184 406
184 765
184 318
184 233
184 897
184 991
184 395
184 863
184 207
184 445
184 837
184 411
184 315
184 248
185 430
185 266
185 702
185 484
185 928
185 593
185 759
185 438
185 884
185 573
185 197
185 994
185 837
185 385
185 716
186 594
186 948
186 216
186 621
186 816
186 247
186 988
186 986
186 358
186 300
186 791
186 397
187 233
187 761
187 513
187 630
187 725
187 861
187 938
187 811
187 651
187 892
187 958
187 671
188 690
188 235
188 415
188 349
188 657
188 326
188 738
188 595
188 990
188 744
188 274
188 957
188 479
188 263
189 455
189 576
189 795
189 550
189 517
189 511
189 875
189 427
189 764
189 745
189 203
189 672
189 743
189 731
189 781
189 221
190 922
190 939
190 254
190 965
190 981
190 742
190 444
190 692
190 828
190 331
190 574
190 940
190 752
191 387
191 845
191 332
191 469
191 369
191 927
191 635
191 504
191 454
191 598
191 634
192 951
192 613
192 879
192 963
192 767
192 271
192 833
192 812
192 403
192 500
192 247
192 341
193 538
193 823
193 694
193 581
193 779
193 285
193 829
193 679
193 446
193 882
193 832
193 407
193 451
193 636
193 845
193 766
194 251
194 916
194 639
194 979
194 510
194 928
194 752
194 230
194 432
194 572
194 274
195 829
195 434
195 986
195 871
195 281
195 318
195 907
195 629
195 494
195 872
195 837
195 799
195 953
195 252
196 938
196 583
196 219
196 491
196 819
196 919
196 452
196 387
196 275
196 653
196 318
196 217
196 778
196 648
196 278
196 610
196 566
196 216
196 405
197 596
197 692
197 409
197 873
197 740
197 767
197 700
197 201
197 726
197 554
197 552
198 390
198 275
198 435
198 861
198 845
198 958
198 494
198 710
198 949
198 484
198 679
198 522
198 805
198 999
198 521
199 280
199 371
199 948
199 850
199 942
199 918
199 450
199 776
199 299
199 720
199 608
200 209
200 689
200 619
200 596
200 917
200 812
200 504
200 489
200 496
200 978
200 633
200 925
200 601
201 490
201 881
201 427
201 452
201 943
201 640
201 720
201 667
201 668
201 288
201 624
201 536
202 523
202 468
202 395
202 947
202 856
202 624
202 959
202 492
202 236
202 835
202 506
202 579
202 842
202 551
202 353
203 796
203 265
203 963
203 624
203 646
203 944
203 444
203 569
203 821
203 238
203 674
203 374
203 870
204 711
204 725
204 803
204 844
204 306
204 505
204 610
204 729
204 600
204 208
204 591
204 939
204 601
204 903
204 550
205 680
205 842
205 390
205 608
205 795
205 620
205 517
205 876
205 958
205 533
205 699
205 731
205 498
205 570
206 351
206 624
206 700
206 403
206 656
206 939
206 904
206 675
206 968
207 659
207 314
207 525
207 818
207 410
207 750
207 258
207 783
207 524
207 328
207 498
207 334
207 712
207 854
207 535
207 628
208 248
208 828
208 642
208 790
208 682
208 924
208 558
208 321
208 801
208 246
208 591
209 551
209 990
209 815
209 757
209 440
209 705
209 934
209 264
209 498
210 515
210 938
210 878
210 693
210 536
210 657
210 341
210 349
211 468
211 416
211 788
211 843
211 273
211 816
211 244
211 976
211 653
211 896
211 390
212 695
212 555
212 826
212 468
212 672
212 347
212 978
212 868
212 477
212 422
213 954
213 811
213 814
213 892
213 585
213 344
213 825
213 776
213 663
213 984
213 452
214 690
214 717
214 789
214 321
214 537
214 575
214 734
214 441
214 761
214 925
215 502
215 996
215 804
215 669
215 566
215 732
215 852
215 668
215 349
215 578
215 360
215 867
215 782
215 822
215 956
215 610
215 253
216 959
216 234
216 767
216 584
216 637
216 492
216 978
216 420
216 853
216 422
216 948
217 644
217 456
217 233
217 682
217 831
217 975
217 358
217 697
217 432
218 932
218 328
218 703
218 609
218 707
218 580
218 610
218 964
218 934
218 351
218 572
218 951
218 444
218 396
218 929
219 481
219 589
219 962
219 428
219 740
219 863
219 464
219 552
219 729
219 310
219 515
219 359
219 801
220 524
220 262
220 367
220 248
220 342
220 493
220 253
220 504
220 944
220 383
220 939
220 706
220 251
220 344
220 976
221 489
221 940
221 699
221 520
221 464
221 615
221 389
221 304
221 359
221 816
221 587
221 921
221 441
221 393
221 959
221 708
221 778
222 845
222 780
222 526
222 442
222 308
222 649
222 833
222 529
222 251
222 941
223 686
223 700
223 934
223 682
223 929
223 993
224 330
224 278
224 265
224 325
224 364
224 233
224 688
224 721
224 779
224 241
225 540
225 781
225 322
225 732
225 501
225 564
225 697
225 281
225 873
225 687
225 421
225 569
225 952
225 613
225 478
225 719
225 700
225 364
225 348
225 598
225 463
226 915
226 660
226 576
226 253
226 333
226 364
226 923
226 778
226 898
226 776
226 847
226 267
226 963
226 601
226 899
226 621
227 864
227 483
227 464
227 710
227 490
227 580
227 594
227 771
227 780
228 423
228 232
228 355
228 664
228 951
228 493
228 369
228 589
228 263
228 444
228 597
228 310
228 557
228 328
229 543
229 630
229 868
229 771
229 707
229 499
229 696
230 346
230 699
230 865
230 972
230 567
230 666
230 413
230 308
230 439
230 321
231 914
231 760
231 427
231 853
231 864
231 413
231 359
231 264
231 478
231 896
232 586
232 819
232 330
232 625
232 684
232 573
232 538
232 892
232 552
232 762
232 379
232 246
232 255
232 452
233 606
233 961
233 445
233 755
233 630
233 277
233 522
233 255
233 491
233 564
233 783
233 328
233 938
233 862
234 553
234 801
234 543
234 586
234 926
234 774
234 955
235 940
235 829
235 416
235 263
235 781
235 860
235 518
235 506
235 581
235 339
235 265
235 357
235 805
235 769
235 977
235 471
235 434
236 499
236 475
236 487
236 642
236 634
236 368
236 385
236 551
236 910
236 402
236 440
237 985
237 264
237 615
237 423
237 294
237 433
237 925
237 467
237 502
237 238
237 634
237 460
237 819
238 588
238 697
238 353
238 972
238 967
238 335
238 549
238 567
238 534
238 601
238 878
238 251
238 266
238 886
238 874
238 634
238 656
239 697
239 300
239 399
239 892
239 619
239 254
239 575
239 743
239 896
239 885
239 937
239 490
239 317
240 792
240 968
240 517
240 939
240 480
240 263
240 944
240 349
240 777
240 438
240 990
240 355
240 340
240 328
240 693
240 988
241 936
241 586
241 999
241 800
241 424
241 718
241 520
241 276
241 431
241 826
241 309
241 522
241 473
241 781
241 850
241 313
241 456
241 979
241 948
241 611
241 839
241 688
241 504
241 490
241 478
242 300
242 692
242 415
242 973
242 909
242 762
242 954
242 975
243 704
243 532
243 769
243 372
243 493
243 605
243 671
243 911
243 334
243 502
243 633
243 658
244 687
244 286
244 319
244 621
244 391
244 290
244 449
244 281
244 298
244 441
245 623
245 346
245 319
245 743
245 880
245 497
245 680
245 909
245 643
246 567
246 277
246 336
246 455
246 699
246 251
246 916
246 819
246 711
246 843
246 485
246 576
246 550
246 275
246 353
246 749
246 771
246 901
246 614
247 248
247 785
247 376
247 544
247 464
247 484
247 995
247 864
247 289
247 906
248 533
248 888
248 970
248 855
248 652
248 958
248 884
248 692
248 741
248 279
248 305
248 826
249 494
249 425
249 780
249 296
249 997
249 251
249 852
249 923
249 610
249 759
249 621
249 662
250 333
250 933
250 698
250 616
250 853
250 804
250 344
250 845
250 555
250 557
251 457
251 332
251 578
251 683
251 914
251 466
252 407
252 474
252 970
252 940
252 916
252 410
252 437
253 685
253 412
253 526
253 754
253 949
253 575
253 762
253 679
253 969
253 744
254 915
254 464
254 535
254 948
254 598
254 470
254 301
254 620
254 995
254 508
254 975
254 979
254 458
254 280
254 271
254 849
254 940
254 443
255 316
255 608
255 306
255 479
255 700
255 730
255 688
255 593
255 433
255 405
255 343
255 273
255 413
255 495
256 541
256 549
256 268
256 680
256 642
256 557
256 708
256 742
256 687
256 524
257 584
257 433
257 393
257 605
257 549
257 421
257 519
257 606
257 870
257 428
258 847
258 493
258 537
258 753
258 776
258 545
258 468
258 577
258 393
259 959
259 999
259 684
259 586
259 967
259 391
259 835
259 946
259 755
259 563
260 459
260 597
260 390
260 720
260 643
260 586
260 956
260 818
260 466
260 835
260 527
260 779
260 606
261 510
261 346
261 602
261 917
261 801
261 997
261 357
261 441
261 319
261 561
261 579
261 763
262 865
262 987
262 820
262 519
262 983
262 726
262 678
262 691
263 398
263 965
263 974
263 371
263 778
263 616
263 661
263 264
263 854
263 724
263 982
263 848
263 593
263 502
263 624
264 942
264 970
264 752
264 457
264 725
264 308
264 844
264 692
264 757
264 787
264 935
264 689
264 933
265 931
265 439
265 432
265 855
265 928
265 381
265 517
265 352
266 754
266 563
266 728
266 856
266 358
266 330
266 745
266 453
266 834
266 387
267 504
267 345
267 601
267 623
267 361
267 763
267 471
267 652
267 324
267 334
267 339
267 421
267 987
267 441
268 578
268 962
268 332
268 720
268 692
268 499
268 738
268 535
268 294
268 565
268 739
268 963
268 658
268 864
268 909
269 508
269 291
269 632
269 849
269 500
269 698
269 579
269 888
269 925
269 826
269 743
269 762
269 608
269 757
269 611
269 430
269 814
270 927
270 742
270 812
270 565
270 973
270 419
270 398
270 527
270 501
270 700
270 573
271 749
271 734
271 357
271 874
271 412
271 648
271 368
271 585
271 630
271 941
271 875
271 980
272 600
272 731
272 427
272 738
272 595
272 923
272 759
272 828
272 966
272 480
272 280
272 372
272 642
272 815
272 502
273 849
273 921
273 409
273 506
273 880
273 366
273 927
273 590
273 976
273 963
273 538
274 372
274 558
274 360
274 449
274 423
274 709
274 280
274 748
274 308
274 928
274 724
274 643
275 970
275 356
275 880
275 829
275 513
275 567
275 447
275 695
275 684
275 977
275 715
275 277
275 431
275 928
275 285
275 790
275 730
276 462
276 741
276 577
276 401
276 911
276 980
276 421
276 797
277 339
277 947
277 527
277 935
277 285
277 336
277 874
277 771
277 356
277 637
277 711
277 780
277 991
277 497
277 808
277 342
277 439
277 434
277 969
278 352
278 337
278 803
278 607
278 565
278 798
278 942
278 570
278 929
278 367
279 430
279 980
279 346
279 547
279 513
279 699
279 664
279 508
279 890
279 353
279 954
279 651
280 423
280 337
280 483
280 541
280 349
280 511
280 789
280 653
281 604
281 824
281 663
281 486
281 568
281 719
281 456
281 359
281 963
281 988
282 340
282 560
282 647
282 661
282 570
282 638
282 307
282 632
282 319
282 681
282 347
282 745
282 969
282 608
282 344
282 598
283 956
283 722
283 955
283 530
283 412
283 386
283 323
283 807
283 350
283 363
283 341
283 582
283 694
283 573
283 688
283 856
283 672
283 986
283 505
283 321
284 430
284 473
284 358
284 649
284 988
284 750
284 913
284 728
284 837
284 360
285 686
285 542
285 451
285 752
285 696
285 816
285 890
285 809
285 800
286 469
286 405
286 645
286 650
286 328
286 652
286 633
286 356
286 807
287 938
287 449
287 532
287 966
287 984
287 330
287 598
287 348
287 655
288 712
288 631
288 851
288 975
288 971
288 899
288 947
288 977
288 744
288 933
288 359
288 668
289 959
289 610
289 464
289 808
289 645
289 324
289 724
289 550
290 702
290 876
290 593
290 346
290 730
290 867
290 683
290 708
290 657
290 945
290 601
290 786
290 719
290 566
290 663
290 751
291 958
291 736
291 730
291 738
291 557
291 348
291 861
291 915
291 674
291 315
291 370
291 855
292 957
292 481
292 488
292 826
292 475
292 630
292 295
292 886
292 759
292 877
292 774
292 575
292 873
292 729
293 683
293 631
293 505
293 312
293 529
293 927
293 601
293 388
293 478
293 654
294 756
294 747
294 583
294 961
294 861
294 707
294 550
294 986
294 907
294 844
294 440
294 842
295 508
295 935
295 326
295 840
295 951
295 545
295 433
295 587
295 506
295 700
295 466
295 708
295 511
296 536
296 686
296 939
296 802
296 347
296 438
296 464
296 951
296 867
296 310
296 956
296 677
296 981
296 770
296 387
297 381
297 492
297 828
297 852
298 865
298 691
298 309
298 644
298 601
298 962
298 902
298 481
298 719
298 553
298 846
298 928
298 491
298 567
298 437
299 341
299 650
299 347
299 494
299 679
299 414
299 561
299 941
299 747
299 562
300 411
300 301
300 770
300 937
300 510
300 577
300 797
300 789
300 469
300 331
300 370
300 777
300 639
300 792
300 783
300 478
300 320
301 980
301 383
301 525
301 477
301 939
302 497
302 936
302 386
302 606
302 988
302 770
302 639
302 398
302 557
302 736
302 998
302 417
303 336
303 327
303 886
303 689
303 982
303 511
303 367
303 787
303 566
303 865
303 726
303 651
303 508
303 821
303 830
303 433
303 817
303 752
303 843
303 788
304 556
304 467
304 879
304 842
304 363
304 471
304 684
304 606
305 408
305 616
305 349
305 473
305 370
305 604
305 672
305 786
306 566
306 612
306 788
306 652
306 735
306 718
306 850
306 674
306 451
306 954
306 390
307 748
307 456
307 366
307 732
307 554
307 813
307 329
307 950
308 381
308 870
308 776
308 474
308 389
308 886
308 710
308 967
308 801
308 906
308 671
308 590
308 615
308 791
308 858
309 637
309 421
309 840
309 850
309 395
309 640
309 654
309 444
309 592
309 585
309 929
309 728
309 802
310 384
310 600
310 927
310 420
310 377
310 783
310 671
310 610
310 453
310 648
310 887
311 427
311 430
311 486
311 943
311 351
311 824
311 542
311 321
311 359
311 821
311 476
311 659
311 346
312 911
312 946
312 831
312 559
312 484
312 586
312 470
312 529
312 605
312 378
312 440
312 784
312 913
312 962
312 361
313 961
313 788
313 341
313 617
313 878
313 566
313 853
313 425
313 951
313 877
313 389
313 351
314 391
314 542
314 528
314 519
314 320
314 699
314 428
314 615
314 589
314 540
314 743
314 794
314 896
314 572
315 884
315 831
315 747
315 584
315 974
315 666
315 714
315 468
315 785
315 458
315 512
315 466
316 613
316 524
316 763
316 639
316 620
316 716
316 740
317 332
317 555
317 460
317 475
317 564
317 365
317 566
317 494
317 779
317 939
317 902
317 931
317 769
317 441
317 667
317 586
318 564
318 447
318 863
318 437
318 543
318 398
318 637
318 830
318 730
318 535
318 747
318 737
318 553
318 680
319 523
319 775
319 433
319 785
319 326
319 885
319 624
319 867
319 780
319 478
319 945
319 660
320 462
320 374
320 450
320 870
320 905
320 608
320 558
321 620
321 659
321 700
321 354
321 643
321 733
321 914
321 753
322 592
322 850
322 533
322 721
322 894
322 523
322 711
322 928
322 547
322 397
323 980
323 698
323 943
323 852
323 426
323 479
323 531
323 464
323 836
323 483
323 849
323 825
323 969
323 989
324 861
324 708
324 533
324 931
324 798
324 523
324 961
324 637
324 955
325 484
325 717
325 691
325 919
325 563
325 669
326 819
326 332
326 644
326 869
326 481
326 469
326 909
326 717
326 742
326 378
326 895
326 505
327 986
327 630
327 844
327 787
327 974
327 724
327 428
327 708
327 996
327 365
327 852
328 781
328 835
328 722
328 801
328 423
328 410
328 957
328 458
328 999
329 885
329 731
329 544
329 823
329 826
329 555
329 649
329 674
329 707
329 774
329 522
329 594
329 334
329 992
329 403
329 775
329 954
330 714
330 773
330 722
330 358
330 612
330 923
330 790
330 443
330 551
330 778
330 571
330 469
330 525
330 913
330 437
331 539
331 393
331 355
331 690
331 654
331 716
331 870
331 487
331 564
331 967
331 381
331 374
331 732
332 883
332 430
332 834
332 436
332 657
332 957
332 525
332 444
332 765
333 907
333 453
333 359
333 920
333 897
333 634
333 855
333 892
333 773
334 467
334 709
334 664
334 439
334 686
334 442
334 637
334 871
335 898
335 913
335 863
335 412
335 887
336 954
336 440
336 400
336 829
336 997
336 893
336 498
336 438
336 745
336 558
336 821
337 805
337 855
337 738
337 936
337 945
337 428
337 880
338 507
338 465
338 568
338 436
338 663
338 440
338 816
338 753
339 971
339 649
339 991
339 580
339 863
339 771
339 486
339 420
340 465
340 920
340 414
340 783
340 503
340 726
340 998
340 827
340 529
340 430
340 528
340 487
340 622
340 548
341 567
341 818
341 450
341 419
341 369
341 877
341 588
341 359
341 898
341 640
341 732
342 895
342 357
342 852
342 623
342 358
342 544
342 415
342 997
342 759
342 401
343 506
343 664
343 449
343 381
343 767
343 373
343 637
343 410
343 396
343 985
343 933
343 871
344 707
344 759
344 726
344 822
344 369
344 868
345 945
345 407
345 811
345 638
345 719
345 462
345 650
345 447
345 571
345 355
345 951
345 389
346 456
346 543
346 714
346 414
346 989
346 941
346 357
346 695
346 647
346 872
346 503
346 948
347 592
347 500
347 733
347 669
347 798
347 707
347 764
347 937
347 512
347 956
347 760
347 727
347 953
347 662
347 780
347 814
348 434
348 533
348 708
348 693
348 649
348 670
348 476
348 730
348 608
348 722
348 946
348 986
349 418
349 583
349 468
349 528
349 794
349 695
349 391
349 437
349 686
349 465
350 741
350 821
350 465
350 616
350 777
350 433
350 470
351 410
351 589
351 813
351 895
351 976
351 909
351 822
351 383
351 829
351 908
351 407
351 705
351 662
351 357
352 526
352 380
352 922
352 807
352 691
352 494
352 856
352 790
353 826
353 858
353 583
353 676
353 627
353 988
353 388
353 405
353 399
353 376
353 548
353 760
353 355
353 772
353 994
354 891
354 927
354 895
354 938
354 759
354 533
354 410
354 485
354 878
354 649
354 375
354 424
355 753
355 447
355 694
355 504
355 473
355 500
355 928
355 557
355 432
355 410
355 710
355 994
355 438
355 760
355 746
356 887
356 963
356 481
356 889
356 789
356 866
356 818
356 919
356 406
357 669
357 761
357 482
357 477
358 702
358 876
358 756
358 501
358 685
358 635
358 642
358 751
358 907
358 471
358 889
358 424
359 694
359 437
359 925
359 681
359 949
359 972
359 748
359 846
359 488
359 978
359 390
359 776
359 966
360 982
360 847
360 886
360 381
360 873
360 628
360 660
360 609
360 679
360 642
360 888
360 835
360 519
360 488
361 377
361 684
361 851
361 422
361 899
361 847
361 466
361 538
361 765
361 620
362 930
362 389
362 611
363 693
363 955
363 991
363 949
363 658
363 389
363 637
363 654
363 978
364 425
364 569
364 733
364 918
364 505
364 462
364 992
364 920
364 831
364 529
364 708
364 735
364 642
364 477
364 910
364 468
364 520
364 510
364 884
365 588
365 537
365 731
365 744
365 641
365 472
365 596
365 736
365 671
365 527
365 779
365 952
366 469
366 779
366 665
366 595
366 591
367 978
367 381
367 493
367 543
367 651
367 837
367 691
367 823
368 433
368 936
368 656
368 928
368 871
368 903
368 497
368 847
368 495
368 878
369 583
369 459
369 840
369 954
369 643
369 412
369 568
369 457
369 753
369 880
369 978
370 779
370 511
370 899
370 421
370 751
370 664
370 759
370 569
370 408
370 558
370 872
371 938
371 383
371 467
371 910
371 857
371 679
371 678
371 867
371 983
371 462
371 890
372 983
372 606
372 723
372 764
372 753
372 666
372 702
372 900
372 436
372 514
373 492
373 902
373 487
373 471
373 776
373 609
373 445
373 768
373 743
373 923
373 568
373 794
373 507
374 587
374 695
374 388
374 976
374 407
374 686
374 773
374 528
374 610
374 833
374 405
374 793
375 574
375 676
375 779
375 653
375 508
375 451
375 790
376 791
376 412
376 554
376 843
376 560
377 667
377 761
377 943
377 477
377 619
377 528
377 988
378 713
378 984
378 823
378 596
378 748
378 530
378 801
379 793
379 904
379 525
379 698
379 827
379 816
380 763
380 730
380 817
380 824
380 962
380 909
380 582
381 648
381 896
381 461
381 546
381 622
381 431
381 971
381 978
382 691
382 517
382 422
382 601
382 606
382 843
382 839
382 511
382 947
382 917
383 663
383 430
383 891
383 734
383 439
383 810
383 626
383 404
383 961
384 407
384 401
384 500
384 497
384 470
384 490
384 844
384 731
384 718
385 523
385 870
385 432
385 450
385 652
385 534
385 591
386 680
386 533
386 677
386 890
386 977
386 560
386 725
386 566
386 473
386 795
386 856
386 874
386 963
386 407
387 847
387 788
387 509
387 852
387 938
387 422
387 629
387 530
387 774
387 791
387 648
388 564
388 441
388 523
388 539
388 457
388 518
388 853
388 706
388 903
388 389
388 753
388 393
389 543
389 926
389 771
389 984
389 525
389 689
389 606
389 425
389 651
389 713
389 924
390 701
390 567
390 744
390 692
390 829
390 639
390 882
390 545
390 424
390 510
391 871
391 575
391 753
391 917
391 873
391 403
391 647
391 933
391 890
391 416
391 411
391 696
391 773
392 895
392 646
392 540
392 877
392 790
392 988
392 842
392 464
392 931
392 775
392 662
393 795
393 738
393 709
393 693
393 614
393 713
393 611
393 840
393 896
393 669
393 601
393 570
393 782
394 499
394 604
394 432
394 607
394 532
394 616
394 762
394 878
394 522
394 652
394 748
394 893
394 986
395 826
395 605
395 464
395 655
395 618
395 458
395 883
395 500
395 649
395 501
395 529
395 627
395 992
395 801
396 835
396 633
396 923
396 462
396 748
396 762
396 919
397 440
397 595
397 515
397 574
398 873
398 402
398 872
398 759
398 882
398 728
398 997
398 410
399 970
399 723
399 459
399 722
399 871
399 647
399 781
399 619
399 437
399 472
399 550
399 867
400 654
400 703
400 780
400 530
400 572
400 557
400 563
400 968
400 639
401 766
401 473
401 777
401 878
401 956
401 843
402 983
402 994
402 922
402 519
402 618
402 824
402 889
402 645
402 458
402 743
403 629
403 431
403 638
403 489
403 623
403 758
403 996
403 411
403 514
403 860
403 945
403 873
403 564
403 834
403 536
404 723
404 621
404 923
404 935
404 843
404 539
404 682
404 919
404 924
404 468
405 832
405 624
405 580
405 600
405 896
405 614
405 704
405 771
406 750
406 524
406 699
406 458
406 865
406 413
407 949
407 725
407 900
407 549
407 734
407 715
408 990
408 836
408 935
408 617
408 739
408 460
408 446
408 683
408 532
408 529
409 947
409 839
409 733
409 458
409 447
409 925
409 875
409 719
410 444
410 712
410 415
410 602
410 414
410 747
410 716
410 655
410 440
410 446
410 990
410 846
410 659
411 814
411 989
411 581
411 428
411 849
411 483
411 929
411 753
411 704
411 511
411 588
411 868
411 994
411 443
411 802
412 470
412 803
412 919
412 472
412 668
412 748
412 988
412 689
413 552
413 662
413 612
413 641
413 626
413 613
413 683
413 699
413 829
413 571
414 545
414 816
415 513
415 797
415 489
415 768
415 568
415 952
415 897
415 800
415 625
415 593
415 698
416 963
416 500
416 644
416 840
416 865
416 643
416 924
416 986
416 574
416 960
416 517
416 876
417 666
417 796
417 836
417 722
417 954
417 438
418 988
418 678
418 432
418 420
418 976
418 463
418 431
418 811
418 703
418 737
418 440
418 906
418 426
418 807
418 827
418 648
419 936
419 944
419 845
419 620
419 563
419 437
419 643
419 490
419 619
419 530
419 421
419 581
419 742
419 452
419 596
419 972
419 863
420 791
420 611
420 640
420 483
420 577
420 837
420 913
421 541
421 616
421 686
421 623
421 842
421 853
421 755
421 599
421 653
422 824
422 617
422 503
422 602
422 683
422 981
422 580
422 936
422 737
422 894
422 968
422 632
423 971
423 972
423 496
423 613
423 610
423 855
423 690
423 970
423 851
424 539
424 634
424 992
424 675
424 668
424 473
424 631
424 491
425 955
425 740
425 884
425 602
425 527
425 714
425 595
425 747
425 799
425 935
425 847
425 468
425 534
425 688
425 621
425 631
425 737
426 865
426 769
426 953
426 894
426 461
426 821
426 595
426 832
426 951
426 787
426 665
426 935
426 739
426 518
427 697
427 729
427 585
427 619
427 534
427 760
427 550
427 589
427 706
428 790
428 491
428 431
428 870
428 573
428 660
428 666
428 911
428 575
429 865
429 711
429 946
429 780
429 507
429 473
429 578
430 876
430 794
430 824
430 877
430 535
430 834
430 546
430 639
431 813
431 515
431 899
431 969
431 658
431 654
431 853
432 577
432 493
432 532
432 441
432 568
432 487
432 607
432 593
432 881
432 637
433 800
433 608
433 532
433 780
433 978
433 446
433 468
433 602
433 779
433 958
434 709
434 916
434 734
434 562
434 792
434 580
435 989
435 550
435 900
435 511
435 712
435 652
436 959
436 452
436 527
436 861
436 871
436 706
436 993
436 818
436 566
436 508
436 857
436 849
437 454
437 607
437 846
437 494
437 771
437 772
437 538
437 731
437 887
438 978
438 915
438 969
438 707
438 828
438 462
438 845
438 465
438 575
438 794
438 771
438 886
438 996
438 591
439 772
439 447
439 543
439 723
439 649
439 692
439 627
439 905
439 585
439 503
439 582
439 476
439 552
439 478
440 826
440 483
440 818
440 965
440 468
440 882
440 683
441 976
441 516
441 858
441 928
441 815
441 901
441 454
441 563
442 974
442 895
442 858
442 990
442 527
442 547
442 487
442 696
443 736
443 886
443 514
443 654
443 533
443 942
443 996
443 906
443 927
444 795
444 721
444 912
444 470
444 918
444 745
444 671
444 598
444 850
444 697
444 583
445 579
445 489
445 836
445 497
445 894
445 613
446 981
446 602
446 709
446 784
446 927
446 645
446 935
447 886
447 538
447 987
447 579
447 899
447 483
447 869
447 971
448 834
448 457
448 638
448 644
448 513
448 563
448 580
448 735
448 475
448 815
448 641
449 711
449 466
449 678
449 800
449 969
449 926
449 712
449 586
449 906
449 952
450 927
450 581
450 774
450 783
450 940
450 621
450 908
450 797
450 457
450 993
451 874
451 562
451 599
451 724
451 476
451 921
451 784
451 749
452 693
452 995
452 457
452 907
452 917
452 894
452 507
452 487
452 501
452 455
452 602
453 716
453 804
453 663
453 475
453 729
453 461
453 457
453 895
453 508
453 889
454 675
454 681
454 938
454 871
454 626
454 939
454 951
455 795
455 516
455 814
455 680
455 750
455 813
455 980
455 580
455 682
455 898
455 624
455 985
456 671
456 802
456 909
456 886
456 789
456 984
457 893
457 514
457 912
457 498
457 985
457 691
458 647
458 985
458 514
458 642
458 464
458 874
458 485
458 554
459 702
459 787
459 789
459 698
459 723
459 565
460 906
460 953
460 968
460 540
460 517
460 703
461 595
461 776
461 802
461 844
461 572
461 884
461 632
461 815
461 719
461 637
461 734
461 590
461 653
462 962
462 837
462 468
462 638
462 652
462 496
463 544
463 871
463 726
463 674
463 569
463 691
463 504
463 899
463 983
463 665
464 889
464 812
464 714
464 578
464 488
464 971
464 657
464 937
464 814
464 958
464 539
464 765
465 762
465 639
465 489
465 842
465 625
465 932
465 669
465 640
465 709
466 927
466 874
466 942
466 904
466 709
466 831
467 876
467 551
467 820
467 880
467 475
467 958
467 882
467 864
468 577
468 580
468 991
468 691
468 717
468 909
468 933
468 972
468 842
468 853
468 956
469 937
469 881
469 749
469 646
469 553
469 591
470 919
470 613
470 546
470 942
470 779
470 562
470 542
470 809
471 930
471 585
471 902
471 774
471 485
471 790
471 933
471 959
471 920
471 582
471 817
471 688
471 808
471 560
471 882
472 940
472 710
472 839
472 729
472 521
472 713
472 806
472 503
472 906
472 604
473 637
473 528
473 477
473 640
473 659
473 569
473 620
473 869
474 637
474 526
474 632
474 976
474 907
474 598
474 555
474 566
474 727
474 476
475 737
475 930
475 587
475 853
475 582
475 761
475 890
476 896
476 637
476 583
476 684
476 656
476 883
477 769
477 726
477 639
477 563
477 671
477 499
477 937
477 719
477 580
478 533
478 709
478 800
478 981
478 952
478 989
478 783
478 935
478 929
478 574
478 814
478 640
479 825
479 520
479 974
479 926
479 522
480 794
480 838
480 668
480 779
480 483
480 963
480 638
480 674
480 625
480 485
480 780
480 539
480 867
481 914
481 882
481 640
481 617
481 830
481 872
481 897
482 786
482 484
482 727
482 711
482 646
482 886
482 623
482 941
482 601
482 962
482 651
482 604
482 528
483 953
483 736
483 674
483 707
483 725
483 653
483 602
483 694
483 629
483 561
483 905
484 551
484 657
484 796
484 507
484 853
484 574
484 596
485 995
485 943
485 842
485 548
485 821
486 893
486 670
486 511
486 733
486 757
486 710
486 611
486 929
486 713
486 825
487 753
487 770
487 577
487 821
488 767
488 586
488 621
488 699
488 977
488 772
489 624
489 587
489 638
489 603
489 851
489 780
489 621
489 850
489 809
489 711
490 737
490 615
490 684
490 962
490 802
490 589
490 642
491 977
491 718
491 748
491 649
491 899
491 525
492 584
492 837
492 872
492 708
492 709
492 503
492 529
492 778
492 692
492 530
493 769
493 608
493 594
493 577
493 666
493 589
493 685
494 782
494 764
494 597
494 751
494 522
495 606
495 529
495 851
495 789
495 795
496 930
496 783
496 709
496 711
496 589
496 867
497 692
497 676
497 554
497 975
497 988
497 513
497 828
497 952
497 511
498 850
498 795
498 803
499 718
499 563
499 545
499 698
499 995
499 508
499 630
499 954
499 972
499 752
499 943
500 538
500 599
500 917
500 525
500 646
500 745
500 751
500 687
500 511
500 502
500 802
500 572
500 763
500 638
500 855
500 872
500 556
501 691
501 546
501 632
501 709
501 535
501 740
501 901
501 987
501 919
501 665
502 779
502 871
502 750
502 732
502 537
502 955
502 657
503 825
503 727
503 788
503 906
503 879
503 807
503 953
504 762
504 990
504 595
504 783
504 528
504 987
505 898
505 850
505 585
505 548
505 817
505 941
505 522
505 725
505 630
505 891
505 665
506 936
506 815
506 580
506 570
506 849
506 631
506 854
506 542
506 853
506 951
507 543
507 994
507 847
507 576
507 533
507 711
507 641
507 547
507 787
507 835
508 606
508 916
508 987
508 738
508 951
508 692
508 807
509 600
509 898
510 589
510 593
510 573
510 528
510 650
510 991
510 795
510 804
510 520
511 718
511 740
511 876
511 701
511 525
511 788
511 921
512 894
512 833
512 838
512 962
512 983
513 890
513 829
513 769
513 572
513 839
513 973
513 988
513 763
513 990
513 610
514 714
514 546
514 652
514 829
514 550
514 793
514 678
514 908
514 628
515 849
515 873
515 871
515 874
515 948
515 584
515 897
515 701
515 551
515 623
515 516
516 762
516 780
516 574
517 797
517 712
518 707
518 676
518 530
518 526
519 893
519 710
519 645
519 746
519 783
519 528
520 681
520 820
520 924
520 534
520 660
520 999
520 895
521 979
521 951
521 860
521 590
521 600
521 806
521 945
521 824
522 625
522 887
522 825
522 740
522 735
522 823
522 634
522 674
522 948
522 928
523 783
523 707
523 670
523 626
523 663
523 682
523 755
523 659
524 597
524 851
524 596
524 888
524 797
524 866
525 751
525 695
525 936
525 873
525 699
525 957
526 761
526 697
526 805
526 681
526 725
526 839
526 813
526 965
526 696
527 878
527 688
527 724
527 907
527 705
527 819
528 655
528 747
528 944
528 815
528 954
528 844
528 534
528 573
529 809
529 648
529 617
529 666
529 537
529 997
529 654
529 835
530 967
530 942
530 680
530 597
530 863
531 821
531 656
531 879
531 652
531 651
531 999
531 592
531 868
531 586
531 983
532 928
532 952
532 706
532 829
532 862
533 655
533 632
533 842
533 586
533 964
533 630
533 741
534 600
534 670
534 907
534 724
534 924
534 588
534 635
534 702
535 881
535 894
535 790
535 581
536 810
536 962
536 791
536 613
536 951
536 956
536 809
536 707
536 742
536 933
536 605
537 647
537 968
538 585
538 630
538 599
539 821
539 869
539 785
539 824
540 568
540 651
540 885
540 948
540 660
540 866
540 849
540 750
540 643
540 864
541 960
542 805
542 878
542 572
542 565
543 988
543 948
543 555
543 791
543 880
543 756
543 649
543 811
543 742
544 966
544 744
544 831
544 553
544 610
544 648
544 709
544 828
544 982
545 574
545 672
545 975
545 802
545 755
545 885
545 865
545 691
546 705
546 856
546 961
546 634
546 591
546 565
546 603
546 894
546 817
546 773
547 787
547 574
547 580
547 947
548 992
548 829
548 701
548 615
549 675
549 618
549 887
549 831
549 747
549 722
549 769
550 628
550 953
550 851
551 598
551 605
551 646
551 796
551 607
551 986
551 713
551 955
551 794
551 921
552 850
552 645
552 830
552 801
552 729
552 982
552 998
553 739
553 623
553 805
553 688
553 865
554 843
554 871
554 952
554 915
554 943
554 925
555 636
555 903
555 600
556 798
556 988
556 557
557 792
557 929
557 833
557 564
557 597
557 970
557 578
557 627
558 893
558 884
558 646
558 934
558 964
558 858
558 744
558 792
559 831
559 688
559 821
559 679
559 702
559 730
559 866
559 908
559 673
560 895
560 818
560 741
560 810
560 978
560 728
561 758
561 730
561 957
561 565
561 968
561 609
561 665
561 913
561 901
561 976
562 692
562 909
562 756
562 885
562 802
562 768
562 701
563 686
563 800
563 997
563 943
563 948
564 718
564 867
564 604
564 868
564 719
564 825
565 568
565 739
565 789
565 995
566 827
566 761
566 638
566 839
566 741
566 625
566 880
566 868
566 834
566 706
566 962
567 588
567 818
567 809
567 986
567 651
568 762
568 910
568 847
568 716
568 935
568 679
568 911
568 970
568 644
568 941
568 704
569 988
569 814
569 764
569 864
569 607
569 910
569 603
569 896
570 594
570 628
570 955
570 814
570 810
570 636
571 954
571 986
571 671
571 772
572 923
572 603
572 752
572 950
572 658
572 993
572 909
573 786
573 811
573 918
573 778
574 804
574 738
574 985
574 732
574 801
574 684
575 840
575 716
575 929
575 903
576 809
576 865
576 851
576 937
576 907
576 798
576 843
577 798
577 592
577 967
577 749
577 772
577 666
578 948
578 785
578 687
578 796
578 941
579 948
579 698
579 619
579 849
579 939
580 955
580 813
580 627
580 731
581 601
581 946
581 809
581 811
581 725
581 617
581 685
582 999
582 830
582 729
582 615
583 633
583 782
583 737
583 966
584 597
584 742
584 951
584 810
584 928
585 792
585 884
585 718
585 650
585 983
586 643
586 864
586 955
586 622
586 810
586 911
586 695
586 880
586 877
586 845
586 683
587 664
587 973
587 740
587 946
587 953
587 914
587 764
587 596
587 675
587 999
588 708
588 932
588 798
588 817
588 986
588 838
588 920
589 723
589 928
589 999
589 696
589 616
589 713
590 835
590 914
590 627
590 801
590 599
590 937
590 676
590 595
590 918
591 692
591 908
591 929
591 963
591 627
591 628
591 940
591 922
591 989
591 948
591 759
591 790
592 607
592 722
592 663
592 752
593 894
593 985
593 860
593 893
593 734
593 790
593 668
593 972
593 906
593 966
594 658
594 974
594 665
594 863
594 998
595 767
595 748
595 681
595 625
595 834
595 657
595 679
595 621
595 620
596 689
596 698
596 854
596 925
597 942
597 983
598 615
598 956
598 667
598 932
598 764
598 731
598 714
598 951
598 853
599 757
599 855
599 752
599 832
599 768
599 975
599 865
599 730
599 874
599 778
599 731
600 964
600 780
600 601
600 804
600 862
600 823
600 802
600 678
600 869
601 795
601 674
602 781
602 719
602 967
602 872
602 615
602 869
602 889
602 637
602 982
603 919
603 783
603 828
603 883
603 934
603 842
603 788
603 721
603 808
603 778
604 947
604 745
604 912
604 785
604 964
604 851
604 826
604 760
605 978
605 940
606 635
606 952
606 973
606 699
606 716
606 705
607 709
607 857
607 969
607 945
607 766
607 847
607 861
607 726
608 868
608 856
608 634
608 735
608 709
608 633
608 718
608 951
608 995
608 667
608 808
608 979
608 783
608 832
608 682
609 748
609 847
609 944
609 851
609 731
610 944
610 914
610 614
611 805
611 623
611 876
611 773
611 951
611 880
611 819
611 935
611 859
612 661
612 969
612 787
612 919
613 755
613 791
613 683
613 828
613 934
614 748
614 989
614 779
614 804
614 850
614 971
614 965
615 974
615 651
615 983
615 911
615 770
615 827
615 626
615 631
616 823
616 761
616 888
616 870
616 929
616 632
617 976
617 795
617 930
617 847
617 989
617 748
617 901
617 846
617 708
617 953
618 781
618 917
618 819
619 891
619 974
619 822
619 947
619 951
619 839
620 917
620 968
620 913
620 832
620 703
620 642
620 936
620 648
620 967
621 666
621 970
621 787
622 653
622 861
622 625
622 647
622 733
623 713
623 716
623 932
623 775
623 906
623 848
623 862
624 998
624 654
624 718
624 869
624 833
624 823
624 808
624 660
625 856
625 632
625 717
625 765
625 746
625 636
625 929
625 643
626 667
626 846
627 967
627 632
627 741
627 732
627 693
627 896
627 743
627 845
627 898
627 635
627 823
627 864
628 821
628 978
628 930
628 769
628 849
629 859
629 973
629 752
630 693
630 989
630 800
630 953
630 957
630 918
630 913
630 889
630 676
631 688
631 885
631 960
631 706
631 987
631 892
632 808
632 647
632 809
632 866
632 763
632 854
632 724
633 891
633 868
633 869
633 935
633 662
633 689
633 684
633 656
634 751
634 784
634 755
634 825
635 889
635 827
635 992
635 751
635 991
636 897
636 657
636 998
636 778
636 920
636 696
637 806
637 771
638 925
638 877
638 915
638 771
638 757
638 858
638 729
638 809
638 905
639 763
639 641
639 711
639 788
639 957
639 714
640 767
640 895
640 863
640 968
640 976
640 669
641 841
641 905
641 674
641 809
641 852
641 988
641 928
642 704
642 872
642 664
642 896
642 991
642 774
643 919
643 681
643 764
643 719
643 706
643 684
643 850
643 981
643 676
643 916
643 671
643 813
644 709
644 689
645 903
645 846
645 986
645 978
645 901
645 790
646 978
646 689
646 922
646 843
646 916
647 717
647 868
647 729
647 897
647 879
648 760
648 881
648 817
648 992
648 983
648 773
649 885
649 738
649 987
649 921
649 765
650 959
650 847
650 967
650 731
650 769
650 964
650 757
651 794
651 955
651 932
651 667
651 670
652 690
652 856
652 849
652 892
652 948
652 746
652 668
653 692
653 846
653 739
653 926
654 723
654 895
654 975
654 732
654 863
654 675
654 943
654 944
654 985
654 957
655 944
655 799
655 929
655 915
656 912
656 847
656 906
657 696
657 686
657 757
658 996
658 867
658 912
658 764
658 848
659 710
660 839
660 962
660 688
660 975
660 787
661 768
661 820
661 968
661 822
661 677
661 944
662 784
662 983
663 816
663 867
663 876
663 844
663 914
663 811
663 732
664 844
665 686
665 763
665 767
666 972
666 691
666 781
667 836
667 904
667 850
667 972
668 791
668 780
668 810
668 773
669 754
669 817
669 711
669 674
669 690
669 910
669 865
670 906
670 985
670 694
670 939
670 685
670 709
671 906
671 978
671 685
671 690
671 800
672 951
672 746
673 785
673 873
673 944
673 819
673 708
673 823
673 781
674 781
674 746
674 722
674 691
674 943
675 817
675 769
675 752
675 696
676 890
677 996
677 870
678 956
678 893
678 932
678 901
678 929
678 715
679 861
679 802
679 829
679 961
679 761
680 796
680 975
680 810
680 702
680 900
680 911
680 940
680 985
681 995
681 895
681 822
681 695
681 922
681 748
681 909
681 795
681 704
681 745
682 826
682 817
682 905
682 745
682 916
683 857
683 972
683 865
683 848
683 729
683 971
683 776
683 867
683 719
684 992
685 733
685 779
685 869
685 718
685 749
686 828
686 740
686 874
686 912
686 711
687 729
687 736
687 794
687 926
687 968
687 972
688 931
688 909
688 892
688 857
689 918
689 940
689 951
690 983
690 889
690 937
690 738
690 692
691 860
691 708
691 807
691 885
691 800
691 880
691 918
692 872
692 738
692 895
693 763
693 924
693 848
693 801
694 941
694 806
694 892
695 962
695 861
695 846
695 786
695 893
695 918
696 763
696 829
696 901
696 792
697 839
697 770
697 805
697 768
698 905
698 882
698 823
699 744
699 835
699 779
699 798
699 766
699 725
700 853
700 901
700 786
700 965
700 800
701 880
701 878
701 988
701 782
701 969
701 982
701 994
701 877
701 911
702 910
702 922
702 764
702 812
702 835
702 915
702 854
703 837
703 923
703 763
703 815
703 745
703 924
704 743
704 827
705 968
705 829
705 978
705 859
706 999
706 939
706 714
706 847
706 778
706 749
706 873
706 798
706 803
707 834
707 727
707 766
708 898
708 787
708 956
708 824
708 838
708 748
709 773
709 994
709 975
709 845
709 804
709 981
710 741
710 828
710 996
710 771
710 807
710 713
711 987
711 871
711 740
711 903
712 742
712 782
712 834
713 834
713 885
713 746
713 824
713 751
713 892
713 835
714 995
714 950
714 977
714 749
714 963
715 768
715 784
715 999
715 894
715 736
715 791
716 851
716 771
716 758
716 884
716 951
717 747
717 930
718 818
718 901
718 962
718 728
719 904
719 895
719 994
720 821
720 752
720 954
720 951
720 794
720 872
720 933
721 982
721 898
721 933
721 778
722 857
723 765
723 954
723 747
724 814
724 854
724 968
724 792
725 820
725 989
725 826
726 754
726 964
726 941
726 959
726 759
727 905
727 749
728 947
728 928
728 981
728 792
729 766
729 855
729 824
730 854
730 910
730 806
730 867
730 825
731 998
731 962
732 885
732 893
733 736
733 817
733 964
733 963
734 991
734 799
734 752
735 944
735 895
735 738
735 803
736 792
736 991
736 909
737 882
737 930
737 926
737 817
737 832
738 957
738 843
738 765
738 954
738 809
738 905
739 868
739 906
739 783
740 797
740 748
740 938
740 836
740 852
740 883
741 783
741 749
741 870
741 887
741 808
742 820
742 768
742 934
742 844
743 939
743 773
743 765
743 971
743 990
743 965
744 832
744 883
744 898
744 951
744 916
745 759
745 988
745 911
746 878
746 985
746 987
747 980
747 827
747 787
747 903
747 795
747 860
747 913
748 796
748 988
748 863
748 752
748 973
749 824
749 962
749 912
750 862
750 839
750 991
750 764
750 776
750 818
751 874
751 964
751 854
752 820
752 927
752 990
752 785
752 929
752 805
753 819
753 924
753 785
753 898
753 941
754 927
754 878
754 832
754 790
754 794
754 984
754 949
754 857
755 809
755 789
755 947
756 896
757 876
757 963
757 908
757 822
757 948
758 894
758 965
758 865
758 898
758 923
759 860
759 848
760 964
760 839
760 958
760 832
762 994
763 899
763 941
763 836
763 897
764 998
764 967
764 950
764 841
765 833
765 917
765 893
765 927
765 854
765 807
766 879
766 976
766 869
767 843
767 837
768 978
768 836
768 780
768 858
768 907
769 916
769 845
770 865
770 838
770 818
771 920
771 782
771 941
772 974
772 895
772 781
772 820
772 914
772 821
772 870
772 867
773 956
773 850
773 961
774 952
774 923
774 842
774 794
774 867
774 902
775 819
775 869
776 851
776 931
776 963
776 885
777 792
777 966
778 930
779 879
779 886
780 870
780 867
780 796
780 851
781 873
781 799
781 942
781 847
781 921
781 887
782 978
783 981
783 975
783 786
783 838
783 906
783 990
784 954
784 926
784 998
785 990
785 946
785 979
787 891
787 957
787 973
788 828
788 998
788 972
789 821
789 919
790 989
790 852
790 918
790 837
791 904
791 854
791 899
791 872
792 914
792 933
792 802
792 857
792 856
792 855
793 807
793 957
793 872
793 857
794 850
794 851
794 887
795 936
795 983
796 893
796 886
796 987
796 967
797 841
797 944
797 991
797 813
798 920
799 980
799 990
799 901
799 922
799 871
800 840
800 843
800 887
800 801
801 851
801 920
802 823
802 921
803 887
803 958
803 824
803 920
803 839
803 964
804 918
805 890
805 894
805 912
806 966
806 933
806 855
806 971
806 998
807 979
807 951
807 830
807 956
808 843
808 823
809 950
809 846
809 939
810 856
810 939
811 982
811 863
811 933
812 895
812 985
812 926
813 973
813 907
813 882
814 956
814 845
815 996
816 937
816 824
816 849
817 990
818 981
818 893
819 866
819 848
819 960
820 881
820 918
821 849
821 831
821 930
821 921
822 896
822 939
823 946
823 913
823 827
823 927
823 922
824 937
824 973
824 933
824 939
824 863
825 832
825 920
825 834
826 894
826 983
827 933
827 848
827 996
828 915
828 922
828 873
829 952
831 888
831 860
831 965
831 874
832 839
832 863
833 972
833 934
834 991
834 992
834 852
836 866
836 851
837 907
838 841
838 941
838 912
838 849
838 907
838 915
841 956
841 908
841 917
841 861
841 886
841 894
843 862
843 957
843 864
843 987
844 954
844 877
845 857
848 975
849 912
849 963
851 890
851 973
851 868
851 872
852 969
852 999
853 910
854 978
854 945
854 882
854 996
854 938
855 934
855 965
857 898
858 893
858 987
859 885
859 894
859 869
860 968
860 905
860 891
860 925
860 975
860 931
861 985
861 935
864 956
865 994
866 912
866 947
866 882
866 990
866 992
867 961
868 940
869 940
869 961
870 959
870 975
872 946
872 969
873 939
873 875
874 935
874 937
875 961
875 925
876 952
876 983
876 881
877 999
877 985
878 979
879 887
880 984
882 959
882 953
882 932
882 980
883 984
884 938
884 906
884 940
885 906
885 911
885 998
887 924
887 977
887 901
887 944
888 899
888 974
888 979
889 967
889 985
889 916
889 920
890 983
891 987
891 920
892 964
893 948
894 935
894 996
896 976
897 969
898 961
898 954
899 901
899 945
900 937
903 939
904 976
904 921
905 987
905 986
907 959
907 912
908 983
908 984
908 953
909 992
909 980
910 924
910 915
910 935
910 994
911 942
911 992
914 990
914 923
915 984
916 996
916 998
917 960
917 973
917 974
920 958
921 939
921 976
922 930
922 961
924 948
924 982
924 998
926 994
928 981
930 941
930 978
931 954
933 947
933 959
933 985
937 939
938 946
939 974
940 964
941 989
941 987
941 956
942 949
942 953
945 985
945 990
945 988
946 990
947 958
947 991
949 989
951 954
951 967
951 983
951 966
952 995
953 958
953 966
954 982
954 979
954 994
956 994
956 966
957 958
958 964
961 999
962 968
964 966
968 977
969 982
970 971
971 978
971 990
972 998
973 990
976 988
977 982
985 995
985 997
