VERTICES = 1000
EDGES = 9000
0 55
0 167
0 503
0 354
0 7
0 433
0 340
0 3
0 841
0 45
0 135
0 76
0 141
0 584
0 883
0 951
0 349
0 400
0 888
0 875
0 795
1 434
1 211
1 798
1 27
1 42
1 973
1 525
1 212
1 47
1 118
1 995
1 507
1 136
1 978
1 648
1 185
1 843
1 11
2 391
2 882
2 462
2 670
2 752
2 610
2 261
2 18
2 63
2 237
2 645
2 806
2 145
2 183
2 626
2 952
2 107
2 823
2 26
2 377
2 36
2 231
2 176
2 490
2 769
2 527
3 88
3 105
3 919
3 314
3 166
3 558
3 719
3 944
3 522
3 978
3 991
4 372
4 182
4 142
4 246
4 777
4 100
4 471
4 121
4 567
4 101
4 955
4 208
4 903
4 164
4 144
4 233
4 254
4 914
4 74
5 675
5 802
5 982
5 856
5 247
5 508
5 211
5 428
5 435
5 585
5 797
5 741
5 468
5 733
5 413
6 255
6 165
6 632
6 927
6 787
6 305
6 903
6 316
6 611
6 737
6 588
6 978
6 53
6 807
6 851
6 544
7 926
7 313
7 342
7 479
7 486
7 993
7 292
7 867
7 284
7 239
7 871
7 175
7 155
7 751
7 393
7 560
7 442
8 221
8 664
8 84
8 625
8 40
8 554
8 19
8 45
8 540
8 543
8 598
8 24
8 812
8 329
8 615
8 330
8 107
8 834
8 612
8 545
9 739
9 438
9 808
9 348
9 760
9 450
9 384
9 136
9 299
9 975
9 713
9 322
9 402
9 423
9 255
9 24
9 666
9 949
9 242
9 565
9 360
9 608
9 599
9 46
9 702
9 685
9 754
10 231
10 972
10 989
10 360
10 581
10 493
10 56
10 138
10 619
10 956
10 433
10 584
10 375
10 436
11 143
11 66
11 897
11 582
11 751
11 840
11 987
11 175
11 575
11 731
11 530
11 212
11 377
11 552
11 16
11 669
11 696
12 706
12 705
12 508
12 571
12 841
12 339
12 861
12 632
12 933
12 470
12 398
12 237
12 726
12 62
12 377
12 415
12 570
12 592
13 39
13 815
13 175
13 554
13 889
13 123
13 955
13 821
13 384
13 457
13 789
13 532
13 616
13 693
13 933
13 122
13 844
14 19
14 712
14 471
14 341
14 688
14 163
14 582
14 68
14 286
14 114
14 742
14 534
14 791
14 433
14 907
14 54
14 699
14 424
15 285
15 877
15 952
15 907
15 50
15 396
15 59
15 753
15 751
15 41
15 909
15 471
15 543
15 884
15 747
15 657
16 982
16 719
16 431
16 68
16 235
16 481
16 611
16 147
16 933
16 554
16 904
16 664
16 826
16 742
16 964
16 251
16 953
16 67
17 420
17 887
17 488
17 277
17 491
17 864
17 324
17 145
17 826
17 898
17 882
17 908
17 939
17 798
17 580
18 524
18 440
18 382
18 853
18 894
18 387
18 551
18 904
18 37
18 136
18 311
18 947
18 385
18 153
18 80
18 986
18 380
18 781
18 967
18 226
19 58
19 727
19 791
19 68
19 738
19 42
19 910
19 532
19 864
19 484
19 52
19 617
19 66
19 596
19 781
19 55
19 549
19 353
19 301
20 997
20 654
20 963
20 927
20 766
20 899
20 342
20 81
20 279
20 627
20 532
20 217
20 141
20 727
20 325
20 94
20 93
20 728
20 789
20 175
20 961
20 833
20 477
21 612
21 574
21 840
21 544
21 289
21 863
21 473
21 897
21 212
22 410
22 252
22 397
22 245
22 707
22 457
22 287
22 475
22 210
22 486
22 468
22 615
22 769
22 357
22 192
22 369
22 847
22 85
22 257
23 830
23 610
23 418
23 741
23 911
23 659
23 601
23 708
23 460
23 993
23 527
23 257
23 267
23 965
23 773
23 776
23 166
23 304
24 762
24 249
24 243
24 998
24 667
24 225
24 118
24 896
24 399
24 656
24 590
24 449
25 74
25 399
25 741
25 862
25 307
25 678
25 980
25 618
25 970
25 473
25 821
25 176
25 722
25 765
25 794
25 129
25 93
25 357
26 404
26 750
26 824
26 988
26 773
26 158
26 907
26 717
26 424
26 270
26 606
26 566
26 670
26 488
26 930
26 726
27 955
27 36
27 857
27 153
27 204
27 529
27 588
27 544
27 34
27 119
27 568
27 121
27 88
27 390
27 333
27 817
28 495
28 223
28 305
28 617
28 468
28 749
28 133
28 504
28 389
28 123
28 478
28 192
28 985
28 340
29 706
29 957
29 538
29 77
29 550
29 628
29 467
29 492
29 500
29 53
29 156
29 165
29 106
29 115
30 79
30 995
30 172
30 749
30 536
30 940
30 444
30 59
30 907
30 488
30 941
30 344
30 662
30 297
30 632
30 781
31 296
31 348
31 277
31 410
31 916
31 945
31 671
31 151
31 175
31 685
31 430
31 970
31 456
31 369
31 351
31 413
31 309
31 932
31 207
31 111
31 789
31 743
31 390
32 579
32 913
32 105
32 993
32 725
32 682
32 240
32 383
32 180
32 974
32 156
32 371
32 882
33 884
33 815
33 355
33 813
33 904
33 570
33 444
33 641
33 231
33 140
33 255
33 520
33 499
33 905
33 250
33 726
33 107
33 822
33 751
33 359
33 909
34 674
34 907
34 860
34 970
34 795
34 500
34 330
34 736
34 207
34 553
34 68
34 657
34 491
34 510
34 876
35 647
35 172
35 176
35 998
35 624
35 94
35 590
35 706
35 964
35 816
35 348
35 826
35 915
35 111
35 562
35 490
35 661
35 715
35 724
35 121
35 217
35 214
35 843
35 523
36 771
36 481
36 106
36 586
36 950
36 313
36 926
36 153
36 249
36 409
36 104
36 694
36 207
36 661
36 390
36 605
36 847
36 449
36 920
36 899
36 580
37 988
37 510
37 659
37 98
37 918
37 599
37 367
37 547
37 92
37 732
37 46
37 930
37 534
38 673
38 151
38 87
38 288
38 520
38 627
38 500
38 658
38 514
38 423
38 123
38 704
38 999
38 537
38 639
38 583
39 127
39 662
39 765
39 912
39 334
39 260
39 690
39 126
39 702
39 488
39 321
39 729
39 701
39 71
39 786
39 930
40 802
40 634
40 492
40 738
40 670
40 723
40 471
40 552
40 415
40 274
40 259
40 266
40 942
40 257
40 134
40 436
40 278
40 529
40 299
40 333
41 889
41 576
41 199
41 281
41 928
41 916
41 589
41 43
41 517
41 786
41 462
41 376
41 622
41 930
41 580
41 853
42 247
42 179
42 331
42 613
42 956
42 394
42 673
42 664
42 654
42 281
42 762
42 830
42 404
42 605
42 760
42 201
42 495
42 441
42 365
42 190
43 452
43 797
43 799
43 761
43 86
43 407
43 939
43 72
43 389
43 409
43 755
43 567
43 646
43 767
43 827
43 965
43 647
43 249
43 387
43 81
43 438
43 839
43 382
44 377
44 761
44 318
44 992
44 357
44 225
44 822
44 227
44 470
44 796
44 521
44 567
44 78
44 921
44 530
44 880
44 102
44 673
44 74
45 84
45 633
45 553
45 347
45 780
45 257
45 916
45 911
45 204
45 487
45 162
45 458
45 50
45 813
46 634
46 846
46 660
46 460
46 184
46 735
46 911
46 551
46 75
46 795
46 423
46 734
46 967
46 915
46 258
47 675
47 583
47 837
47 745
47 259
47 271
47 277
47 659
47 125
47 229
47 798
47 84
47 308
47 900
47 899
47 71
47 885
47 494
47 844
47 432
47 163
47 630
47 496
48 426
48 527
48 331
48 603
48 529
48 733
48 504
48 490
48 850
48 615
48 308
48 976
48 511
48 839
49 492
49 299
49 226
49 832
49 346
49 406
49 937
49 91
49 236
49 972
49 684
49 782
49 358
49 198
49 640
49 834
49 617
50 847
50 776
50 788
50 57
50 98
50 305
50 61
50 70
50 598
50 106
50 404
50 554
50 791
50 760
50 859
50 888
50 787
50 936
50 841
51 209
51 500
51 739
51 312
51 134
51 722
51 575
51 648
51 825
51 246
51 661
51 633
51 915
51 809
51 949
51 754
51 476
51 914
51 760
51 849
51 719
51 397
51 618
51 135
52 902
52 408
52 764
52 699
52 158
52 523
52 233
52 937
52 455
52 362
52 550
52 592
52 691
52 872
52 285
52 984
52 831
52 339
52 461
53 92
53 545
53 240
53 674
53 830
53 646
53 68
53 540
53 472
53 959
53 818
53 194
53 660
53 523
53 465
54 360
54 220
54 988
54 895
54 767
54 691
54 473
54 848
54 65
54 316
54 286
54 714
54 585
54 379
54 100
54 214
54 776
54 612
54 228
54 213
54 599
54 613
54 143
54 607
55 852
55 685
55 458
55 562
55 877
55 703
55 983
55 725
55 820
55 264
55 234
55 403
55 850
55 145
56 579
56 123
56 910
56 139
56 277
56 490
56 75
56 942
56 991
56 697
56 603
56 233
56 959
56 529
56 838
57 292
57 369
57 803
57 602
57 265
57 821
57 483
57 699
57 800
57 831
57 607
57 301
57 257
58 893
58 71
58 760
58 687
58 657
58 951
58 787
58 837
58 935
58 590
59 356
59 876
59 726
59 563
59 920
59 268
59 485
59 807
59 501
59 778
59 209
59 859
59 579
59 724
59 924
59 67
59 645
59 925
59 123
59 731
60 711
60 540
60 585
60 102
60 829
60 866
60 113
60 227
60 506
60 769
60 828
60 802
60 912
60 461
61 589
61 846
61 76
61 374
61 252
61 100
61 381
61 148
61 755
61 980
61 893
61 129
62 358
62 212
62 92
62 841
62 662
62 105
62 104
62 116
62 229
62 712
62 344
62 940
62 208
63 108
63 761
63 311
63 579
63 156
63 273
63 575
63 506
63 99
63 155
63 196
63 208
63 441
63 423
63 281
63 439
63 68
63 797
63 139
63 652
63 846
63 717
63 436
64 472
64 874
64 670
64 379
64 973
64 130
64 876
64 906
64 503
64 161
64 343
64 212
64 903
64 107
64 547
64 209
65 781
65 277
65 483
65 584
65 673
65 981
65 642
65 563
65 432
65 279
65 812
65 399
65 700
65 293
65 246
65 117
65 538
65 490
65 541
65 783
65 363
65 78
66 344
66 563
66 911
66 565
66 259
66 895
66 813
66 603
66 773
66 389
66 725
66 763
66 751
66 915
66 974
66 239
66 817
66 194
66 704
66 965
66 597
67 377
67 575
67 958
67 809
67 461
67 909
67 181
67 971
67 595
67 598
67 183
67 860
67 685
67 488
67 758
67 230
67 247
67 249
67 597
67 241
67 863
67 630
67 375
68 300
68 241
68 860
68 162
68 750
68 881
68 451
68 623
68 468
68 924
68 223
68 499
68 204
68 801
68 565
68 142
68 156
68 260
69 326
69 828
69 227
69 643
69 196
69 456
69 510
69 734
69 80
69 340
69 221
69 543
69 188
69 218
69 295
69 632
69 74
69 389
70 750
70 363
70 103
70 164
70 932
70 202
70 174
70 305
70 998
70 567
70 645
70 768
70 165
70 233
71 634
71 891
71 570
71 520
71 691
71 146
71 999
71 556
71 724
71 573
71 679
71 385
71 451
72 553
72 853
72 678
72 813
72 729
72 114
72 921
72 650
72 137
72 994
72 844
73 638
73 748
73 182
73 505
73 218
73 625
73 289
73 845
73 747
73 600
73 327
73 115
74 810
74 320
74 536
74 491
74 978
74 831
74 330
74 354
74 550
74 435
74 840
74 340
74 280
74 915
74 576
74 782
74 433
75 631
75 922
75 830
75 501
75 367
75 652
75 85
75 286
75 514
75 599
75 254
76 532
76 122
76 513
76 985
76 434
76 355
76 879
76 745
76 203
76 549
76 334
76 546
76 925
76 594
76 619
76 759
76 456
76 362
76 633
76 211
76 473
77 449
77 716
77 809
77 167
77 822
77 406
77 906
77 395
77 386
77 727
77 629
77 640
77 135
77 556
77 734
77 938
77 448
77 217
78 921
78 522
78 751
78 887
78 564
78 421
78 600
78 112
78 91
78 863
78 310
78 469
78 457
78 303
78 936
79 384
79 253
79 606
79 956
79 338
79 641
79 895
79 212
79 115
79 680
79 778
79 214
79 426
79 756
79 874
79 377
79 844
79 699
80 112
80 537
80 633
80 675
80 386
80 684
80 856
80 968
80 913
80 770
80 667
80 509
80 986
80 211
81 462
81 957
81 289
81 580
81 555
81 834
81 864
81 791
81 863
81 177
81 932
81 884
81 741
81 320
81 812
82 549
82 250
82 840
82 624
82 949
82 448
82 982
82 371
82 558
82 386
82 605
82 193
82 501
82 114
82 783
82 388
82 496
82 839
83 419
83 896
83 996
83 600
83 544
83 954
84 501
84 140
84 114
84 302
84 474
84 347
84 212
84 955
84 460
84 193
84 471
84 559
84 362
84 800
84 508
84 200
84 849
84 917
84 550
84 906
84 506
85 453
85 834
85 421
85 542
85 268
85 537
85 578
85 245
85 573
85 187
85 735
85 915
86 128
86 358
86 134
86 142
86 247
86 265
86 174
86 156
86 489
86 600
87 933
87 877
87 429
87 993
87 988
87 173
87 443
87 449
87 797
87 719
87 758
87 908
87 960
87 727
87 966
87 130
87 428
87 882
87 713
87 158
87 416
88 959
88 144
88 584
88 238
88 393
88 296
88 225
88 171
88 934
88 433
88 431
88 868
88 281
88 297
88 683
88 453
89 724
89 600
89 970
89 521
89 751
89 842
89 595
89 459
89 185
89 104
89 194
89 981
89 685
89 624
90 826
90 898
90 318
90 209
90 731
90 766
90 343
90 590
90 429
90 513
90 179
90 93
90 888
90 953
90 266
90 956
90 208
90 736
91 953
91 333
91 957
91 382
91 432
91 801
91 257
91 502
91 177
91 716
91 718
92 363
92 767
92 208
92 547
92 144
92 185
92 306
92 498
92 620
92 765
92 888
92 929
92 298
92 999
92 443
92 416
92 332
92 917
92 285
92 573
92 947
92 625
92 772
92 420
92 747
93 114
93 449
93 602
93 349
93 206
93 719
93 655
93 397
93 414
93 656
93 749
93 651
93 221
93 405
93 483
94 760
94 645
94 997
94 486
94 877
94 866
94 658
94 633
94 237
94 907
94 901
94 383
94 719
94 307
94 956
94 453
94 624
95 350
95 573
95 690
95 893
95 423
95 633
95 330
95 372
95 118
95 866
95 433
95 226
95 321
95 954
95 417
95 580
96 643
96 421
96 655
96 539
96 609
96 357
96 131
96 800
96 124
96 708
96 602
96 914
96 764
96 891
96 197
96 858
96 765
96 704
96 869
96 518
96 654
96 310
96 965
96 566
96 258
96 689
97 372
97 284
97 880
97 401
97 909
97 614
97 673
97 798
97 708
97 165
97 356
97 311
97 308
97 316
97 494
97 894
97 318
97 793
97 984
98 854
98 560
98 426
98 458
98 997
98 516
98 513
98 183
98 494
98 646
98 980
98 868
98 712
98 531
98 184
99 483
99 312
99 931
99 209
99 902
99 800
99 266
99 258
99 565
100 452
100 243
100 302
100 251
100 858
100 285
100 462
100 113
100 467
100 695
100 540
100 770
100 200
100 292
100 638
100 179
100 235
100 968
101 154
101 629
101 504
101 596
101 183
101 604
101 335
101 194
101 542
101 724
101 763
101 944
101 169
101 981
101 626
101 579
101 137
101 893
101 444
102 358
102 752
102 508
102 735
102 893
102 983
102 515
102 526
102 949
102 645
102 754
102 807
102 553
102 247
102 314
102 333
102 283
102 443
102 501
102 898
102 336
102 104
102 139
103 213
103 131
103 622
103 317
103 655
103 651
103 653
103 307
103 702
103 370
104 555
104 470
104 304
104 956
104 354
104 836
104 216
104 281
104 837
104 729
104 396
104 690
104 123
104 450
104 671
104 831
104 553
104 151
104 510
105 476
105 436
105 229
105 949
105 128
105 713
105 152
105 337
105 828
105 993
105 163
105 455
105 270
105 198
105 914
105 538
105 127
105 979
105 158
105 888
106 634
106 139
106 970
106 440
106 355
106 700
106 840
106 168
106 992
106 238
106 438
106 287
106 917
106 965
106 326
106 827
106 485
106 574
106 435
106 545
106 309
106 879
107 115
107 188
107 111
107 722
107 448
107 444
107 981
107 402
107 529
107 959
107 461
107 354
107 252
107 708
108 213
108 462
108 437
108 637
108 511
108 453
108 349
108 705
108 527
108 346
108 889
108 653
108 384
108 628
108 716
108 426
108 173
109 197
109 981
109 780
109 661
109 958
109 527
109 987
109 953
109 857
109 488
109 704
109 570
109 585
110 710
110 952
110 775
110 473
110 723
110 927
110 256
110 630
110 317
110 232
110 556
110 397
110 281
110 780
110 761
110 917
110 225
111 264
111 373
111 776
111 159
111 795
111 117
111 491
111 327
111 744
111 357
111 398
111 496
111 127
111 878
111 855
112 835
112 920
112 752
112 853
112 889
112 487
112 541
112 644
112 744
112 457
112 718
112 520
112 574
112 494
112 356
112 156
112 203
112 198
112 526
112 670
112 698
112 798
112 984
113 147
113 228
113 884
113 711
113 336
113 894
113 196
113 534
113 993
113 657
113 585
113 151
113 970
113 974
113 449
113 374
113 624
114 179
114 933
114 765
114 913
114 950
114 764
114 123
114 703
114 849
114 453
114 276
114 612
114 494
115 200
115 637
115 487
115 721
115 297
115 623
115 428
115 678
115 499
115 692
115 526
115 379
115 188
115 354
115 618
115 585
115 856
115 596
116 288
116 617
116 322
116 937
116 303
116 965
116 414
116 462
116 131
116 898
116 150
116 376
116 503
116 678
116 548
116 980
116 620
117 943
117 351
117 759
117 162
117 507
117 313
117 818
117 605
117 815
117 407
117 894
117 790
117 651
117 805
117 441
117 142
117 358
117 722
117 866
117 470
117 198
118 927
118 415
118 162
118 189
118 737
118 186
118 388
118 607
118 845
118 994
118 723
118 449
118 946
118 923
118 121
119 538
119 927
119 366
119 564
119 158
119 253
119 961
119 867
119 284
119 935
119 933
119 161
119 248
119 699
119 784
119 380
120 475
120 477
120 925
120 872
120 278
120 723
120 515
120 550
120 767
120 366
121 549
121 538
121 882
121 246
121 953
121 425
121 743
121 228
121 191
121 915
121 964
121 695
121 192
121 231
122 726
122 327
122 384
122 380
122 156
122 914
122 794
122 481
122 166
122 309
122 544
122 342
122 699
122 598
123 355
123 907
123 731
123 808
123 757
123 904
123 316
123 720
123 133
123 951
124 970
124 526
124 150
124 190
124 993
124 265
124 540
124 780
124 853
124 480
124 280
124 607
124 483
124 766
124 264
125 252
125 446
125 647
125 632
125 738
125 175
125 344
125 569
125 782
126 443
126 956
126 467
126 841
126 846
126 733
126 310
126 514
126 539
126 451
126 285
126 258
126 377
126 188
126 266
126 162
127 721
127 649
127 278
127 887
127 537
127 634
127 271
127 756
127 334
127 144
127 765
127 892
127 673
127 421
127 963
128 453
128 669
128 668
128 368
128 712
128 867
128 694
128 140
128 950
128 292
128 448
129 344
129 817
129 132
129 307
129 274
129 292
129 541
129 172
129 803
129 667
129 886
129 513
129 382
129 923
129 473
130 323
130 468
130 190
130 612
130 993
130 735
130 492
130 162
130 561
130 263
130 427
130 581
130 248
131 274
131 469
131 251
131 371
131 204
131 591
131 138
131 156
131 447
131 801
131 374
131 641
131 640
131 510
132 292
132 797
132 445
132 789
132 477
132 564
132 852
132 650
132 247
132 135
132 419
132 233
132 919
133 741
133 149
133 182
133 226
133 669
133 698
133 627
133 835
133 944
133 719
133 848
133 460
133 993
133 400
133 509
133 865
133 370
133 785
133 580
133 439
133 296
133 522
133 857
133 981
133 231
134 628
134 322
134 496
134 646
134 682
134 136
134 260
134 430
134 297
134 580
134 320
134 221
135 668
135 566
135 718
135 516
135 146
135 404
135 987
135 764
135 279
136 895
136 784
136 544
136 211
136 748
136 318
136 806
136 243
136 217
136 540
136 616
136 159
136 409
136 979
136 445
136 537
137 743
137 478
137 372
137 422
137 480
137 303
137 440
137 845
137 259
137 497
137 750
137 593
137 471
137 521
137 310
137 297
137 749
137 708
137 276
137 676
137 866
137 490
137 446
138 945
138 800
138 799
138 560
138 386
138 944
138 995
138 222
138 979
138 757
138 828
138 654
138 431
138 855
138 470
138 278
138 529
138 713
138 728
138 570
138 717
139 263
139 966
139 896
139 347
139 393
139 373
139 577
139 861
139 547
139 436
140 151
140 789
140 526
140 175
140 850
140 933
140 685
140 924
140 516
141 483
141 382
141 982
141 611
141 678
141 234
141 606
141 880
141 518
141 902
141 422
141 955
141 715
141 149
141 363
141 986
141 201
141 410
141 825
141 550
141 628
142 334
142 202
142 432
142 625
142 817
142 389
142 607
142 886
142 546
142 961
142 760
142 419
142 804
142 472
142 430
142 696
143 641
143 428
143 504
143 557
143 910
143 852
143 872
143 672
143 938
143 810
143 447
143 955
143 467
144 280
144 942
144 267
144 395
144 990
144 933
144 750
144 627
144 372
144 554
144 295
144 653
144 791
145 269
145 302
145 463
145 356
145 866
145 891
145 293
145 871
145 955
145 453
145 309
145 841
145 389
145 288
145 647
145 913
145 690
145 676
146 530
146 818
146 550
146 922
146 592
146 842
146 184
146 779
146 899
146 280
146 211
146 496
146 378
146 882
146 625
146 168
146 667
146 876
146 769
147 428
147 909
147 972
147 333
147 957
147 228
147 399
147 339
147 536
147 191
147 734
147 192
148 946
148 612
148 711
148 377
148 774
148 186
148 237
148 619
148 349
148 333
148 759
148 821
148 328
148 635
148 562
149 706
149 311
149 790
149 655
149 840
149 455
149 478
149 636
149 315
149 526
149 981
149 200
149 208
149 603
150 658
150 189
150 601
150 580
150 262
150 542
150 708
150 683
150 547
150 949
150 783
150 302
150 157
150 342
150 842
150 565
150 606
151 344
151 163
151 790
151 869
151 591
151 637
151 215
151 759
151 472
151 434
151 543
151 588
151 155
151 874
151 988
151 487
152 430
152 749
152 432
152 849
152 913
152 320
152 687
152 325
152 961
152 257
152 965
152 943
152 580
152 601
153 720
153 316
153 952
153 203
153 161
153 317
153 960
153 540
153 781
153 604
153 727
153 391
153 467
153 405
153 343
153 176
153 614
153 277
154 680
154 832
154 209
154 359
154 798
154 746
154 820
154 217
154 540
154 537
154 611
154 626
154 594
155 723
155 746
155 965
155 195
155 606
155 833
155 368
155 400
155 771
155 641
155 784
155 880
155 395
155 666
155 739
155 526
155 501
155 977
156 678
156 521
156 726
156 249
156 968
156 513
156 735
156 195
156 210
156 812
156 203
156 660
156 714
156 540
156 573
156 917
156 640
156 529
157 283
157 730
157 899
157 271
157 632
157 288
157 846
157 606
157 366
157 791
157 502
158 431
158 666
158 650
158 217
158 243
158 748
158 405
158 868
158 481
158 604
158 408
158 968
158 526
158 165
158 392
158 570
158 754
158 375
158 656
158 484
159 656
159 234
159 304
159 508
159 909
159 393
159 517
159 833
159 412
159 263
159 670
159 355
159 385
159 585
159 236
159 553
159 242
159 834
159 513
160 174
160 446
160 546
160 863
160 204
160 362
160 406
160 748
160 804
160 753
160 170
160 601
160 172
160 810
161 562
161 866
161 890
161 950
161 273
161 357
161 451
161 860
161 717
161 953
161 452
161 529
161 972
161 384
161 870
161 484
161 455
161 492
161 989
161 321
161 614
162 909
162 319
162 435
162 480
162 399
162 340
162 512
162 546
162 354
162 293
162 369
162 817
162 570
163 745
163 843
163 556
163 733
163 561
163 488
163 427
163 949
163 287
163 631
163 176
163 247
163 629
163 481
164 764
164 946
164 893
164 196
164 861
164 519
164 896
164 543
164 619
164 229
164 823
164 930
164 205
164 695
164 540
165 879
165 675
165 466
165 577
165 759
165 171
165 834
165 525
165 663
165 251
165 851
165 833
165 450
165 865
165 456
166 647
166 272
166 869
166 771
166 950
166 826
166 827
166 775
166 325
166 168
166 751
166 999
166 247
166 670
166 524
166 459
167 907
167 506
167 398
167 556
167 936
167 394
167 928
167 751
167 985
167 183
167 959
167 617
167 408
167 540
167 460
168 757
168 251
168 572
168 716
168 888
168 629
168 222
168 313
168 299
168 509
168 622
168 471
168 693
168 750
168 677
168 612
168 482
169 292
169 738
169 216
169 217
169 810
169 363
169 545
169 579
170 519
170 570
170 911
170 393
170 458
170 509
170 387
170 354
170 947
170 443
170 846
170 778
170 338
170 238
170 850
170 388
171 716
171 943
171 563
171 746
171 414
171 990
171 958
171 736
171 793
171 372
171 645
171 634
171 201
172 412
172 813
172 980
172 869
172 511
172 439
172 934
173 269
173 826
173 333
173 634
173 571
173 594
173 308
173 837
173 613
173 933
173 995
173 950
173 195
173 631
174 826
174 218
174 645
174 264
174 685
174 855
174 678
174 709
174 846
174 946
174 772
174 906
174 316
174 329
174 681
174 451
174 293
174 568
175 793
175 919
175 953
175 504
175 420
175 805
175 931
175 828
175 309
175 460
175 854
175 585
175 464
175 876
175 498
176 469
176 492
176 319
176 673
176 686
176 237
176 591
176 550
176 788
176 719
176 379
176 706
176 854
177 421
177 933
177 893
177 837
177 904
177 981
177 923
177 597
177 845
177 778
177 674
177 317
178 988
178 312
178 846
178 304
178 936
178 187
178 987
178 659
178 779
178 876
178 785
178 857
178 524
178 719
179 547
179 454
179 270
179 341
179 700
179 905
179 264
179 638
179 677
180 938
180 911
180 814
180 413
180 772
180 917
180 776
180 511
180 630
180 757
180 676
180 323
180 471
180 777
180 538
180 256
181 408
181 977
181 539
181 561
181 536
181 704
181 932
181 185
181 572
181 542
181 748
181 443
181 243
182 401
182 238
182 807
182 389
182 833
182 299
182 201
182 723
182 505
182 872
182 446
182 547
182 247
182 924
182 548
182 296
182 490
182 987
182 387
182 574
182 553
182 670
182 376
182 632
182 335
183 434
183 206
183 928
183 719
183 521
183 971
183 641
183 990
183 498
183 501
183 572
183 733
183 316
183 193
183 664
183 665
183 556
183 495
183 517
183 616
183 323
183 956
184 595
184 509
184 408
184 432
184 958
184 370
184 560
184 756
184 545
184 822
184 461
184 360
184 188
184 275
184 877
185 628
185 192
185 320
185 880
185 567
185 812
185 189
185 255
185 685
185 636
185 393
185 231
185 539
185 911
185 693
185 687
186 820
186 630
186 934
186 482
186 604
186 822
186 610
186 685
186 770
186 880
186 371
187 720
187 800
187 820
187 252
187 260
187 220
187 641
187 487
187 912
187 212
187 311
187 320
187 842
187 713
188 555
188 369
188 215
188 691
188 601
188 302
188 683
188 915
188 557
188 957
189 390
189 850
189 302
189 790
189 739
189 269
189 779
189 446
189 946
189 333
189 312
190 877
190 705
190 319
190 667
190 223
190 400
190 464
190 502
190 444
190 791
190 986
190 522
190 603
190 229
190 576
190 675
190 863
191 606
191 561
191 808
191 538
191 551
191 959
191 778
191 956
191 887
191 755
191 329
191 849
191 933
191 449
191 202
191 378
191 709
191 402
191 675
191 344
191 832
191 530
192 568
192 722
192 941
192 318
192 286
192 857
192 194
192 235
192 351
192 527
192 609
192 610
192 579
193 838
193 498
193 356
193 422
193 851
193 741
193 629
193 520
194 391
194 353
194 820
194 810
194 789
194 396
194 280
194 367
194 955
194 600
194 271
194 431
194 590
195 998
195 285
195 554
195 961
195 464
195 623
195 671
195 612
195 534
195 323
195 811
195 426
195 224
195 338
195 539
195 555
195 414
195 806
195 199
195 667
196 957
196 207
196 822
196 371
196 277
196 742
196 339
196 714
196 877
196 692
196 927
196 472
196 826
197 380
197 819
197 203
197 556
197 287
197 889
197 922
197 782
197 532
197 738
198 288
198 762
198 945
198 924
198 446
198 971
198 404
198 815
198 783
198 904
198 995
198 212
198 830
198 270
199 764
199 812
199 933
199 937
199 807
199 253
199 715
199 610
199 928
199 475
199 503
199 788
199 523
199 567
199 855
199 969
200 454
200 364
200 458
200 620
200 284
200 841
200 209
200 531
200 494
200 796
200 818
200 445
200 725
200 332
200 852
200 632
200 999
200 833
201 921
201 839
201 968
201 244
201 562
201 725
201 589
201 469
201 826
201 542
201 207
201 255
201 382
202 761
202 898
202 234
202 399
202 944
202 990
202 782
202 704
202 697
202 947
202 319
202 664
202 364
202 607
202 489
202 783
202 786
202 708
203 538
203 801
203 480
203 718
203 909
203 740
203 460
203 792
203 423
203 774
203 232
203 529
203 554
204 334
204 920
204 620
204 774
204 907
204 289
204 800
204 519
204 924
204 876
204 856
205 864
205 671
205 634
205 495
205 480
205 981
205 845
205 730
205 298
205 777
206 296
206 711
206 406
206 990
206 690
206 793
206 619
206 347
206 474
206 551
206 663
206 230
207 643
207 806
207 819
207 861
207 467
207 783
207 374
207 924
207 711
207 904
207 898
207 217
207 547
208 576
208 256
208 509
208 517
208 677
208 935
208 692
208 359
208 212
208 951
208 312
208 319
208 342
208 523
208 432
208 442
208 959
208 813
208 480
208 961
208 633
209 226
209 540
209 639
209 890
209 919
209 447
209 482
209 270
209 304
209 664
209 997
209 470
209 442
209 620
209 318
209 569
209 680
209 769
209 914
210 970
210 237
210 458
210 702
210 611
210 272
210 762
210 648
210 271
210 718
210 229
210 366
210 443
210 489
211 661
211 275
211 459
211 366
211 854
211 212
211 223
211 983
211 315
211 937
211 352
211 485
211 336
211 745
211 987
211 691
211 464
212 893
212 367
212 695
212 331
212 843
212 425
212 516
212 836
212 591
212 438
213 646
213 402
213 841
213 946
213 796
213 319
213 280
213 577
213 872
214 749
214 471
214 939
214 644
214 683
214 391
214 481
214 940
214 512
214 900
214 233
214 398
214 904
214 674
214 541
214 916
215 896
215 470
215 669
215 363
215 456
215 868
215 672
215 713
215 272
215 884
215 560
215 953
215 277
215 927
216 476
216 716
216 953
216 388
216 834
216 237
216 984
216 577
216 247
216 361
216 472
216 645
216 229
216 701
217 709
217 680
217 274
217 641
217 941
217 559
217 880
217 713
217 875
217 481
217 546
217 445
217 244
217 912
217 282
217 578
217 856
217 624
217 808
217 634
217 483
217 419
217 611
217 924
218 831
218 651
218 444
218 345
218 829
218 502
218 604
218 347
218 711
218 439
218 219
218 560
218 998
218 678
218 908
218 469
218 893
219 857
219 931
219 390
219 926
219 361
219 976
219 766
219 996
219 249
219 654
219 479
219 643
219 472
220 667
220 803
220 987
220 810
220 845
220 360
220 549
220 813
220 363
220 393
220 828
220 632
221 866
221 492
221 370
221 870
221 270
221 247
221 877
221 947
221 703
221 308
221 278
222 268
222 323
222 670
222 655
222 386
222 412
222 708
222 641
222 338
222 499
222 629
223 760
223 756
223 683
223 764
223 225
223 941
223 586
223 665
223 810
223 761
223 701
223 923
223 293
224 397
224 869
224 274
224 930
224 751
224 343
224 488
224 763
224 797
224 491
224 257
224 766
224 842
224 658
224 730
224 553
224 226
225 948
225 313
225 804
225 865
225 290
225 401
225 272
225 954
225 412
225 244
225 640
225 526
225 942
225 419
226 665
226 925
226 879
226 743
226 646
226 541
227 485
227 433
227 381
227 318
227 299
227 781
227 312
227 232
227 650
227 291
227 616
228 349
228 973
228 577
228 594
228 355
228 455
228 838
228 508
228 966
228 579
228 620
228 649
228 294
228 822
228 344
228 928
228 862
229 833
229 513
229 619
229 919
229 317
229 415
229 955
229 307
229 657
229 441
229 674
229 471
229 344
229 863
230 816
230 513
230 443
230 640
230 809
230 939
230 233
230 787
230 457
230 971
230 253
231 635
231 693
231 886
231 990
231 567
231 541
231 893
231 307
231 750
231 316
231 667
231 400
231 639
231 485
232 741
232 506
232 297
232 792
232 751
232 518
232 666
232 481
232 613
232 974
232 706
232 860
232 599
232 800
232 884
232 732
232 828
232 746
232 949
232 752
232 310
232 625
232 659
232 571
232 855
233 633
233 862
233 307
233 349
233 845
233 323
233 769
233 311
233 883
233 572
233 857
233 730
233 406
233 264
233 835
233 972
234 907
234 990
234 540
234 664
234 418
234 535
234 392
234 295
234 526
234 764
234 286
234 469
234 988
235 999
235 563
235 270
235 277
235 333
235 722
235 304
235 469
235 276
235 858
235 398
235 864
235 742
236 929
236 894
236 721
236 496
236 941
236 576
236 588
236 259
236 973
236 284
236 786
236 655
236 455
236 321
236 386
237 838
237 638
237 260
237 335
237 328
237 370
237 939
237 674
237 881
237 458
238 764
238 269
238 437
238 866
238 757
238 991
238 501
238 660
238 588
238 633
238 600
238 828
238 281
238 677
238 971
238 675
239 370
239 404
239 770
239 304
239 544
239 371
239 888
239 709
239 892
239 477
239 381
239 736
240 872
240 947
240 966
240 766
240 844
240 333
240 544
240 443
240 747
240 247
240 574
240 973
240 850
240 779
240 731
240 583
240 808
240 536
240 928
240 442
241 684
241 630
241 982
241 495
241 658
241 576
241 432
241 425
241 796
241 918
241 856
241 453
241 473
241 489
241 293
241 847
242 879
242 897
242 698
242 252
242 817
242 534
242 950
242 713
242 911
242 556
242 664
243 715
243 678
243 353
243 660
243 382
243 668
243 357
243 693
243 613
243 544
243 708
243 554
243 331
243 512
244 248
244 949
244 820
244 261
244 887
244 695
244 755
244 377
244 371
244 875
244 263
245 415
245 578
245 392
245 474
245 372
245 725
245 879
245 723
246 345
246 399
246 639
246 263
246 592
246 489
246 340
246 414
246 740
246 645
246 267
246 339
246 955
246 902
246 945
246 519
246 506
246 471
247 925
247 325
247 875
247 758
247 740
247 776
247 937
247 769
247 859
248 773
248 853
248 999
248 665
248 754
248 630
248 954
248 715
248 698
248 837
248 321
248 337
248 670
248 774
248 845
248 808
248 883
248 772
248 341
249 473
249 728
249 713
249 877
249 842
249 903
249 554
249 574
249 476
249 578
249 432
249 656
249 958
249 602
249 845
250 725
250 866
250 558
250 645
250 605
250 905
250 488
250 781
250 872
250 785
250 719
250 708
250 579
250 512
250 421
250 898
251 396
251 328
251 765
251 786
251 968
251 831
251 369
251 670
251 499
251 717
251 568
251 332
251 330
251 580
251 366
251 319
251 550
252 596
252 435
252 564
252 485
252 477
252 837
252 686
252 703
252 374
252 486
252 609
252 333
252 258
252 852
252 316
252 420
253 959
253 567
253 776
253 482
253 360
253 349
253 727
253 722
253 575
254 781
254 861
254 509
254 799
254 371
254 333
254 615
255 922
255 925
255 716
255 915
255 384
255 764
255 572
255 988
255 354
255 262
255 332
255 619
255 458
255 853
255 363
255 586
255 680
255 346
255 978
255 709
255 369
256 334
256 366
256 927
256 893
256 832
256 845
256 730
256 966
256 743
256 643
256 558
257 834
257 954
257 605
257 400
257 987
257 412
257 696
257 817
257 691
257 858
257 575
258 643
258 338
258 678
258 907
258 978
258 335
258 709
258 927
258 396
258 887
258 537
258 766
259 656
259 548
259 600
259 336
259 434
259 348
259 904
259 860
259 763
259 502
259 387
259 975
259 286
260 355
260 612
260 697
260 384
260 619
260 284
260 605
260 921
260 480
260 692
260 333
260 938
260 521
260 469
261 351
261 818
261 287
261 829
261 487
261 381
261 511
261 661
261 921
261 847
261 775
261 670
261 676
261 832
261 730
261 814
261 907
261 822
261 801
261 894
262 513
262 789
262 937
262 805
262 942
262 850
262 998
262 504
262 483
262 727
262 859
262 562
262 873
262 889
262 665
263 867
263 987
263 389
263 497
263 680
263 476
263 549
263 417
263 598
263 786
263 849
263 811
263 428
264 283
264 480
264 793
264 958
264 379
264 795
264 514
264 733
264 429
264 892
264 972
264 880
264 887
264 930
265 326
265 369
265 898
265 750
265 716
265 474
265 493
265 859
265 733
265 567
265 475
265 318
266 890
266 519
266 817
266 398
266 844
266 295
266 964
266 984
266 706
266 372
266 406
266 534
266 958
266 921
266 589
266 527
266 367
266 828
267 365
267 959
267 666
267 296
267 579
267 544
267 916
267 627
267 455
267 813
267 411
268 916
268 984
268 855
268 965
268 790
268 600
268 743
268 605
268 901
268 795
268 285
268 344
268 452
268 671
268 326
268 422
268 336
268 722
269 717
269 953
269 767
269 842
269 597
269 810
269 644
269 498
269 871
269 692
269 904
270 490
270 565
270 618
270 967
270 795
270 555
270 901
270 427
270 783
270 987
270 723
270 919
270 968
270 335
270 310
270 537
270 827
270 750
270 958
270 326
270 380
270 887
271 471
271 533
271 749
271 524
271 827
271 342
271 558
271 716
272 429
272 504
272 665
272 330
272 619
272 666
272 800
272 578
272 584
272 557
272 850
272 571
272 779
272 623
272 371
272 413
272 589
272 381
273 298
273 394
273 743
273 444
273 379
273 654
273 413
273 601
273 461
273 917
273 584
273 663
273 614
273 758
273 281
274 594
274 570
274 386
274 316
274 350
274 427
274 792
274 306
274 468
274 568
274 602
274 872
274 395
274 915
274 847
274 640
274 382
274 775
275 291
275 959
275 910
275 656
275 719
275 751
275 727
275 340
275 936
275 797
275 717
275 535
275 478
275 933
276 965
276 842
276 810
276 920
276 447
276 489
276 924
276 531
276 437
276 684
276 801
276 490
277 814
277 700
277 368
277 446
277 496
277 560
277 578
277 805
277 401
277 644
277 284
277 386
278 440
278 294
278 586
278 744
278 327
278 285
278 291
278 563
278 649
278 859
278 582
278 767
278 552
278 601
278 609
278 303
279 392
279 809
279 563
279 281
279 699
279 977
279 776
279 605
279 963
279 921
279 301
279 830
279 361
279 736
279 814
279 683
279 787
279 702
279 597
279 947
280 528
280 938
280 316
280 417
280 735
280 672
280 401
280 975
281 336
281 540
281 801
281 787
281 333
281 894
281 461
282 680
282 366
282 394
282 881
282 527
282 515
282 742
282 866
282 428
282 292
282 589
282 702
283 806
283 874
283 761
283 652
283 587
283 542
283 759
283 377
283 320
283 380
283 638
283 808
283 971
283 481
283 858
283 897
284 465
284 421
284 518
284 306
284 878
284 409
284 334
284 740
284 622
284 586
284 577
284 483
284 642
284 542
285 368
285 370
285 850
285 901
285 721
285 885
285 672
285 956
285 334
285 337
285 316
285 588
286 682
286 536
286 916
286 994
286 883
286 296
286 997
286 846
286 716
286 336
286 611
286 393
286 680
286 467
286 472
286 749
286 610
286 456
286 295
287 719
287 463
287 407
287 932
287 816
287 693
287 986
287 955
287 494
288 446
288 628
288 332
288 786
288 462
288 683
288 627
288 824
288 584
288 525
288 932
288 662
288 558
288 574
288 660
289 979
289 550
289 599
289 363
289 858
289 445
289 616
289 731
289 708
289 299
289 574
289 585
289 998
289 889
289 535
289 875
289 736
290 658
290 349
290 352
290 479
290 982
290 703
290 430
290 953
290 813
290 980
290 657
290 319
290 814
290 771
290 305
290 427
290 779
291 527
291 673
291 960
291 322
291 367
291 396
291 762
291 954
291 908
291 840
292 699
292 387
292 909
292 801
292 334
292 748
292 374
292 922
292 369
292 973
292 705
292 446
292 367
292 799
292 927
292 315
293 925
293 796
293 740
293 372
293 309
293 398
293 824
293 808
293 316
293 435
293 644
293 739
293 318
293 672
293 507
293 347
293 322
294 513
294 736
294 893
294 861
294 448
294 994
294 338
294 550
294 585
294 503
294 542
294 573
294 795
294 995
294 712
295 761
295 946
295 557
295 766
295 613
295 944
295 348
295 505
295 847
296 774
296 519
296 989
296 331
296 886
296 366
296 441
296 922
296 413
297 723
297 368
297 755
297 795
297 973
297 712
297 868
297 574
297 902
297 619
297 798
297 510
298 362
298 374
298 401
298 488
298 996
298 511
298 942
299 915
299 352
299 499
299 562
299 368
299 791
299 894
300 547
300 422
300 440
300 571
300 787
300 985
300 662
300 371
300 530
300 526
300 651
300 850
300 314
301 880
301 623
301 413
301 400
301 902
301 372
301 962
301 850
301 515
301 550
301 533
301 766
301 746
301 422
301 517
301 444
301 800
301 631
301 501
302 923
302 929
302 985
302 589
302 625
302 582
302 412
302 369
302 915
302 913
303 960
303 772
303 508
303 591
303 455
303 706
303 566
303 379
303 602
303 989
303 854
303 958
304 593
304 635
304 683
304 682
304 589
304 859
304 893
304 959
304 692
304 914
304 324
304 380
305 721
305 838
305 605
305 824
305 307
305 444
305 332
305 985
306 511
306 745
306 670
306 559
306 938
306 714
306 715
306 355
306 691
306 952
306 601
306 418
306 415
306 981
306 586
306 784
306 456
306 898
306 365
306 813
307 378
307 438
307 532
307 471
307 719
307 985
307 618
307 904
307 786
307 368
307 496
307 839
307 687
307 318
308 342
308 463
308 592
308 375
308 784
308 318
309 796
309 556
309 987
309 736
309 870
309 670
309 973
309 749
309 479
309 516
310 896
310 556
310 935
310 359
310 773
310 887
310 565
310 390
310 515
310 704
310 676
310 509
310 713
310 522
311 576
311 825
311 741
311 566
311 898
311 457
311 473
311 366
311 465
312 361
312 731
312 633
312 346
312 443
312 566
312 323
312 967
312 591
312 500
312 535
313 330
313 678
313 726
313 777
313 652
313 569
313 711
313 338
313 882
313 386
313 646
313 863
313 516
314 556
314 772
314 679
314 481
314 527
314 854
314 443
314 452
314 618
314 494
314 907
315 717
315 557
315 973
315 827
315 335
315 454
315 774
315 721
315 672
315 908
316 612
316 771
316 507
316 873
316 687
316 918
316 568
316 489
316 822
316 761
316 664
316 721
316 751
317 646
317 527
317 974
317 833
317 731
317 991
317 665
317 691
317 858
317 548
317 589
318 797
318 839
318 581
318 818
318 670
318 680
318 640
319 385
319 701
319 551
319 627
319 429
319 784
319 608
319 802
319 943
319 898
319 341
319 787
319 355
319 889
320 551
320 700
320 477
320 895
320 577
320 699
320 390
320 355
320 708
320 569
320 979
320 884
320 741
320 953
320 947
320 564
321 928
321 674
321 409
321 921
321 548
321 688
321 750
321 752
321 884
321 859
321 421
321 475
321 972
321 938
321 736
322 988
322 657
322 927
322 629
322 701
322 996
322 972
322 567
322 740
322 746
322 787
323 898
323 880
323 847
323 825
323 837
323 504
323 494
323 955
323 441
323 326
323 369
323 739
323 622
323 600
324 743
324 789
324 572
324 741
324 918
325 663
325 502
325 707
325 975
325 830
325 756
325 911
325 828
325 995
325 865
325 602
325 885
325 449
325 856
325 781
326 927
326 633
326 851
326 334
326 431
326 850
326 566
326 397
326 374
326 592
326 551
326 418
326 923
326 874
327 482
327 795
327 410
327 701
327 367
327 777
327 626
327 852
327 465
327 536
327 355
327 963
327 949
327 855
327 814
327 415
328 481
328 468
328 856
328 386
328 355
328 634
328 398
328 338
328 447
328 919
329 999
329 541
329 740
329 465
329 896
329 943
329 947
329 551
329 993
329 881
329 901
329 546
329 398
329 483
329 859
329 974
330 748
330 784
330 726
330 825
330 678
330 420
330 391
330 665
330 724
330 716
330 867
330 631
330 567
330 692
330 626
330 873
330 866
330 597
330 685
331 469
331 515
331 888
331 551
331 588
331 834
331 453
331 512
331 491
331 754
331 955
331 750
331 554
331 446
332 656
332 503
332 338
332 628
332 677
332 909
332 598
332 730
332 346
333 767
333 421
333 858
333 763
333 692
333 546
333 494
333 835
333 670
333 511
333 706
333 928
333 980
333 588
333 729
333 573
334 987
334 398
334 584
334 563
334 813
334 952
334 730
334 419
334 454
334 686
335 703
335 821
335 827
335 605
335 428
335 582
335 721
335 935
335 558
335 906
335 439
335 566
335 343
335 453
335 949
335 389
336 737
336 732
336 653
336 441
336 408
336 650
336 391
336 796
336 881
336 854
337 342
338 641
338 341
338 854
338 812
338 906
338 925
338 616
338 741
338 493
338 720
338 575
338 871
338 609
338 453
338 909
338 738
338 611
338 665
338 914
338 339
338 509
338 377
338 546
338 962
339 939
339 555
339 428
339 804
339 860
339 598
339 584
339 355
339 788
339 419
339 467
340 569
340 710
340 501
340 650
340 358
340 973
340 544
340 540
341 911
341 877
341 533
341 989
341 594
341 903
341 882
341 436
341 554
341 359
341 959
341 506
342 969
342 411
342 758
342 707
342 608
342 801
342 930
342 798
342 612
342 520
342 978
343 575
343 490
343 623
343 515
343 763
343 779
343 578
343 824
343 945
344 826
344 593
344 807
344 973
344 451
344 359
344 575
344 604
344 996
344 998
344 906
345 957
345 376
345 951
345 568
345 779
345 723
345 409
345 375
345 485
345 772
345 403
345 876
345 997
345 408
346 497
346 841
346 921
346 910
346 359
346 941
347 927
347 899
347 409
347 485
347 459
347 771
347 827
347 818
347 440
347 380
347 619
347 426
347 573
348 846
348 929
348 618
348 521
348 987
348 532
348 358
348 769
348 658
348 354
348 721
348 387
349 638
349 646
349 686
349 387
349 772
349 499
349 470
349 934
349 842
349 415
349 725
349 549
349 624
349 972
349 569
349 721
349 659
349 830
349 947
349 893
349 464
349 674
349 518
349 768
350 657
350 712
350 390
350 890
350 955
350 570
350 397
350 663
350 379
350 407
350 765
350 393
350 509
350 976
350 683
351 709
351 872
351 500
351 892
351 401
351 918
351 757
351 897
351 640
351 758
351 720
351 433
352 508
352 878
352 492
352 960
352 712
352 691
352 399
352 954
352 870
352 504
352 952
352 749
352 371
352 920
352 746
352 991
352 648
353 791
353 749
353 981
353 640
353 564
353 937
353 456
353 562
353 855
353 363
353 688
353 845
353 763
353 656
353 848
353 668
353 831
354 924
354 403
354 646
354 512
354 831
354 671
354 999
354 868
354 952
354 509
354 810
354 982
354 981
355 956
355 576
355 685
355 455
355 530
355 964
355 990
356 629
356 568
356 660
356 628
356 711
356 781
356 504
356 463
356 913
356 427
356 455
357 661
357 694
357 666
357 614
357 468
357 443
357 457
357 997
357 755
357 624
357 623
357 738
358 417
358 473
358 584
358 615
358 566
358 653
358 656
358 805
358 489
358 891
358 586
359 956
359 674
359 664
359 633
359 747
359 502
359 978
359 903
359 908
359 703
359 758
359 833
360 908
360 536
360 995
360 808
360 700
360 683
360 594
361 897
361 397
361 834
361 748
361 833
361 498
361 544
361 762
361 831
361 955
362 982
362 688
362 876
362 470
362 849
362 650
362 575
362 676
362 971
362 392
362 618
362 444
362 943
362 398
363 387
363 407
363 658
363 727
363 874
363 888
363 955
363 770
363 975
363 901
364 631
364 976
364 927
364 730
364 615
364 535
364 402
364 689
364 489
364 580
365 669
365 725
365 717
365 385
365 724
365 395
365 708
365 647
365 803
366 640
366 625
366 731
366 748
366 739
366 905
366 614
366 950
367 919
367 549
367 610
367 681
367 438
367 746
367 513
367 670
367 385
368 782
368 493
368 691
368 410
368 432
368 736
368 652
368 538
368 632
368 714
368 733
368 556
368 462
368 578
368 450
368 471
368 992
368 719
368 621
368 991
368 864
369 926
369 564
369 530
369 432
369 474
369 866
369 838
369 941
369 689
369 522
369 431
369 902
370 402
370 497
370 760
370 935
370 878
370 464
370 643
370 517
370 896
370 749
370 885
370 657
370 410
370 711
371 742
371 830
371 789
371 911
371 551
371 484
371 512
371 978
371 934
371 690
371 461
371 616
371 588
371 447
372 648
372 448
372 709
372 922
372 593
372 539
372 888
372 772
373 782
373 518
373 555
373 990
373 674
373 500
373 803
373 698
373 923
373 519
373 678
373 559
373 414
373 588
373 832
373 995
374 948
374 845
374 787
374 423
374 744
374 829
374 834
375 680
375 588
375 620
375 401
376 793
376 801
376 508
376 769
376 935
376 694
376 732
376 755
376 875
376 737
377 700
377 738
377 588
377 874
377 816
377 585
378 487
378 757
378 758
378 596
378 696
378 480
378 598
378 617
378 770
378 886
378 895
378 389
378 904
379 460
379 610
379 382
379 693
379 809
379 997
379 918
380 934
380 562
380 564
380 510
380 831
380 625
380 956
380 988
380 481
381 967
381 387
381 686
381 996
381 813
381 939
381 558
381 506
381 526
381 913
381 865
381 433
381 836
381 942
381 630
382 670
382 807
382 593
382 418
382 767
382 419
382 855
382 395
382 642
383 678
383 832
383 700
383 841
383 607
383 546
383 652
383 726
383 610
383 874
383 674
383 967
383 708
384 727
384 815
384 806
384 656
384 455
384 558
384 623
384 833
384 800
384 799
384 764
385 620
385 775
385 647
385 841
385 564
385 991
385 547
385 728
385 981
385 927
385 421
385 494
385 912
385 919
385 778
386 445
386 617
386 936
386 465
386 841
386 905
386 881
386 898
386 743
387 604
387 550
387 719
387 557
387 806
387 850
387 993
387 402
387 502
388 867
388 408
388 529
388 679
388 532
388 898
388 400
388 948
388 442
388 630
388 987
388 814
388 901
389 934
389 731
389 436
389 484
389 443
389 935
389 954
389 501
389 947
389 826
390 717
390 833
390 892
390 980
390 413
390 716
390 577
390 758
390 936
390 714
390 691
390 709
390 845
390 537
391 485
391 656
391 452
391 704
391 506
391 469
391 498
391 433
391 562
391 896
391 579
391 924
391 707
391 407
391 982
391 746
392 984
392 560
392 412
392 741
392 587
392 486
392 510
392 910
392 691
392 570
392 976
393 396
393 612
393 395
393 978
393 551
393 528
393 700
393 522
393 394
393 693
393 824
393 687
393 921
393 774
393 955
393 519
393 432
393 529
393 995
394 548
394 481
394 581
394 533
394 460
394 859
394 681
394 863
394 881
394 624
395 437
395 571
395 981
395 722
395 649
395 980
395 749
395 759
395 618
395 925
395 554
395 627
396 993
396 577
396 623
396 850
396 579
396 920
396 608
396 772
396 409
396 569
397 648
397 749
397 587
397 875
397 804
397 962
397 501
397 688
397 791
397 729
397 950
397 500
397 670
397 874
397 528
397 864
398 982
398 921
398 938
398 628
398 459
398 956
398 539
398 877
398 509
398 460
398 872
398 513
398 450
398 965
398 478
398 517
398 755
398 523
398 658
399 714
399 854
399 685
399 705
399 875
399 690
399 440
399 881
399 429
399 857
399 981
399 669
400 878
400 783
400 536
400 912
400 975
400 463
400 977
400 961
401 930
401 581
401 912
401 450
401 838
401 703
401 615
401 840
402 902
402 780
402 997
402 938
402 870
402 952
402 669
402 821
402 494
402 438
402 525
402 623
402 686
402 831
402 790
402 418
403 418
403 797
403 469
403 870
403 884
403 856
403 986
403 913
403 866
403 949
403 887
403 454
404 636
404 905
404 677
404 729
404 777
404 594
404 812
404 704
404 603
404 787
404 827
404 755
405 619
405 860
405 859
405 489
405 792
405 629
405 534
405 429
405 840
405 515
405 550
405 507
405 756
406 998
406 925
406 578
406 909
406 484
406 537
406 475
406 862
406 747
406 848
406 628
406 912
406 614
406 818
406 844
406 422
407 758
407 698
407 686
407 986
407 827
407 632
407 763
407 878
408 471
408 495
408 475
408 583
408 635
408 651
408 810
408 648
408 637
408 902
408 748
408 867
408 438
408 715
409 782
409 921
409 665
409 432
409 598
409 680
409 786
409 738
409 880
410 550
410 930
410 709
410 572
410 496
410 906
410 601
410 559
410 527
410 742
410 588
410 844
410 986
410 814
410 594
410 707
410 827
410 669
411 868
411 790
411 514
411 803
411 724
411 728
411 492
411 483
411 998
411 773
411 694
411 423
412 588
412 449
412 740
412 652
412 766
412 930
412 987
412 889
412 414
412 801
413 661
413 633
413 833
413 642
413 509
413 814
413 532
413 995
414 713
414 617
414 626
414 620
414 640
414 440
414 632
414 734
414 926
414 463
414 494
414 758
415 743
415 819
415 733
415 506
415 999
415 490
415 649
416 931
416 638
416 918
416 886
416 540
416 575
416 513
416 823
416 868
416 584
416 591
416 905
417 971
417 921
417 659
417 660
417 989
417 948
417 596
417 678
417 705
417 779
417 711
417 599
417 939
417 575
417 578
417 907
418 447
418 441
418 661
418 760
418 743
418 691
418 972
418 659
418 599
418 904
418 704
418 898
418 611
418 644
418 454
419 765
419 596
419 515
419 602
419 981
419 517
419 612
419 656
419 530
420 639
420 767
420 500
420 449
420 959
420 857
420 509
420 793
420 532
420 440
420 933
421 748
421 814
421 720
421 798
421 463
421 976
421 706
422 611
422 513
422 550
422 447
422 688
422 876
422 570
422 609
422 489
422 848
422 676
422 807
422 741
423 509
423 524
423 485
423 470
424 949
424 559
424 487
424 708
424 930
424 702
424 692
424 903
424 885
425 867
425 531
425 748
425 770
425 563
425 791
425 950
425 856
425 561
425 452
425 574
425 528
426 527
426 711
426 633
426 513
426 854
426 975
426 634
426 919
426 874
426 561
426 955
426 822
426 897
426 788
426 448
426 937
426 453
426 963
427 885
427 639
427 622
427 504
427 642
427 663
427 522
427 717
427 671
428 744
428 429
428 845
428 670
428 863
428 748
428 986
428 678
428 789
428 864
429 695
429 436
429 985
429 464
429 754
429 643
429 587
429 617
429 633
430 626
430 630
430 444
430 863
430 595
430 942
430 895
430 797
430 864
430 571
431 542
431 951
431 909
431 888
431 811
431 928
431 839
431 538
431 935
431 748
431 577
431 961
431 709
431 983
431 621
431 790
432 768
432 770
432 843
432 564
433 660
433 749
433 710
433 438
433 609
433 573
433 754
433 965
433 623
433 583
433 685
433 771
433 904
433 858
434 706
434 760
434 771
434 738
434 778
434 743
434 661
434 753
434 466
434 763
434 461
435 886
435 459
435 820
435 493
435 921
435 468
435 789
435 686
435 878
435 445
435 848
435 836
435 944
435 631
435 692
436 894
436 454
436 667
436 444
436 737
436 901
436 905
436 677
436 675
436 786
437 556
437 873
437 765
437 880
437 864
437 922
437 663
437 502
437 661
438 859
438 773
438 708
438 584
438 697
438 511
439 910
439 482
439 598
439 990
439 818
439 540
439 649
439 913
439 707
439 610
440 687
440 729
440 565
440 584
440 830
440 469
440 681
440 773
440 938
441 652
441 445
441 697
441 973
441 593
441 892
441 658
442 742
442 622
442 680
442 976
442 886
442 816
442 710
442 804
442 678
442 652
442 876
442 537
442 612
443 888
443 696
443 849
443 658
443 661
443 921
443 839
444 521
444 539
444 550
444 515
444 484
444 770
444 502
444 571
444 693
444 618
445 807
445 491
445 557
445 816
445 600
445 752
445 448
445 700
445 984
445 601
446 926
446 894
446 455
446 839
446 602
446 896
446 992
446 452
446 815
446 785
446 856
447 951
447 732
447 601
447 990
447 748
447 875
447 920
447 832
447 695
448 995
448 500
448 713
448 908
448 564
448 884
448 451
448 571
448 547
448 595
448 472
449 513
449 558
450 532
450 914
450 698
450 660
450 542
450 584
450 875
451 835
451 793
451 899
451 524
451 784
451 913
452 694
452 570
452 758
452 535
452 550
452 781
452 626
453 984
453 830
453 890
453 570
453 505
453 963
453 584
453 619
453 747
454 641
454 729
454 751
454 655
454 475
454 545
454 812
454 772
454 632
454 509
454 819
454 470
454 759
454 531
455 919
455 535
455 576
455 871
455 498
455 958
455 853
455 704
456 579
456 903
456 643
456 629
456 895
456 662
456 670
457 490
457 678
457 972
457 723
458 576
458 963
458 978
458 499
458 962
458 900
458 473
458 769
458 749
458 626
458 689
458 742
458 869
458 578
459 901
459 568
459 601
459 961
459 967
459 878
459 888
459 811
460 804
460 613
460 590
460 832
460 862
460 683
461 607
461 815
461 611
461 937
461 551
461 724
461 537
461 476
461 470
462 916
462 516
462 960
462 666
462 538
463 552
463 884
463 844
463 907
463 846
463 814
463 669
463 613
464 574
464 562
464 549
464 680
464 478
464 954
464 756
464 507
464 710
464 856
465 926
465 980
465 983
465 706
465 738
465 994
465 916
465 987
465 863
465 889
465 505
465 696
465 625
465 739
465 624
465 795
465 595
465 724
466 654
466 895
466 795
466 660
466 511
466 826
466 808
467 611
467 829
467 900
467 790
467 491
467 497
467 526
467 509
467 893
467 922
467 842
467 530
468 469
468 599
468 572
468 577
468 799
468 479
469 777
469 505
469 942
469 580
469 886
469 866
469 609
469 590
470 931
470 820
470 964
470 763
470 870
470 758
470 659
470 900
470 752
470 622
470 956
471 994
471 887
471 615
471 773
471 628
471 790
471 916
471 962
471 472
471 877
471 952
471 836
472 582
472 784
472 890
472 593
472 522
472 521
472 535
472 772
472 849
472 669
472 523
472 768
472 831
473 706
473 860
473 570
473 481
473 999
473 821
473 829
473 880
473 554
473 656
474 513
474 554
475 733
475 757
475 848
475 531
475 961
475 636
475 799
475 924
475 879
475 504
475 929
476 721
476 912
476 889
476 670
476 735
476 904
476 936
476 666
476 478
476 952
476 929
476 927
477 515
477 617
477 621
477 750
477 734
477 870
477 718
477 810
477 573
477 757
477 586
477 838
477 488
477 803
477 612
477 601
478 553
478 820
478 686
478 581
478 919
478 836
478 740
478 757
478 483
479 986
479 849
479 912
479 526
479 723
479 622
479 551
479 922
479 898
479 618
479 598
480 870
480 667
480 616
480 976
480 730
480 697
480 691
480 942
480 638
480 500
480 838
481 563
481 603
481 958
481 530
481 752
481 486
481 859
482 679
482 618
482 828
482 912
482 935
482 839
482 967
483 981
483 815
483 607
483 882
483 824
483 930
483 857
483 951
483 642
484 853
484 982
484 493
484 930
484 981
484 831
484 618
484 796
485 871
485 718
485 936
485 595
485 495
485 750
485 821
485 739
485 486
485 857
485 900
485 886
486 614
486 769
486 993
486 957
486 858
486 490
486 948
486 646
487 745
487 841
487 657
487 907
487 923
487 593
487 801
487 865
488 994
488 757
488 590
488 533
488 675
488 594
488 542
488 495
489 947
489 653
489 636
489 517
489 735
490 987
490 582
490 852
490 995
490 954
490 588
490 848
490 667
490 532
490 600
490 648
490 815
491 757
491 782
491 547
491 742
491 928
491 849
491 919
491 560
491 979
492 597
492 810
492 623
492 842
492 596
492 750
492 835
493 967
493 937
493 823
493 760
493 906
493 696
493 580
493 595
493 607
494 563
494 725
494 798
494 746
494 658
494 650
494 547
494 985
494 728
494 846
494 757
495 700
495 969
495 701
495 727
495 578
495 665
495 842
495 688
495 840
496 784
496 677
496 847
496 627
496 827
496 856
496 614
496 793
496 901
496 661
497 952
497 823
497 786
497 575
497 548
498 976
498 914
498 563
498 929
498 539
498 769
498 867
498 949
498 796
498 834
499 627
499 590
499 790
499 815
499 852
499 718
499 862
499 734
500 598
500 950
500 864
500 931
500 983
500 861
500 843
500 764
500 748
500 876
500 958
500 957
500 597
500 666
500 912
500 750
501 685
501 985
501 919
501 969
501 812
501 952
501 950
501 589
501 835
501 802
502 633
502 806
502 657
502 995
502 924
502 913
502 691
503 759
503 906
503 537
503 861
503 533
503 642
503 929
503 518
504 749
504 833
504 764
504 616
504 698
504 686
504 771
504 883
505 951
505 972
505 722
505 669
505 644
505 743
506 780
506 896
506 591
506 957
506 668
506 679
506 798
507 803
507 606
507 618
507 953
507 923
507 958
507 895
507 568
508 943
508 745
508 905
508 611
508 634
508 890
509 901
509 979
509 515
509 554
509 782
509 701
509 765
509 526
510 739
510 703
510 562
510 538
510 592
510 660
510 661
510 862
510 847
510 850
511 761
511 940
511 765
511 845
511 815
511 736
511 951
511 724
511 831
511 950
511 988
511 643
511 650
512 965
512 527
512 924
512 863
512 689
512 883
512 590
512 872
512 744
512 895
513 564
513 922
513 570
513 727
513 577
513 923
513 878
513 547
513 581
513 959
514 978
514 748
514 961
514 988
514 735
514 609
514 617
514 828
514 785
515 578
515 634
515 874
515 829
515 934
515 793
515 727
515 534
515 825
515 724
515 555
515 784
516 884
516 780
516 629
516 768
516 709
516 745
516 730
516 813
516 694
517 782
517 898
517 998
517 637
517 806
517 705
518 673
518 751
518 938
518 658
518 522
518 795
518 772
518 959
519 590
519 525
519 796
520 656
520 556
520 928
520 745
520 546
520 691
520 988
520 874
520 757
520 985
521 885
521 614
521 647
521 746
521 941
521 702
521 561
521 893
521 739
521 833
521 935
521 985
521 760
521 907
522 760
522 697
522 631
522 721
522 705
522 765
522 987
522 820
522 552
522 910
523 919
523 985
523 852
523 579
523 843
523 837
523 697
523 881
523 599
523 867
524 608
524 559
524 949
524 896
524 627
524 844
524 917
524 569
524 804
525 997
525 751
525 671
525 763
525 757
525 578
525 947
525 849
526 670
526 603
526 947
526 900
527 845
527 881
527 545
527 844
527 806
528 791
528 890
528 886
528 549
528 996
528 920
528 665
528 803
528 861
529 834
529 958
529 778
529 816
529 685
529 891
530 779
530 897
530 943
530 956
531 570
531 921
531 561
531 650
531 993
531 648
531 762
531 977
531 941
531 924
532 810
532 676
532 966
532 855
532 631
532 675
532 579
533 789
533 893
533 544
533 876
533 559
533 671
533 809
533 740
534 970
534 841
534 863
534 832
534 995
534 539
534 554
534 904
534 706
535 608
535 560
535 887
535 740
535 729
535 777
535 565
535 775
535 836
536 716
536 849
536 703
536 757
536 573
537 793
537 682
537 972
537 561
537 767
537 566
537 799
537 996
537 702
537 610
537 914
537 627
538 943
538 876
538 962
538 610
538 958
538 864
538 993
538 716
539 846
539 669
539 945
539 775
539 955
539 908
540 597
540 743
540 848
541 567
541 917
541 893
541 806
541 984
541 892
541 782
541 690
541 949
541 939
541 986
541 601
541 735
541 590
542 778
542 639
542 552
542 584
542 669
542 990
542 868
542 916
542 867
542 722
542 835
542 656
542 763
542 823
543 935
543 927
543 598
543 706
543 991
543 576
544 686
544 689
544 801
544 615
544 833
544 888
544 778
544 563
545 977
545 736
545 751
546 660
546 574
546 946
546 601
546 948
546 970
546 906
546 757
547 720
547 740
547 933
547 863
547 964
547 575
547 999
548 598
548 811
548 963
548 765
548 793
548 929
549 949
549 612
549 973
549 568
549 699
549 710
549 649
549 761
550 955
550 947
550 665
550 817
550 793
550 778
550 731
550 695
550 771
550 799
550 600
551 976
551 563
551 807
551 944
551 969
551 788
551 683
552 709
552 740
552 982
552 845
552 854
552 700
552 912
552 975
552 689
552 814
552 628
552 649
553 731
553 663
553 794
553 653
553 818
553 913
553 746
553 562
553 841
553 590
554 600
554 734
554 613
554 782
554 619
555 859
555 742
555 593
555 874
555 789
555 580
555 617
555 876
555 820
556 968
556 922
556 942
556 923
556 607
556 740
557 762
557 986
557 726
557 844
557 953
557 901
557 715
557 667
557 774
557 639
557 931
558 688
558 662
558 764
558 778
558 975
558 833
558 623
558 919
558 651
558 687
558 934
559 643
559 603
559 931
559 656
559 765
559 752
559 902
559 932
559 957
559 967
560 847
560 602
560 806
560 873
560 967
560 684
560 900
560 905
561 569
561 892
561 966
561 866
561 927
561 693
561 750
561 763
561 770
561 873
561 631
561 637
561 581
562 649
562 818
562 937
562 801
563 833
563 769
563 602
563 689
563 803
563 844
564 989
564 644
564 643
564 701
564 888
565 592
565 685
565 898
565 602
565 781
565 581
566 592
566 725
566 599
566 877
566 719
566 769
566 810
566 805
566 911
566 910
567 864
567 992
567 811
567 572
567 956
567 719
567 974
567 967
567 872
568 758
568 888
568 939
568 669
568 700
569 702
569 614
569 743
569 834
569 931
569 692
569 691
570 956
570 819
570 892
570 895
570 865
570 743
570 630
570 656
570 813
570 606
571 925
571 802
571 998
571 644
571 697
571 589
571 580
571 753
572 835
572 739
572 874
572 897
572 813
572 810
572 787
572 978
572 674
572 985
572 868
573 846
573 925
573 946
573 584
573 632
573 661
574 679
574 588
574 658
574 903
574 824
574 837
574 750
575 878
575 763
575 644
575 607
575 855
575 985
575 779
575 798
575 730
575 749
575 660
575 932
575 860
576 951
576 668
576 652
576 764
576 930
576 744
577 941
577 610
578 638
578 602
578 999
578 847
578 888
578 708
578 740
578 788
578 752
578 724
579 843
579 711
579 862
579 619
579 626
580 733
580 695
580 845
580 715
580 766
580 838
581 955
581 746
581 915
581 795
581 930
581 897
581 656
581 803
581 966
582 760
582 816
582 762
582 819
582 621
582 774
582 784
582 624
582 585
583 881
583 652
583 959
583 662
583 923
583 933
583 682
583 951
584 686
584 755
584 958
584 734
584 797
584 621
584 687
585 859
585 657
585 784
585 641
585 908
585 927
585 867
585 935
585 861
586 817
586 635
586 601
586 632
586 968
586 681
586 685
586 670
586 605
587 945
587 696
587 874
587 938
587 605
587 728
587 900
587 674
587 860
588 611
588 646
588 694
588 718
588 991
588 834
588 942
589 599
589 672
589 767
589 725
590 952
590 791
590 790
590 935
591 863
591 831
591 891
591 990
591 970
591 666
592 789
592 828
592 960
592 659
592 854
592 977
593 624
593 843
593 656
593 966
593 791
593 631
593 875
593 931
593 726
594 788
594 821
594 879
594 835
594 838
594 694
595 966
595 739
595 983
595 610
595 975
595 958
595 767
595 712
596 726
596 609
596 627
596 641
596 725
596 723
596 861
596 808
596 704
596 847
597 800
597 612
597 979
597 766
597 949
597 694
597 636
597 816
597 692
598 852
598 892
598 730
598 815
598 792
598 816
599 857
599 728
599 891
599 805
600 906
600 993
600 806
600 801
600 967
601 637
601 790
601 924
601 930
601 813
602 665
602 848
602 910
602 676
602 713
602 934
602 993
602 986
602 837
602 730
603 852
603 934
603 838
603 750
603 813
604 738
604 851
604 618
604 798
604 818
604 700
604 657
605 962
605 810
605 675
605 866
606 967
606 646
606 948
606 984
607 621
607 700
607 935
607 983
607 916
607 838
607 622
608 742
608 692
608 927
609 854
609 831
609 863
609 734
610 877
610 894
610 855
610 866
610 720
610 807
610 661
611 922
611 668
611 789
611 629
611 620
611 665
611 981
611 878
611 924
611 703
611 978
611 923
612 932
612 910
612 947
612 815
612 787
612 722
613 799
613 716
613 955
613 958
613 879
613 860
613 885
613 713
614 715
614 889
614 983
614 648
614 723
614 694
614 673
615 750
615 649
615 953
615 645
615 644
615 692
615 696
615 621
615 847
615 684
615 762
615 646
616 774
616 752
616 843
616 667
616 648
616 860
616 763
616 866
616 920
616 732
616 999
616 650
616 832
616 656
616 684
616 858
617 746
617 703
617 964
617 799
617 727
617 692
617 941
618 941
618 778
618 660
618 658
618 749
618 960
618 684
618 761
618 821
619 669
619 822
619 862
619 963
619 771
620 630
620 646
620 821
620 774
620 749
620 893
620 956
621 820
621 978
621 985
621 927
621 993
621 755
621 822
621 881
621 624
622 924
622 829
622 731
622 834
622 905
622 754
622 780
622 939
623 742
623 875
623 966
623 978
623 859
624 881
624 701
624 635
624 674
624 699
624 778
624 648
624 801
625 975
625 635
625 850
625 646
625 718
625 869
626 727
626 917
626 913
626 958
626 992
626 673
626 852
626 653
627 928
627 634
627 752
627 932
627 967
628 989
628 697
628 729
628 821
628 809
628 971
628 963
629 882
629 805
629 786
629 821
629 654
629 876
630 808
630 676
630 880
630 971
631 841
631 930
631 813
631 716
631 779
631 780
631 849
631 791
632 752
632 900
632 913
632 901
632 986
632 814
632 781
633 703
633 841
633 811
633 638
633 893
633 782
633 927
634 873
634 709
634 891
634 923
634 996
634 643
634 729
635 951
635 849
635 731
635 690
635 742
635 908
635 918
635 947
635 977
635 726
635 961
635 761
636 987
636 975
636 646
636 903
636 747
637 851
637 814
637 889
637 990
638 899
638 741
638 710
638 819
638 808
638 707
639 792
639 803
639 680
640 722
640 861
640 862
640 875
640 767
640 918
640 886
640 967
641 905
641 794
641 803
641 764
641 844
642 710
642 694
642 900
642 656
642 928
642 897
642 994
642 950
642 717
642 846
642 871
643 656
643 731
643 680
643 828
643 703
643 951
644 926
644 660
644 931
644 846
644 828
644 896
644 867
644 957
645 793
645 758
645 805
645 788
645 651
645 941
646 864
646 955
646 997
646 804
646 841
646 869
646 682
646 749
647 735
647 979
647 773
647 818
647 816
648 821
648 915
648 842
648 686
648 704
649 910
649 833
649 811
649 881
649 665
649 653
649 775
649 735
649 725
650 676
650 848
650 802
650 875
651 808
651 775
651 869
651 873
651 801
652 713
652 871
652 787
652 900
653 676
654 885
654 673
654 852
654 801
654 912
654 935
655 831
655 946
655 682
655 945
656 779
656 723
656 975
656 874
656 871
657 694
657 840
657 968
657 879
657 709
657 811
657 824
658 687
658 831
658 984
658 898
659 874
659 712
660 972
660 709
660 840
660 990
661 899
661 719
661 920
661 927
661 974
662 871
662 993
662 700
662 690
662 695
663 733
663 842
664 999
664 954
664 962
664 922
664 765
664 746
664 811
664 888
664 994
664 874
664 704
664 760
664 989
665 991
665 978
665 786
665 763
665 768
665 934
665 965
665 960
666 986
666 785
666 982
666 899
666 949
666 880
666 960
666 998
666 678
667 903
667 927
667 973
667 885
668 788
668 708
668 765
668 806
669 747
669 859
669 732
670 674
670 809
670 988
671 760
671 700
671 953
671 913
672 989
672 697
672 880
672 737
672 927
672 683
672 967
672 708
672 798
672 898
673 703
673 700
673 948
673 773
673 752
673 951
673 968
673 802
673 901
673 821
674 781
674 982
674 931
674 727
675 884
675 937
675 963
675 751
676 706
676 900
676 807
676 818
676 765
678 989
678 800
678 865
678 992
679 788
679 846
679 875
679 897
679 844
679 839
679 841
680 772
680 860
681 876
681 858
681 833
681 933
681 919
681 975
682 771
682 856
682 709
682 809
682 737
682 689
682 839
683 718
683 739
684 793
684 933
684 923
685 724
685 896
685 974
685 874
685 815
685 897
686 856
686 885
686 737
686 975
686 815
686 926
687 727
687 920
687 742
687 768
687 893
687 697
687 849
688 772
688 781
688 750
688 723
688 920
688 804
689 907
689 994
689 773
689 817
689 792
689 777
690 826
690 876
690 743
690 966
690 774
690 755
691 780
691 882
691 867
691 906
691 823
692 935
692 834
692 700
692 811
693 924
693 732
693 958
693 976
693 803
693 744
694 892
694 784
694 791
694 802
694 870
694 854
694 916
694 911
695 726
695 912
695 805
696 925
696 738
696 730
696 847
696 893
697 765
697 750
697 983
698 738
698 977
698 912
698 749
698 943
698 699
699 809
699 862
699 767
699 914
699 919
699 758
700 848
700 965
700 973
700 953
700 833
701 942
701 804
701 708
701 720
701 811
701 760
702 983
702 821
702 763
702 832
702 707
702 711
702 705
702 949
702 859
703 850
703 714
704 752
704 801
704 939
704 721
705 780
705 839
705 836
705 813
705 871
705 974
705 718
705 820
706 711
706 821
706 783
707 795
707 750
707 883
707 756
708 926
708 782
708 999
708 944
709 857
709 747
709 792
709 779
709 859
709 714
710 831
710 944
710 992
711 857
711 909
711 943
711 896
711 924
711 748
711 717
712 778
713 867
713 998
713 822
713 880
714 915
714 766
714 902
715 769
715 718
715 899
715 881
715 770
715 937
715 804
716 828
716 962
716 734
716 830
717 817
717 990
717 892
717 943
717 884
717 835
717 962
717 736
717 953
717 974
717 891
718 951
718 783
718 724
718 728
719 861
719 918
720 971
720 797
720 739
721 745
721 816
721 777
721 726
721 862
721 956
721 955
722 982
722 736
722 851
723 976
723 898
723 836
723 783
724 925
724 755
724 908
724 884
725 933
725 732
725 926
725 751
725 908
725 955
725 817
726 942
726 783
726 789
726 790
726 906
726 970
726 965
726 953
727 872
727 995
727 867
727 870
728 781
728 938
728 890
728 926
729 750
729 845
729 911
729 781
729 797
729 973
729 803
729 849
729 862
730 732
730 798
731 822
731 954
731 805
731 770
732 899
732 758
732 891
732 951
732 772
733 837
733 827
733 945
733 876
733 734
734 865
734 909
735 835
735 764
735 969
735 846
735 775
735 915
735 866
736 752
736 772
736 872
736 948
736 824
737 937
737 746
737 841
737 829
737 817
738 933
738 909
738 763
738 926
738 939
738 910
738 755
739 991
739 858
739 925
739 883
739 860
739 949
739 799
739 948
740 935
740 918
740 954
740 765
740 995
740 839
740 844
741 853
741 859
741 923
741 762
741 788
742 776
742 818
742 839
742 998
742 968
742 774
743 984
743 931
743 799
743 842
743 961
743 981
743 745
743 798
744 874
744 816
744 935
744 870
744 930
744 786
744 859
745 807
745 854
745 776
746 768
746 872
746 998
746 864
746 944
747 892
747 992
747 783
747 749
747 771
747 969
747 918
748 800
748 935
748 891
748 909
748 978
749 753
749 864
749 809
750 817
751 803
751 779
751 897
751 791
751 878
751 842
752 957
753 921
753 968
754 867
754 787
754 799
754 955
755 849
755 756
755 822
755 761
755 806
756 946
756 832
756 932
756 905
757 862
757 943
757 932
757 799
758 812
758 775
758 967
758 918
758 773
758 813
758 892
759 810
759 765
759 891
759 989
760 852
760 786
760 968
761 871
761 991
761 819
762 865
762 963
762 980
763 905
763 834
763 854
764 902
764 766
764 873
764 875
764 837
764 814
764 808
765 880
765 790
765 936
766 847
766 921
766 783
766 848
767 938
767 945
768 898
768 814
769 886
770 926
770 848
770 949
771 855
771 807
771 844
771 926
771 859
771 775
772 970
772 979
772 864
772 983
772 787
772 859
772 963
772 837
773 813
773 985
773 852
774 791
774 831
774 805
775 982
775 830
776 804
776 960
777 970
777 907
777 895
778 951
778 968
778 840
778 962
778 949
778 836
779 804
779 978
779 958
779 945
779 844
779 957
780 802
780 944
780 940
781 788
781 974
781 991
781 888
781 985
782 783
782 978
782 879
782 805
783 993
783 984
783 942
783 928
784 975
784 794
784 811
784 815
785 923
785 918
785 915
785 789
785 902
785 791
785 893
786 836
786 828
788 927
789 967
789 944
789 956
789 942
790 870
790 886
790 916
791 818
791 879
791 806
791 902
792 898
792 945
792 877
793 907
793 897
793 961
793 899
793 871
794 972
794 822
794 998
795 963
795 880
796 865
796 961
796 901
796 933
797 831
797 820
797 815
797 821
797 980
798 968
798 894
798 866
798 892
799 927
799 975
799 831
799 962
800 882
800 969
800 822
801 928
801 827
801 815
802 880
802 940
803 901
803 831
804 974
804 978
804 997
804 896
804 827
805 807
805 839
805 898
805 990
806 929
806 835
806 890
807 870
808 936
808 999
809 984
809 869
809 980
809 894
809 935
810 854
810 877
810 895
811 911
811 814
812 929
812 882
812 902
812 968
813 832
814 833
814 994
814 855
814 897
814 878
815 876
815 953
815 897
816 965
816 904
816 894
816 927
816 994
816 824
816 829
817 921
817 873
817 988
817 872
817 991
818 936
818 931
819 917
819 847
819 950
820 931
820 949
820 938
820 826
820 978
821 885
821 991
822 890
822 981
822 941
822 921
823 951
823 854
824 895
824 889
824 927
824 863
825 914
825 870
825 958
825 844
826 983
827 856
827 953
827 997
827 959
827 866
827 888
828 993
828 887
828 952
828 974
828 975
829 986
829 890
829 867
829 846
829 908
829 922
830 914
830 940
831 942
831 836
832 883
833 944
833 987
833 959
833 954
834 957
834 896
834 867
835 912
836 964
836 897
836 905
836 966
837 959
839 968
839 950
839 879
841 843
841 954
842 963
843 998
843 919
843 926
844 949
844 996
845 990
845 938
845 879
846 941
846 955
846 967
847 849
848 930
848 923
848 964
849 920
850 989
850 871
850 886
851 870
851 969
851 912
851 856
852 971
852 944
852 904
852 950
853 964
853 996
853 944
853 892
853 899
854 902
854 916
855 903
855 887
855 991
855 904
856 931
856 994
857 984
858 980
858 940
858 879
858 860
859 888
859 880
860 987
861 952
861 900
861 963
861 972
862 998
862 880
863 884
863 875
864 998
864 943
865 969
866 898
866 893
866 943
866 916
866 928
867 979
867 885
867 901
868 951
869 926
869 956
870 934
870 912
870 996
870 919
870 945
871 986
871 877
871 956
872 990
872 998
872 950
872 906
872 970
873 913
874 945
875 914
875 983
876 997
876 907
877 950
877 940
877 978
878 982
878 963
880 918
881 949
881 984
882 958
882 886
883 957
883 975
883 952
884 934
884 902
885 939
885 894
885 945
885 982
888 960
888 924
889 979
889 956
889 923
889 929
890 984
891 994
891 902
892 999
893 960
894 980
894 924
894 966
895 897
895 981
896 900
896 903
896 907
897 977
897 964
898 946
898 927
899 964
899 945
900 949
900 990
901 967
901 917
901 988
901 957
901 986
903 978
903 912
904 950
906 974
906 925
907 961
907 965
907 958
907 951
909 960
910 993
911 918
912 958
912 934
913 992
913 932
913 975
913 989
913 938
914 978
915 992
915 936
917 934
918 963
918 937
918 949
919 949
919 994
919 979
920 928
921 956
923 933
924 973
924 967
925 973
927 990
928 930
928 939
929 994
931 943
932 957
934 941
936 948
936 995
937 938
938 962
939 996
940 978
940 998
941 980
941 947
942 983
943 979
943 963
943 977
946 998
949 961
949 997
950 978
951 968
951 952
951 993
952 956
953 958
954 960
954 979
955 976
955 998
955 975
955 978
956 989
956 960
957 998
958 985
960 990
960 997
963 988
965 993
969 994
971 988
973 983
981 984
983 999
984 997
984 998
984 995
988 993
