VERTICES = 1000
EDGES = 10000
0 446
0 810
0 362
0 410
0 917
0 729
0 926
0 627
0 971
0 494
0 906
0 318
0 428
0 930
0 585
0 703
0 797
0 269
0 486
0 954
0 818
1 984
1 39
1 688
1 518
1 82
1 571
1 805
1 138
1 100
1 779
1 778
1 537
1 57
1 595
1 281
1 639
1 607
1 570
1 106
2 252
2 453
2 311
2 175
2 41
2 29
2 254
2 821
2 265
2 366
2 601
2 555
2 206
2 591
2 234
2 948
2 745
2 279
2 39
2 189
2 508
3 468
3 947
3 910
3 765
3 681
3 454
3 570
3 29
3 136
3 535
3 353
3 840
3 703
3 881
3 635
3 543
3 96
3 265
3 321
3 938
3 142
4 839
4 680
4 46
4 941
4 540
4 394
4 477
4 738
4 259
4 236
4 369
4 567
4 77
4 974
4 414
4 662
4 741
4 536
4 939
4 599
4 896
4 252
4 823
4 982
4 789
5 700
5 743
5 636
5 505
5 96
5 36
5 850
5 928
5 883
5 694
5 610
5 805
5 675
5 187
5 756
5 538
5 156
5 829
6 296
6 565
6 302
6 447
6 880
6 756
6 984
6 956
6 192
6 961
6 25
6 561
6 481
6 386
6 422
6 107
6 502
7 622
7 418
7 234
7 763
7 477
7 617
7 786
7 590
7 565
7 663
7 333
7 848
7 637
7 169
7 57
7 652
7 690
7 574
7 901
7 443
7 417
7 479
7 79
7 402
7 594
7 350
8 749
8 49
8 603
8 391
8 334
8 84
8 556
8 266
8 181
8 451
8 587
8 631
8 58
8 202
8 29
8 521
9 387
9 888
9 963
9 359
9 841
9 994
9 407
9 837
9 440
9 986
9 270
9 727
9 141
9 600
9 372
9 55
9 984
9 111
9 196
9 209
9 769
9 573
9 583
9 245
9 678
10 277
10 784
10 384
10 906
10 134
10 576
10 139
10 104
10 388
10 642
10 779
10 68
10 835
10 468
10 684
10 202
10 107
10 806
10 980
10 489
10 458
11 481
11 252
11 652
11 517
11 176
11 584
11 604
11 266
11 556
11 917
11 484
11 649
11 61
11 859
11 396
11 182
11 681
11 95
12 781
12 408
12 202
12 720
12 693
12 774
12 104
12 938
12 671
12 893
12 554
12 424
12 147
12 160
12 589
12 796
12 229
12 501
12 783
12 81
12 91
12 832
12 759
13 224
13 837
13 831
13 624
13 874
13 962
13 280
13 581
13 443
13 454
13 210
13 887
13 957
13 245
13 758
13 816
13 778
14 959
14 655
14 532
14 840
14 907
14 921
14 497
14 155
14 674
14 786
14 871
14 950
14 129
14 326
14 826
15 493
15 477
15 720
15 564
15 830
15 17
15 783
15 430
15 765
15 368
15 351
15 700
15 461
15 323
15 486
15 977
15 960
15 52
16 394
16 467
16 414
16 499
16 726
16 845
16 352
16 615
16 999
16 285
16 770
16 208
16 966
16 671
17 998
17 132
17 255
17 458
17 680
17 504
17 375
17 999
17 129
17 471
17 937
17 544
17 670
17 986
17 267
17 562
17 672
17 439
17 440
17 326
18 813
18 742
18 796
18 816
18 483
18 487
18 464
18 871
18 510
18 698
18 692
18 116
18 35
18 575
18 965
18 755
18 358
19 219
19 262
19 932
19 165
19 464
19 680
19 876
19 442
19 131
19 323
19 986
19 839
19 73
19 32
19 953
19 242
19 915
19 911
19 354
19 814
19 909
19 899
19 779
19 355
20 395
20 676
20 364
20 979
20 143
20 497
20 684
20 624
20 52
20 818
20 260
20 100
20 921
20 861
20 647
20 330
20 278
21 505
21 171
21 70
21 718
21 328
21 405
21 847
21 593
21 762
21 439
21 898
21 680
21 815
21 677
21 387
21 229
21 904
21 104
21 309
21 836
22 840
22 797
22 180
22 511
22 803
22 98
22 142
22 303
22 629
22 31
22 402
22 584
22 421
22 814
22 751
22 776
22 95
22 51
22 684
22 24
22 540
22 285
22 124
23 688
23 628
23 322
23 343
23 349
23 382
23 219
23 142
23 167
23 720
23 153
23 619
23 473
23 806
23 559
23 401
23 31
23 715
23 913
23 842
23 200
23 813
24 970
24 70
24 295
24 656
24 919
24 627
24 676
24 971
24 593
24 823
24 145
24 321
24 493
24 234
24 174
24 640
25 111
25 288
25 542
25 695
25 537
25 130
25 570
25 961
25 505
25 519
25 311
25 979
25 474
25 860
25 869
25 263
25 83
25 244
25 203
26 433
26 917
26 565
26 339
26 998
26 166
26 600
26 695
26 100
26 897
26 331
26 770
26 93
27 444
27 480
27 245
27 115
27 639
27 706
27 530
27 893
27 539
27 48
27 128
27 208
27 704
27 721
27 497
27 880
27 49
28 712
28 769
28 739
28 412
28 922
28 574
28 606
28 944
28 767
28 99
28 937
28 986
28 447
28 434
28 852
28 367
28 630
28 393
28 899
28 220
28 259
28 820
28 727
28 545
28 893
28 328
28 409
28 202
28 350
28 562
28 954
28 862
29 764
29 723
29 154
29 556
29 679
29 833
29 407
29 689
29 853
29 953
29 49
29 607
29 320
29 871
29 182
29 865
29 813
29 648
29 261
29 726
29 116
30 733
30 865
30 587
30 816
30 118
30 610
30 392
30 254
30 968
30 55
30 268
30 825
30 699
30 515
30 366
30 143
30 343
30 595
30 405
30 535
30 465
30 724
30 647
30 48
30 904
30 847
31 695
31 869
31 343
31 997
31 64
31 654
31 827
31 495
31 108
31 218
31 88
31 491
31 566
31 698
31 216
31 298
31 612
31 824
31 649
31 789
31 713
31 55
31 288
31 700
31 738
31 521
31 926
31 432
31 644
31 178
31 90
31 347
32 39
32 560
32 812
32 841
32 195
32 381
32 953
32 78
32 623
32 998
32 309
32 111
32 596
32 219
32 915
32 341
32 437
32 175
32 851
32 739
32 888
32 687
32 227
33 431
33 456
33 448
33 579
33 318
33 390
33 387
33 283
33 297
33 978
33 446
33 635
33 291
33 61
33 200
33 435
33 619
33 736
33 596
33 138
33 907
33 754
33 506
33 264
33 559
33 454
34 310
34 618
34 598
34 970
34 811
34 680
34 94
34 74
34 520
34 776
34 712
34 554
34 967
34 337
35 335
35 384
35 422
35 989
35 825
35 603
35 220
35 563
35 644
35 274
35 802
35 439
35 503
35 863
35 180
35 127
35 704
35 906
36 867
36 326
36 447
36 214
36 915
36 721
36 774
36 557
36 768
36 436
36 757
36 491
36 75
36 356
36 163
37 339
37 544
37 300
37 618
37 357
37 83
37 696
37 841
37 38
37 936
37 401
37 242
37 865
38 995
38 407
38 982
38 565
38 180
38 715
38 977
38 340
38 541
38 722
38 548
38 869
38 247
38 962
38 628
38 872
38 269
38 383
38 64
38 727
38 748
38 888
39 494
39 941
39 652
39 144
39 261
39 780
39 754
39 716
39 597
39 222
39 616
39 741
39 377
39 895
39 54
39 206
39 640
39 49
39 413
39 488
39 808
39 742
39 678
40 809
40 904
40 252
40 586
40 648
40 589
40 118
40 623
40 677
40 479
40 440
40 531
40 179
40 836
40 229
40 626
40 931
40 236
40 624
41 109
41 927
41 206
41 811
41 974
41 122
41 334
41 414
41 311
41 250
41 667
41 725
41 550
41 249
42 585
42 45
42 293
42 390
42 847
42 363
42 78
42 951
42 729
42 597
42 54
42 753
42 226
42 330
42 381
42 559
42 933
42 913
42 567
43 966
43 292
43 997
43 757
43 860
43 596
43 785
43 297
43 491
43 597
43 494
43 921
43 54
43 916
43 975
43 631
43 194
43 437
43 587
43 686
43 711
43 57
43 255
43 330
43 629
44 378
44 660
44 922
44 790
44 214
44 81
44 952
44 915
44 154
44 780
44 178
44 172
44 567
44 799
44 470
44 949
44 956
44 256
44 457
44 424
44 76
44 77
44 560
45 665
45 959
45 570
45 630
45 771
45 957
45 126
45 221
45 809
45 364
45 658
45 847
45 298
45 413
46 150
46 704
46 164
46 898
46 973
46 769
46 328
46 718
46 183
46 359
46 392
46 454
46 667
46 89
46 141
46 298
46 491
46 111
47 677
47 899
47 539
47 446
47 978
47 954
47 545
47 875
47 543
47 939
47 492
47 225
47 571
47 82
47 988
47 613
48 976
48 884
48 169
48 152
48 66
48 436
48 280
48 941
48 522
48 429
48 395
48 737
48 878
48 916
48 241
48 419
48 252
48 441
48 565
48 607
48 679
48 461
48 294
48 416
48 500
48 955
49 361
49 470
49 863
49 292
49 210
49 905
49 789
49 286
49 206
49 740
49 885
49 656
49 540
49 246
49 422
49 782
49 355
50 312
50 938
50 422
50 736
50 141
50 785
50 522
50 474
50 699
50 71
50 231
50 285
50 177
50 382
50 349
50 194
50 219
50 80
50 868
50 890
50 712
50 375
50 516
51 932
51 92
51 977
51 779
51 442
51 175
51 179
51 156
51 727
51 117
51 337
51 504
51 423
51 760
51 133
51 155
51 969
51 365
52 616
52 251
52 440
52 911
52 775
52 338
52 735
52 261
52 564
52 493
52 724
52 915
52 64
52 853
52 799
53 591
53 196
53 534
53 163
53 328
53 305
53 556
53 986
53 194
53 552
53 386
53 341
53 548
53 641
53 984
53 435
53 102
53 945
53 648
53 584
54 984
54 804
54 852
54 801
54 555
54 474
54 662
54 569
54 369
54 796
54 329
54 778
54 697
54 695
54 797
54 477
54 833
54 952
54 568
54 755
54 989
54 396
55 201
55 209
55 408
55 241
55 76
55 306
55 915
55 171
55 847
55 328
55 736
55 716
55 177
55 842
55 996
56 901
56 475
56 759
56 761
56 886
56 203
56 799
56 933
56 562
56 680
56 997
56 484
56 406
56 821
56 516
56 282
57 955
57 235
57 942
57 865
57 116
57 934
57 178
57 204
57 529
57 584
57 541
57 117
57 751
57 387
57 380
57 954
57 712
58 91
58 457
58 793
58 825
58 488
58 998
58 445
58 643
58 746
58 727
58 69
58 325
58 138
58 466
58 602
58 84
58 235
58 468
59 858
59 161
59 950
59 885
59 294
59 100
59 860
59 88
59 613
59 687
59 625
59 363
59 876
59 645
59 419
59 746
59 786
59 350
59 308
59 721
59 218
59 856
60 341
60 844
60 737
60 556
60 274
60 915
60 831
60 673
60 362
60 331
60 954
60 61
60 461
60 596
60 725
60 852
60 122
60 634
60 728
60 269
60 200
60 533
60 807
60 116
60 879
61 825
61 424
61 213
61 226
61 80
61 742
61 427
61 454
61 882
61 751
61 744
61 377
61 460
61 833
61 472
61 530
61 274
61 101
61 347
61 202
61 185
62 842
62 358
62 461
62 547
62 498
62 442
62 585
62 850
62 959
62 964
62 780
62 209
62 784
62 513
62 309
62 689
62 228
62 849
62 87
62 673
62 612
63 688
63 154
63 654
63 690
63 277
63 965
63 820
63 254
63 924
63 374
63 961
63 369
63 749
63 841
63 385
63 567
63 551
63 875
63 656
64 206
64 160
64 802
64 431
64 631
64 394
64 505
64 670
64 728
64 539
64 242
64 967
64 439
64 131
64 389
64 557
64 962
64 874
64 955
64 140
65 235
65 89
65 850
65 421
65 501
65 952
65 280
65 206
65 665
65 332
65 910
65 290
65 223
65 231
65 757
65 366
65 667
65 324
65 541
65 702
65 457
66 520
66 516
66 477
66 755
66 933
66 946
66 400
66 190
66 919
66 848
66 561
66 360
66 493
66 169
66 941
67 954
67 306
67 281
67 461
67 767
67 548
67 692
67 71
67 854
67 637
67 439
67 864
67 184
67 365
67 404
67 496
67 487
67 628
68 86
68 414
68 786
68 346
68 813
68 911
68 128
68 287
68 197
68 335
68 523
68 195
68 91
68 342
68 363
69 744
69 370
69 176
69 594
69 303
69 342
69 628
69 704
69 640
69 206
69 859
69 337
69 77
69 914
69 418
69 878
69 244
69 329
69 883
69 933
69 131
69 945
69 86
69 980
69 925
70 252
70 353
70 492
70 321
70 952
70 230
70 158
70 505
70 187
70 571
70 195
70 349
70 579
70 274
70 947
70 614
70 950
70 920
70 476
70 982
70 632
70 922
70 380
70 915
71 910
71 362
71 119
71 696
71 356
71 640
71 741
71 987
71 552
71 390
71 793
71 975
71 762
71 222
71 714
71 500
71 976
71 85
71 801
71 531
72 948
72 433
72 696
72 385
72 831
72 427
72 528
72 912
72 721
72 959
72 468
72 134
72 457
72 725
72 277
72 474
72 254
72 182
72 142
72 554
72 741
72 883
72 954
72 273
73 655
73 873
73 82
73 162
73 991
73 512
73 577
73 452
73 901
73 248
73 289
73 249
73 625
74 226
74 618
74 410
74 735
74 603
74 575
74 843
74 772
74 117
74 945
74 922
74 86
74 622
74 661
74 611
74 761
74 684
74 653
74 309
74 620
74 553
74 544
74 228
75 965
75 823
75 392
75 365
75 337
75 944
75 822
75 309
75 426
75 278
75 274
75 529
75 372
75 730
75 371
75 194
75 532
75 563
75 597
75 242
75 839
76 283
76 890
76 807
76 823
76 628
76 160
76 726
76 930
76 222
76 501
76 93
76 183
76 320
76 892
76 944
77 311
77 185
77 768
77 842
77 972
77 626
77 916
77 533
77 601
77 747
77 828
77 352
77 715
77 784
77 607
77 811
77 259
77 542
77 569
77 825
78 760
78 318
78 385
78 828
78 243
78 692
78 835
78 985
78 651
78 841
78 685
78 433
78 970
78 260
78 244
78 294
78 166
79 839
79 767
79 697
79 269
79 486
79 237
79 695
79 751
79 476
79 911
79 851
79 862
79 969
79 649
79 119
79 945
79 343
80 749
80 256
80 379
80 405
80 315
80 319
80 606
80 982
80 83
80 388
80 499
80 901
80 466
80 660
80 168
80 558
80 890
80 455
80 889
80 376
80 354
80 844
81 536
81 702
81 731
81 541
81 317
81 270
81 232
81 487
81 641
81 258
81 510
81 729
81 291
81 175
81 756
81 353
81 837
81 446
81 945
81 636
82 972
82 840
82 889
82 856
82 141
82 771
82 482
82 114
82 251
82 772
82 656
82 190
82 318
82 909
82 432
82 636
82 681
82 436
82 270
82 768
83 417
83 404
83 556
83 190
83 820
83 981
83 842
83 756
83 747
83 191
83 416
83 293
83 118
83 580
83 464
83 590
83 322
84 970
84 154
84 458
84 431
84 151
84 392
84 870
84 324
84 189
84 596
84 681
84 639
84 620
84 406
84 680
84 862
84 415
84 913
85 352
85 253
85 438
85 452
85 484
85 300
85 782
85 335
85 312
85 756
85 161
85 789
85 997
85 223
85 354
85 339
85 266
86 686
86 180
86 124
86 620
86 410
86 617
86 692
86 503
86 742
86 341
86 198
86 881
86 379
86 210
86 108
86 659
86 399
86 419
86 438
86 245
87 567
87 878
87 453
87 854
87 929
87 518
87 164
87 250
87 973
87 663
87 791
87 134
87 781
87 387
87 105
88 334
88 533
88 436
88 377
88 625
88 942
88 401
88 631
88 752
88 357
88 302
88 714
88 822
88 116
88 292
88 384
88 551
89 469
89 338
89 473
89 217
89 213
89 163
89 342
89 434
89 546
89 917
89 768
89 245
89 759
89 290
89 676
89 476
89 782
89 136
90 208
90 857
90 476
90 690
90 328
90 265
90 898
90 592
90 930
90 824
90 584
90 141
90 293
90 385
90 830
90 566
90 356
90 283
90 102
90 190
90 786
90 302
90 278
90 813
91 696
91 448
91 556
91 92
91 226
91 729
91 831
91 747
91 903
91 680
91 242
91 550
91 469
92 844
92 163
92 417
92 902
92 967
92 422
92 831
92 124
92 865
92 488
92 207
92 694
92 894
92 498
92 848
92 609
92 941
92 842
92 753
92 954
92 279
93 117
93 166
93 493
93 650
93 561
93 619
93 146
93 986
93 814
93 328
93 382
93 488
93 835
93 429
93 648
93 355
93 783
93 260
93 330
93 154
93 784
93 596
93 315
93 369
93 794
93 193
94 195
94 237
94 159
94 656
94 577
94 710
94 534
94 929
94 469
94 573
94 682
94 409
94 548
94 687
94 410
95 502
95 230
95 294
95 891
95 934
95 353
95 531
95 231
95 802
95 108
95 395
95 373
95 507
95 486
95 451
95 866
95 868
95 660
95 881
95 126
95 993
96 162
96 145
96 578
96 736
96 143
96 766
96 495
96 829
97 235
97 379
97 596
97 803
97 201
97 922
97 365
97 369
97 911
97 324
97 172
97 805
97 937
97 590
97 960
97 610
97 506
97 887
97 810
97 484
97 251
97 220
98 915
98 879
98 410
98 307
98 467
98 884
98 327
98 428
98 645
98 144
98 411
98 667
98 515
98 366
98 953
98 290
98 908
98 282
98 603
98 137
98 281
98 636
98 338
98 922
98 177
99 633
99 462
99 117
99 928
99 467
99 483
99 634
99 814
99 787
99 179
99 639
99 201
99 136
99 726
99 464
99 107
99 522
99 691
99 860
99 772
99 810
99 548
99 458
99 328
99 500
100 726
100 668
100 865
100 595
100 207
100 834
100 102
100 377
100 107
100 540
100 862
100 805
100 806
100 996
100 720
100 872
100 866
100 101
101 673
101 450
101 478
101 204
101 416
101 324
101 131
101 606
102 812
102 974
102 961
102 313
102 120
102 936
102 971
102 711
102 236
102 820
102 766
102 863
102 200
102 324
102 234
102 485
102 911
102 204
102 878
103 373
103 705
103 763
103 726
103 902
103 709
103 327
103 125
103 759
103 893
103 290
103 203
103 821
103 622
103 984
103 186
104 702
104 336
104 985
104 917
104 688
104 808
104 778
104 281
104 682
104 674
104 866
104 291
104 357
104 189
104 961
104 390
104 340
105 565
105 439
105 937
105 596
105 794
105 909
105 999
105 147
105 491
105 582
105 425
105 149
105 144
105 155
105 398
105 133
105 416
105 119
105 319
105 435
105 851
105 558
106 872
106 345
106 924
106 448
106 594
106 570
106 617
106 399
106 242
106 581
106 932
106 306
106 398
106 577
106 201
106 545
106 327
106 417
106 359
107 191
107 254
107 497
107 852
107 519
107 951
107 543
107 380
107 112
107 851
107 470
107 373
107 237
107 185
107 507
107 633
107 624
107 118
107 156
107 535
107 170
108 754
108 419
108 580
108 189
108 599
108 813
108 666
108 284
108 403
108 436
108 210
108 326
108 629
108 628
108 372
108 240
108 901
108 845
108 564
109 165
109 476
109 262
109 184
109 898
109 267
109 371
109 511
109 802
109 506
109 946
109 575
109 139
109 852
109 313
110 579
110 160
110 145
110 609
110 949
110 438
110 388
110 835
110 414
110 838
110 961
110 530
110 821
110 468
110 607
110 627
110 742
110 676
110 611
110 921
110 362
110 667
110 618
110 269
111 655
111 715
111 361
111 822
111 579
111 313
111 771
111 327
111 880
111 746
111 881
111 209
112 339
112 572
112 822
112 710
112 857
112 748
112 804
112 701
112 538
112 853
112 810
112 520
112 417
112 159
112 325
113 390
113 844
113 780
113 856
113 382
113 262
113 196
113 302
113 877
113 983
113 698
113 531
113 810
113 996
113 924
113 418
114 398
114 362
114 303
114 657
114 699
114 229
114 549
114 144
114 851
114 756
114 332
114 955
114 444
114 427
114 939
114 887
114 236
114 449
114 913
114 453
114 241
115 766
115 193
115 360
115 981
115 771
115 504
115 697
115 325
115 742
115 141
115 858
115 866
115 462
115 380
115 838
115 816
115 412
115 765
115 366
116 730
116 402
116 717
116 767
116 247
116 978
116 661
116 713
116 961
116 979
116 347
116 588
116 256
116 486
116 955
116 548
117 729
117 700
117 151
117 541
117 368
117 931
117 476
117 508
117 147
117 295
117 429
117 638
117 287
117 259
117 718
118 443
118 701
118 553
118 531
118 200
118 130
118 343
118 842
118 903
118 647
118 580
118 812
118 496
118 409
118 227
118 294
119 136
119 536
119 616
119 532
119 655
119 137
119 424
119 203
119 771
119 937
119 277
119 950
119 972
120 585
120 456
120 615
120 541
120 974
120 488
120 416
120 554
120 866
120 408
120 696
120 731
120 946
120 825
120 579
120 196
120 446
120 893
120 612
121 218
121 211
121 845
121 422
121 233
121 194
121 809
121 917
121 896
121 288
121 966
121 356
121 680
121 939
122 491
122 700
122 814
122 817
122 654
122 870
122 154
122 963
122 589
122 886
122 144
122 504
122 394
122 795
122 927
122 996
122 274
122 150
122 478
123 846
123 487
123 350
123 225
123 824
123 492
123 736
123 173
123 735
123 358
123 705
123 338
123 756
123 867
123 563
124 638
124 204
124 825
124 872
124 253
124 453
124 489
124 829
124 380
124 412
124 149
124 156
124 214
124 428
124 507
124 289
124 247
124 584
124 351
124 491
124 458
124 470
124 307
124 285
125 793
125 169
125 215
125 907
125 955
125 285
125 308
125 230
125 396
125 791
125 193
125 625
125 250
125 185
125 950
125 866
125 627
125 980
125 466
125 990
126 609
126 557
126 254
126 560
126 375
126 212
126 626
126 910
126 354
126 654
126 162
126 927
126 307
126 923
126 652
126 605
127 391
127 276
127 577
127 190
127 898
127 646
127 297
127 611
127 415
127 156
127 484
127 371
127 626
127 629
127 875
127 146
127 401
127 896
127 782
128 340
128 357
128 140
128 197
128 911
128 938
128 237
128 553
128 901
128 397
128 190
128 809
128 955
128 565
128 613
128 738
128 851
129 468
129 722
129 454
129 330
129 981
129 906
129 554
129 232
129 212
129 975
129 931
129 602
129 364
129 265
129 882
129 164
129 552
129 188
129 499
129 808
129 570
129 225
129 369
130 187
130 629
130 738
130 564
130 606
130 311
130 339
130 270
130 487
130 157
130 588
130 620
130 538
130 616
130 177
131 631
131 874
131 409
131 711
131 636
131 685
131 416
131 960
131 625
131 239
131 164
131 785
131 823
131 168
131 674
131 630
132 291
132 156
132 470
132 766
132 602
132 184
132 339
132 940
132 912
132 142
132 718
132 150
132 607
132 627
132 383
132 933
132 590
132 135
132 354
132 605
132 608
133 968
133 532
133 983
133 465
133 906
133 651
133 702
133 562
133 251
133 883
133 841
133 185
133 385
133 924
133 390
133 369
133 314
133 597
133 334
133 987
133 319
133 201
133 379
133 470
133 493
134 708
134 602
134 255
134 483
134 614
134 146
134 346
134 275
134 375
134 610
134 726
134 598
134 154
134 262
134 812
134 241
134 252
134 781
134 249
134 990
134 857
134 915
134 730
135 835
135 670
135 364
135 906
135 785
135 876
135 964
135 958
135 461
135 922
135 947
135 985
135 803
135 583
135 361
135 139
135 503
135 439
136 954
136 279
136 264
136 305
136 265
136 919
136 418
136 495
136 446
136 662
136 788
136 977
136 760
136 591
136 560
136 334
136 564
136 412
136 930
137 816
137 922
137 162
137 161
137 902
137 402
137 986
137 698
137 947
137 438
137 488
137 556
137 179
137 936
137 481
137 339
137 854
137 319
138 674
138 938
138 988
138 632
138 318
138 541
138 496
138 614
138 841
138 375
138 243
138 275
139 543
139 146
139 934
139 892
139 852
139 498
139 245
139 589
139 339
139 803
139 858
139 324
139 848
139 397
139 455
140 869
140 382
140 972
140 165
140 920
140 860
140 287
140 301
140 385
140 157
140 590
140 386
140 775
140 970
140 889
140 461
140 924
140 654
140 151
140 194
140 744
140 220
141 840
141 700
141 570
141 747
141 732
141 487
141 352
141 808
141 563
141 748
141 566
141 737
141 801
141 308
141 227
141 738
141 558
141 976
141 415
141 183
142 479
142 307
142 459
142 304
142 878
142 360
142 771
142 944
142 534
142 676
142 390
142 869
142 511
142 405
142 996
142 703
143 911
143 481
143 971
143 958
143 666
143 427
143 987
143 327
143 806
143 250
143 280
143 618
143 982
144 618
144 226
144 288
144 469
144 451
144 619
144 994
144 393
144 174
144 790
144 782
144 807
144 478
144 347
145 769
145 836
145 673
145 858
145 311
145 895
145 519
145 494
145 403
145 564
145 404
145 414
145 566
145 563
145 663
145 406
145 472
145 884
146 330
146 927
146 569
146 635
146 154
146 753
146 848
146 186
146 895
146 701
146 698
146 891
146 415
146 402
146 157
146 858
146 900
146 626
146 242
146 725
147 272
147 908
147 650
147 647
147 799
147 901
147 171
147 405
147 585
147 217
147 570
147 487
148 200
148 624
148 450
148 219
148 885
148 973
148 434
148 191
148 953
148 995
148 247
148 329
148 615
148 260
148 990
148 732
148 366
148 231
148 332
148 592
148 195
148 617
149 471
149 684
149 332
149 648
149 342
149 628
149 979
149 323
149 449
149 412
149 588
149 529
149 331
149 521
149 650
149 591
149 176
149 728
149 589
149 358
149 541
149 464
150 874
150 677
150 621
150 185
150 304
150 891
150 577
150 331
150 153
150 511
150 788
150 908
150 831
150 494
150 499
150 892
150 773
150 695
150 838
151 415
151 402
151 243
151 152
151 744
151 745
151 343
151 480
151 541
151 295
151 796
151 763
151 329
151 658
151 305
151 803
151 180
151 413
151 592
151 691
151 678
151 193
151 695
152 696
152 413
152 624
152 208
152 299
152 381
152 855
152 237
152 245
152 280
152 662
152 801
152 427
153 777
153 329
153 692
153 495
153 209
153 689
153 294
153 569
153 489
153 386
153 273
153 680
153 661
153 262
153 853
153 373
153 920
154 503
154 482
154 705
154 896
154 277
154 689
154 441
154 190
154 349
154 699
154 212
154 797
154 229
154 820
154 722
154 230
154 393
154 319
154 835
154 669
155 205
155 322
155 371
155 861
155 517
155 264
155 194
155 478
155 404
155 321
155 520
155 354
155 999
155 893
155 662
155 973
156 183
156 841
156 882
156 337
156 919
156 400
156 255
156 780
156 962
156 257
156 593
156 219
156 194
156 538
156 410
157 208
157 861
157 401
157 731
157 369
157 586
157 381
157 792
157 818
157 242
157 473
157 543
157 545
157 532
157 557
158 532
158 291
158 800
158 331
158 705
158 410
158 831
158 929
158 723
158 617
158 513
158 314
159 677
159 799
159 217
159 413
159 524
159 499
159 325
159 446
159 916
159 327
159 833
159 165
159 572
159 737
159 502
159 975
160 332
160 915
160 226
160 742
160 936
160 589
160 282
160 525
160 558
160 396
160 287
160 896
160 628
160 570
160 174
160 868
160 826
160 781
161 343
161 942
161 726
161 476
161 514
161 228
161 245
161 917
161 927
161 331
161 814
161 957
161 684
161 903
161 911
161 428
161 870
161 399
162 645
162 451
162 430
162 590
162 605
162 898
162 536
162 937
162 778
162 262
162 711
162 635
162 414
162 998
162 790
162 704
162 970
162 481
163 701
163 170
163 958
163 435
163 942
163 268
163 375
163 994
163 666
163 990
163 491
163 428
163 885
164 728
164 774
164 619
164 991
164 701
164 639
164 263
164 692
164 802
164 908
165 245
165 721
165 816
165 978
165 353
165 899
165 422
165 589
165 246
165 515
165 576
165 285
165 946
165 781
166 550
166 982
166 877
166 658
166 545
166 664
166 421
166 307
166 918
166 988
166 398
166 693
166 786
166 774
167 969
167 446
167 259
167 250
167 262
167 675
167 576
167 398
167 503
167 441
167 450
167 927
168 838
168 236
168 264
168 640
168 312
168 185
168 219
168 970
168 170
168 584
168 246
168 367
168 684
168 998
168 528
168 456
168 830
168 823
168 969
169 842
169 620
169 627
169 664
169 348
169 715
169 536
169 839
169 804
169 322
169 407
169 734
169 296
169 260
169 672
169 623
169 227
169 885
170 316
170 694
170 202
170 335
170 645
170 684
170 171
170 278
170 648
170 658
170 903
170 792
170 963
170 759
170 921
170 896
170 287
170 686
170 521
170 913
170 830
170 370
170 421
171 708
171 683
171 537
171 785
171 649
171 221
171 792
171 465
171 245
171 586
171 496
171 348
171 736
171 205
171 503
171 444
171 528
171 362
171 493
172 298
172 763
172 916
172 870
172 818
172 694
172 679
172 274
172 198
172 924
172 510
172 674
172 215
173 438
173 813
173 779
173 937
173 583
173 926
173 202
173 562
173 249
173 768
173 434
173 846
173 767
173 234
173 512
173 528
173 600
173 366
173 868
173 869
173 221
174 530
174 619
174 747
174 335
174 336
174 709
174 721
174 386
174 371
174 609
174 671
174 865
174 996
174 874
174 718
174 736
174 641
174 432
174 827
175 367
175 936
175 399
175 422
175 559
175 364
175 555
175 737
175 524
175 892
175 705
175 815
175 515
176 345
176 752
176 209
176 617
176 250
176 854
176 292
176 745
176 441
176 221
176 932
176 778
176 465
176 253
176 938
176 680
176 374
177 838
177 648
177 901
177 525
177 700
177 966
177 956
177 686
177 918
177 491
177 251
177 493
177 268
177 567
177 599
177 786
177 994
177 550
177 827
177 780
177 415
177 548
178 859
178 256
178 758
178 211
178 709
178 846
178 269
178 383
178 290
179 813
179 842
179 349
179 958
179 642
179 449
179 312
179 383
179 981
179 333
179 380
179 778
179 421
179 675
179 609
180 416
180 786
180 929
180 799
180 379
180 969
180 544
180 240
180 307
180 970
180 831
180 437
180 326
180 665
180 922
180 263
180 287
181 901
181 365
181 691
181 336
181 418
181 553
181 390
181 227
181 832
181 454
181 689
181 358
181 683
181 837
182 368
182 362
182 577
182 502
182 838
182 428
182 753
182 602
182 364
182 526
182 936
182 859
182 559
182 540
182 929
182 186
182 696
182 359
183 884
183 850
183 371
183 398
183 326
183 482
183 586
183 682
183 593
183 621
183 381
183 852
183 543
183 362
183 383
183 822
184 496
184 603
184 825
184 233
184 845
184 783
184 460
184 479
184 207
184 816
184 452
184 511
184 302
184 866
184 517
185 223
185 209
185 864
185 704
185 461
185 379
185 297
185 709
185 244
185 259
185 219
185 718
185 551
185 567
185 444
185 942
186 220
186 815
186 619
186 513
186 767
186 594
186 204
186 783
186 269
186 450
186 434
186 776
186 353
186 769
186 230
186 272
186 744
186 880
187 432
187 233
187 780
187 645
187 406
187 644
187 787
187 910
187 999
187 686
187 974
187 612
187 678
187 295
187 826
187 302
187 461
187 908
187 684
188 445
188 967
188 363
188 848
188 300
188 986
188 909
188 961
188 228
188 729
188 895
188 525
189 939
189 755
189 861
189 375
189 833
189 585
189 718
190 392
190 888
190 294
190 193
190 817
190 344
190 376
190 928
190 527
190 299
190 340
191 700
191 630
191 245
191 234
191 775
191 861
191 807
191 575
191 728
191 333
191 873
191 991
191 504
191 726
191 748
191 330
191 986
191 320
192 661
192 638
192 552
192 458
192 601
192 978
192 968
192 535
192 803
192 296
192 761
192 850
193 328
193 397
193 957
193 885
193 879
193 929
193 508
193 905
193 580
193 383
193 443
193 509
193 706
193 490
193 451
194 479
194 848
194 457
194 814
194 706
194 525
194 860
194 817
194 729
194 740
194 852
194 539
194 583
194 604
194 601
194 242
194 670
194 443
194 645
195 858
195 245
195 614
195 326
195 852
195 857
195 280
195 944
195 884
195 243
195 540
195 719
195 260
196 737
196 704
196 388
196 263
196 208
196 663
196 667
196 613
196 267
196 370
196 245
196 994
196 633
196 897
196 674
196 472
196 861
196 597
196 480
197 671
197 905
197 845
197 725
197 900
197 942
197 512
197 244
197 676
197 221
197 924
197 619
197 656
197 957
197 393
198 229
198 531
198 480
198 328
198 826
198 964
198 743
198 842
198 388
198 983
198 405
198 648
198 273
199 319
199 944
199 691
199 584
199 294
199 945
199 767
199 243
199 794
199 414
199 943
199 362
199 986
199 421
199 655
199 571
199 710
199 536
199 397
199 209
199 374
199 323
199 669
199 515
199 665
200 719
200 426
200 756
200 885
200 655
200 506
200 717
200 997
200 355
200 838
200 669
200 551
200 232
200 549
200 351
200 785
200 985
200 713
200 763
200 349
200 746
201 957
201 472
201 685
201 800
201 401
201 646
201 591
201 785
201 938
201 661
201 932
201 652
201 675
201 874
201 768
201 513
201 723
202 395
202 405
202 410
202 999
202 676
202 429
202 222
202 342
202 614
202 992
202 694
202 809
202 326
202 260
202 584
202 985
202 742
202 310
203 354
203 750
203 423
203 803
203 892
203 443
203 960
203 332
203 428
203 616
203 720
204 522
204 307
204 914
204 287
204 460
204 330
204 945
204 663
204 993
204 215
204 341
204 919
204 924
204 476
204 422
204 969
204 592
204 468
204 336
205 861
205 504
205 854
205 541
205 265
205 862
205 610
205 253
205 396
205 843
205 408
205 689
205 881
206 319
206 779
206 785
206 628
206 832
206 212
206 868
206 902
206 509
206 408
206 933
206 401
206 791
206 503
206 604
206 971
206 416
206 703
207 314
207 819
207 459
207 313
207 375
207 292
207 502
207 763
207 469
207 361
207 739
207 226
207 915
207 344
207 612
207 575
207 732
207 530
207 414
208 244
208 887
208 694
208 505
208 608
208 936
208 391
208 493
208 727
208 993
208 952
208 219
208 998
208 679
208 968
208 496
209 734
209 217
209 462
209 617
209 888
209 743
209 393
209 965
209 697
209 643
209 728
209 629
210 340
210 727
210 923
210 439
210 715
210 300
210 692
210 457
210 400
210 405
210 425
210 285
210 634
210 849
210 726
210 733
210 337
211 960
211 421
211 334
211 885
211 488
211 694
211 709
211 640
211 343
211 957
211 679
211 474
211 541
211 383
211 603
211 481
211 258
211 459
212 559
212 656
212 744
212 494
212 852
212 890
212 719
212 795
212 540
212 558
212 859
212 737
212 280
212 635
212 992
212 336
212 352
212 793
212 617
213 323
213 367
213 379
213 803
213 406
213 519
213 732
213 849
213 700
213 338
213 986
213 395
213 282
213 437
213 347
213 545
213 366
213 667
214 268
214 607
214 439
214 242
214 452
214 935
214 611
214 562
214 245
214 417
214 857
214 905
214 616
214 866
214 238
214 247
214 367
214 789
214 259
214 896
215 417
215 365
215 998
215 594
215 644
215 577
215 807
215 511
215 266
215 971
215 729
215 731
215 773
215 312
215 433
216 315
216 854
216 582
216 927
216 383
216 887
216 848
216 763
216 876
216 643
216 423
216 597
216 403
216 628
216 333
217 441
217 391
217 996
217 409
217 549
217 527
217 792
217 633
217 579
217 702
217 275
217 686
218 838
218 279
218 488
218 415
218 725
218 364
218 985
218 261
218 846
218 283
218 263
218 857
218 489
218 479
218 740
218 460
218 231
219 993
219 698
219 587
219 724
219 285
219 958
219 437
219 309
219 618
219 719
219 233
219 805
219 784
219 392
219 229
219 238
220 489
220 983
220 642
220 735
220 655
220 851
220 410
220 900
220 981
220 594
220 818
220 802
220 793
220 472
220 231
221 532
221 422
221 608
221 922
221 490
221 770
221 541
221 562
221 376
221 240
221 794
221 556
221 917
221 838
221 681
221 452
221 746
221 381
221 654
221 588
221 963
222 718
222 805
222 553
222 262
222 714
222 617
222 753
222 468
222 864
222 941
222 457
222 979
222 654
222 627
222 354
222 875
223 899
223 407
223 551
223 368
223 591
223 481
223 298
223 844
223 562
223 333
223 820
223 652
224 560
224 383
224 691
224 813
224 542
224 901
224 912
224 950
224 798
224 719
224 790
224 736
224 559
224 313
224 549
224 983
225 677
225 872
225 700
225 752
225 440
225 894
225 281
225 542
225 504
225 764
225 793
225 577
225 848
225 243
225 940
225 384
225 637
225 417
225 587
225 735
225 453
226 231
226 725
226 621
226 426
226 698
226 675
226 921
226 748
226 655
226 954
226 699
226 249
227 710
227 716
227 864
227 582
227 986
227 626
227 966
227 668
227 811
227 862
227 842
227 408
227 538
227 614
227 754
227 747
228 784
228 627
228 689
228 410
228 900
228 771
228 544
228 770
228 772
228 844
228 583
228 478
228 670
228 662
229 856
229 822
229 603
229 386
229 442
229 407
229 310
229 744
229 906
229 651
229 867
229 843
229 402
229 942
229 384
230 379
230 344
230 746
230 459
230 271
230 573
230 960
230 752
230 701
230 500
230 588
230 748
230 736
230 703
230 317
230 234
230 916
230 717
230 519
230 388
231 630
231 245
231 640
231 906
231 287
231 921
232 234
232 669
232 635
232 339
232 911
232 439
232 667
232 434
232 431
232 639
232 461
232 935
232 345
232 795
232 731
232 586
232 998
232 236
232 937
232 918
232 442
233 910
233 832
233 234
233 639
233 788
233 393
233 939
233 883
233 979
233 611
233 927
233 458
233 495
233 755
233 379
233 416
233 327
233 371
233 739
233 588
233 342
234 817
234 321
234 528
234 315
234 470
234 573
234 822
234 366
234 485
234 709
234 879
234 824
234 444
235 945
235 688
235 903
235 725
235 523
235 926
235 710
235 540
235 478
235 785
235 973
235 594
235 273
235 640
235 434
235 856
235 728
235 311
235 463
236 885
236 881
236 913
236 732
236 807
236 644
236 241
236 309
236 707
236 983
236 940
236 482
237 339
237 552
237 795
237 741
237 972
237 676
237 632
237 381
237 748
237 898
238 390
238 485
238 619
238 378
238 872
238 481
238 667
238 824
238 877
238 395
238 623
238 302
239 867
239 569
239 517
239 828
239 922
239 424
239 948
239 783
239 832
239 760
239 898
239 840
239 598
239 258
239 581
240 274
240 503
240 820
240 796
240 979
240 461
240 857
240 827
240 739
241 421
241 445
241 845
241 353
241 969
241 741
241 303
241 319
241 683
241 546
241 878
241 967
241 807
241 603
241 801
241 998
241 314
241 651
241 529
242 333
242 323
242 274
242 818
242 344
242 629
242 254
242 869
242 651
242 552
242 871
242 831
242 301
242 391
242 388
242 335
242 781
242 411
242 334
242 313
243 424
243 992
243 531
243 837
243 447
243 677
243 887
243 523
243 905
243 939
243 299
243 769
243 995
243 290
243 360
243 702
243 898
243 964
243 676
244 766
244 985
244 563
244 423
244 631
244 639
244 857
244 754
244 672
244 560
244 287
244 484
244 816
244 269
244 406
245 720
245 899
245 427
245 966
245 878
245 681
245 710
245 262
245 411
245 908
245 553
245 525
246 720
246 441
246 298
246 341
246 518
246 557
246 847
246 686
247 969
247 649
247 727
247 549
247 699
247 865
247 664
247 974
247 434
247 254
247 554
247 857
247 552
247 962
247 867
247 921
247 916
248 670
248 534
248 644
248 845
248 251
248 538
248 341
248 487
248 925
248 903
248 271
248 802
248 576
248 322
249 348
249 340
249 491
249 558
249 447
249 559
249 901
249 783
249 329
249 305
249 726
249 561
249 683
249 452
249 465
249 797
249 987
249 545
249 646
249 983
249 699
250 805
250 926
250 442
250 768
250 643
250 539
250 895
250 973
250 571
250 419
250 957
251 988
251 739
251 441
251 335
251 650
251 945
251 255
251 657
251 713
251 790
251 878
251 825
251 822
251 840
251 350
251 514
251 400
251 981
252 728
252 838
252 753
252 541
252 386
252 682
252 832
252 880
252 945
252 941
252 737
252 332
253 574
253 808
253 752
253 535
253 323
253 487
253 912
253 585
253 783
253 881
253 937
253 870
253 933
253 259
253 537
253 678
253 970
253 293
253 372
253 720
253 266
253 826
253 582
254 944
254 865
254 711
254 760
254 385
254 456
254 528
254 425
254 846
254 415
254 256
254 525
254 626
254 709
254 976
254 804
254 467
254 778
254 492
254 817
254 352
255 768
255 717
255 274
255 606
255 797
255 593
255 648
255 611
255 858
255 978
255 805
256 985
256 284
256 535
256 330
256 840
256 482
256 546
256 486
256 742
256 962
256 534
256 354
256 353
256 802
256 724
256 325
256 565
256 437
257 395
257 533
257 326
257 439
257 888
257 663
257 265
257 456
257 597
257 682
257 966
257 895
257 938
258 953
258 649
258 859
258 738
258 337
258 860
258 582
258 871
258 846
258 836
258 482
258 800
258 984
258 584
259 879
259 610
259 953
259 271
259 802
259 724
259 652
259 330
259 466
259 399
259 785
259 568
259 617
259 578
260 448
260 692
260 498
260 972
260 629
260 551
260 350
260 796
260 355
260 939
260 823
260 861
260 710
260 802
260 630
260 273
260 843
260 592
260 500
261 305
261 552
261 767
261 769
261 699
261 549
261 852
261 263
261 695
261 851
261 387
261 618
262 574
262 595
262 286
262 453
262 430
262 329
262 609
262 394
262 610
262 340
262 399
262 887
262 856
262 277
262 938
262 434
262 925
263 827
263 459
263 393
263 804
263 516
263 353
263 665
263 366
263 606
263 360
263 787
263 387
264 679
264 567
264 283
264 904
264 317
264 543
264 821
264 664
264 890
264 656
264 433
264 767
264 572
264 407
264 834
264 751
265 896
265 875
265 970
265 746
265 659
265 662
265 686
265 928
265 870
265 943
265 646
265 300
265 903
265 833
266 297
266 670
266 876
266 735
266 921
266 776
266 661
266 875
266 899
266 526
266 847
266 381
266 765
266 458
266 623
266 521
267 310
267 752
267 781
267 616
267 867
267 929
267 672
267 548
267 953
267 720
267 869
267 855
267 305
267 388
267 361
268 647
268 526
268 609
268 395
268 603
268 442
268 524
268 976
268 568
268 497
268 935
268 795
268 952
268 630
268 508
268 629
269 785
269 586
269 733
269 989
269 472
269 376
269 514
269 658
269 394
269 957
269 283
269 857
269 716
269 958
269 558
270 840
270 784
270 361
270 272
270 589
270 543
270 495
270 894
270 632
270 466
270 420
270 478
270 805
270 849
271 549
271 547
271 462
271 355
271 590
271 710
271 737
271 739
271 507
271 788
271 644
271 666
271 588
271 745
271 721
271 696
271 667
271 583
271 320
271 785
272 381
272 605
272 667
272 788
272 474
272 648
272 463
272 603
272 927
272 679
272 661
272 675
272 353
272 456
272 442
272 519
272 683
273 504
273 967
273 711
273 285
273 547
273 549
273 904
273 603
273 417
273 672
273 287
273 489
273 555
274 443
274 684
274 609
274 400
274 308
274 805
274 447
274 453
274 452
274 787
274 996
274 929
274 954
274 363
274 956
275 593
275 777
275 487
275 478
275 917
275 584
275 336
275 720
275 414
275 500
276 559
276 679
276 284
276 452
276 825
276 478
276 612
276 532
276 788
276 958
276 637
276 895
276 933
277 950
277 956
277 682
277 396
277 692
277 529
277 781
277 494
277 787
277 822
277 550
277 790
277 925
277 559
277 832
277 728
277 755
277 542
277 428
277 525
277 826
278 888
278 782
278 394
278 342
278 716
278 590
278 760
278 588
278 437
278 954
278 664
278 287
278 756
278 354
278 899
278 508
278 943
278 702
278 600
278 618
278 796
279 284
279 802
279 346
279 576
279 882
279 326
279 310
279 804
279 360
279 790
279 657
279 959
279 580
279 318
279 829
279 464
279 383
280 282
280 794
280 881
280 671
280 514
280 665
280 506
280 667
280 890
280 585
280 685
280 732
280 885
280 924
280 503
280 824
281 731
281 383
281 785
281 322
281 329
281 584
281 430
281 429
281 948
281 570
281 464
281 741
281 827
282 641
282 877
282 730
282 676
282 813
282 785
282 726
282 759
282 293
282 514
282 445
282 578
283 306
283 805
283 764
283 979
283 838
283 857
283 934
283 684
283 607
283 550
283 634
283 891
284 994
284 383
284 968
284 701
284 954
284 608
284 628
284 550
284 976
284 539
284 519
284 675
284 540
285 347
285 591
285 616
285 978
285 522
285 990
285 633
285 621
285 714
285 737
285 455
285 434
286 438
286 514
286 810
286 739
286 684
286 609
286 367
286 893
286 898
286 540
286 571
286 747
286 904
286 825
286 709
286 741
286 389
287 494
287 833
287 790
287 513
287 293
287 589
287 460
287 867
287 547
287 753
287 783
288 729
288 317
288 924
288 765
288 573
288 605
288 652
288 535
288 522
288 738
288 981
288 749
288 944
288 813
288 295
288 784
288 541
288 750
288 525
289 671
289 814
289 415
289 339
289 782
289 835
289 458
289 786
289 303
289 529
289 902
289 417
289 994
289 334
290 845
290 689
290 881
290 336
290 492
290 507
290 912
290 984
290 416
290 499
290 973
290 993
290 767
290 584
290 364
290 331
290 383
291 688
291 877
291 749
291 623
291 740
291 296
291 421
291 453
291 484
291 770
291 779
292 619
292 711
292 477
292 445
292 476
292 540
292 885
292 387
292 324
292 568
292 737
293 466
293 972
293 381
293 596
293 727
293 969
293 453
293 954
293 701
293 422
293 720
293 557
294 546
294 611
294 540
294 704
294 888
294 936
294 657
294 708
295 557
295 322
295 372
295 400
295 725
295 492
295 502
295 801
295 950
295 678
295 603
295 863
295 571
296 662
296 676
296 779
296 593
296 837
296 971
296 804
296 416
296 477
296 791
296 400
296 582
297 401
297 495
297 448
297 939
297 808
297 591
297 350
297 558
297 785
297 612
297 330
297 600
298 622
298 611
298 717
298 397
298 524
298 531
298 698
298 399
298 633
298 699
298 589
299 674
299 465
299 805
299 756
299 667
299 308
299 892
299 875
299 820
299 468
299 832
300 411
300 622
300 714
300 326
300 783
300 475
300 775
300 315
300 874
300 870
300 305
300 645
300 883
300 398
301 855
301 715
301 701
301 606
301 898
301 434
301 649
301 549
301 750
301 773
301 600
302 876
302 807
302 831
302 906
302 686
302 461
302 466
303 959
303 992
303 968
303 660
303 859
303 410
303 740
303 411
303 914
303 469
303 952
303 588
303 678
303 520
303 714
303 420
304 387
304 759
304 823
304 684
304 839
304 885
304 986
305 977
305 663
305 482
305 334
305 420
305 824
305 391
305 754
305 534
305 736
305 491
305 850
306 763
306 816
306 439
306 564
306 399
306 447
306 352
306 653
306 319
306 514
306 834
306 608
306 803
306 553
307 929
307 473
307 433
307 723
307 985
307 944
307 316
307 591
307 823
307 738
307 388
307 515
307 677
308 556
308 573
308 819
308 394
308 834
308 672
308 620
308 970
308 856
308 319
308 491
308 345
308 752
308 418
308 776
308 430
308 997
309 993
309 435
309 659
309 773
309 356
309 817
309 362
309 580
309 934
309 825
309 954
309 589
310 815
310 859
310 639
310 594
310 778
310 634
310 945
310 398
310 603
310 663
310 524
310 827
310 465
310 640
311 642
311 879
311 550
311 700
311 689
311 846
311 919
311 461
311 921
311 664
311 585
311 602
311 571
311 755
311 363
312 671
312 949
312 989
312 503
312 483
312 436
312 519
312 595
312 600
312 609
312 486
313 477
313 535
313 728
313 742
313 442
313 520
313 746
313 872
313 955
313 384
314 478
314 975
314 868
314 691
314 781
314 531
314 512
314 398
314 427
314 767
314 893
314 532
314 349
314 431
315 370
315 687
315 962
315 928
315 617
315 652
315 634
315 486
315 929
315 472
315 919
315 628
316 727
316 839
316 416
316 681
316 836
316 669
316 919
316 639
316 887
316 504
316 575
316 987
316 614
317 904
317 913
317 525
317 454
317 957
317 955
317 627
317 785
317 494
317 535
317 356
317 993
318 422
318 622
318 566
318 976
318 681
318 418
318 373
318 799
318 468
318 784
318 442
318 611
318 971
319 782
319 455
319 668
319 628
319 856
319 710
319 345
319 460
319 701
319 447
319 374
319 553
319 352
319 999
319 921
320 419
320 598
320 371
320 328
320 684
320 723
320 835
320 424
320 766
320 791
320 718
320 907
320 742
320 433
321 891
321 940
321 957
321 966
321 962
321 932
321 820
321 500
321 563
321 439
321 992
321 887
321 459
321 693
321 522
321 628
321 914
322 362
322 977
322 540
322 835
322 986
322 498
322 356
322 550
323 836
323 468
323 522
323 838
323 646
323 349
323 663
323 719
323 721
323 491
323 995
323 660
324 946
324 766
324 820
324 896
324 389
324 499
324 479
324 580
324 994
324 811
324 573
325 852
325 719
325 654
325 671
325 390
325 441
325 492
325 793
325 401
325 783
325 701
325 337
326 550
326 451
326 641
326 601
326 938
326 850
326 514
326 650
326 701
326 719
326 561
326 814
327 727
327 693
327 513
327 663
327 865
327 568
328 471
328 732
328 764
328 472
328 671
328 469
328 957
329 716
329 783
329 523
329 613
329 480
329 694
329 441
329 730
329 919
329 904
329 946
329 686
329 906
329 736
329 971
330 348
330 547
330 929
330 967
330 535
330 422
330 504
330 512
330 756
331 393
331 421
331 505
331 805
331 819
331 333
331 738
331 745
331 824
331 508
331 355
331 592
331 746
331 676
331 464
331 671
332 409
332 551
332 699
332 341
332 611
332 607
332 971
332 371
332 716
332 588
332 586
332 953
332 579
332 797
332 974
332 481
332 749
333 949
333 356
333 807
333 515
333 613
333 881
333 360
333 540
333 751
333 567
333 744
333 866
333 731
333 937
334 630
334 468
334 430
334 396
334 384
334 782
334 730
334 775
334 928
334 810
334 961
334 605
334 876
334 346
334 959
334 696
334 668
334 427
334 788
334 619
334 389
335 530
335 846
335 740
335 771
335 710
335 622
335 497
335 773
335 488
335 952
335 770
335 505
335 369
335 920
335 970
336 992
336 953
336 594
336 516
336 638
336 362
336 984
336 451
336 612
336 735
336 957
336 894
336 726
337 568
337 391
337 871
337 971
337 745
337 763
337 509
337 868
337 897
337 889
337 707
337 403
337 689
337 964
337 766
337 677
338 927
338 647
338 592
338 939
338 471
338 982
338 772
338 908
338 752
338 732
338 995
338 498
338 551
338 502
339 417
339 640
339 853
339 407
339 971
339 844
339 771
339 770
339 624
339 972
340 397
340 609
340 591
340 449
340 350
340 589
340 677
340 401
340 969
340 967
340 814
340 867
340 351
340 625
340 656
340 541
341 882
341 734
341 760
341 618
341 596
341 531
341 893
341 955
341 566
341 970
341 487
341 498
342 588
342 580
342 678
342 469
342 767
342 388
342 510
342 804
342 801
342 716
342 734
342 748
342 899
343 423
343 696
343 655
343 645
343 402
343 506
343 417
343 757
343 940
343 349
343 945
343 520
343 713
343 705
343 393
343 672
344 679
344 476
344 553
344 771
344 395
344 473
344 569
344 894
344 707
344 522
344 854
344 911
345 736
345 370
345 482
345 765
345 653
345 418
345 510
345 951
345 455
345 549
345 702
345 411
346 601
346 535
346 543
346 416
346 838
346 860
346 991
346 380
347 811
347 815
347 807
347 550
347 863
347 776
347 695
347 946
347 348
347 483
347 725
347 681
348 354
348 535
348 580
348 654
348 878
348 390
348 494
348 636
348 932
348 987
349 401
349 746
349 616
349 660
349 895
349 626
349 352
349 792
349 381
349 584
349 716
349 498
349 397
349 763
349 393
349 728
349 747
349 604
349 913
349 642
350 390
350 958
350 835
350 828
350 374
350 366
350 608
350 440
350 701
350 855
350 626
351 578
351 831
351 767
351 355
351 856
351 757
351 619
352 366
352 806
352 897
352 849
352 783
352 579
352 474
352 406
352 960
352 454
352 392
353 853
353 904
353 787
353 500
353 545
353 604
353 598
354 565
354 673
354 913
354 573
354 553
354 912
354 563
354 993
354 417
354 549
354 726
354 757
354 484
354 737
355 473
355 783
355 371
355 494
355 820
355 754
355 889
355 688
355 578
356 680
356 664
356 730
356 802
356 391
356 564
356 917
356 620
356 853
356 502
356 835
356 939
356 446
356 484
356 921
357 535
357 393
357 954
357 833
357 817
357 675
357 711
357 922
357 892
357 617
357 607
357 444
357 527
357 457
358 981
358 401
358 612
358 403
358 557
358 471
359 657
359 562
359 374
359 672
359 697
359 467
359 395
359 791
359 404
359 757
359 526
359 952
359 502
359 723
359 758
360 872
360 988
360 763
360 899
360 780
360 609
360 656
360 369
361 845
361 628
361 517
361 699
361 445
361 720
361 804
361 927
361 365
361 983
361 957
361 525
361 976
361 838
361 970
361 867
362 806
362 664
362 521
362 684
362 777
362 858
362 431
362 506
363 975
363 594
363 905
363 948
363 993
363 379
363 929
363 544
363 916
363 776
363 862
364 824
364 571
364 445
364 679
364 572
364 500
364 822
364 440
364 809
364 431
364 842
364 903
364 482
364 552
365 546
365 824
365 726
365 683
365 783
365 714
365 520
366 888
366 368
366 632
366 491
366 926
366 703
366 521
366 907
366 819
366 881
367 788
367 879
367 980
367 504
367 789
367 877
367 624
367 667
367 430
367 698
367 982
367 904
367 792
367 486
367 589
368 844
368 622
368 508
368 978
368 595
368 613
368 681
368 875
368 748
368 808
368 880
368 735
368 909
368 395
369 806
369 516
369 476
369 984
369 861
369 487
369 615
369 418
369 656
369 825
369 689
369 505
370 390
370 709
370 979
370 497
370 785
370 841
370 722
370 812
370 462
370 378
370 786
370 477
370 850
370 931
370 953
370 402
370 887
370 430
371 718
371 782
371 426
371 624
371 708
371 568
371 835
371 550
371 571
371 626
371 993
371 375
371 733
371 404
372 429
372 442
372 678
372 452
372 516
372 451
372 575
372 482
372 827
372 817
372 567
372 538
373 522
373 558
373 935
373 785
373 764
373 662
373 667
373 592
373 639
373 531
373 429
373 609
373 789
373 688
374 495
374 686
374 924
374 941
374 604
374 640
374 908
374 749
374 538
374 885
374 765
374 900
374 671
374 614
374 497
375 623
375 601
375 543
375 749
375 511
375 943
375 747
375 575
375 569
375 875
375 692
376 424
376 733
376 824
376 501
376 991
376 698
376 608
376 379
376 948
376 528
376 638
376 838
377 636
377 808
377 457
377 520
377 433
377 604
377 669
377 686
377 968
377 551
377 865
377 453
378 383
378 981
378 847
378 565
378 792
378 819
378 866
378 649
378 986
378 548
379 973
379 464
379 613
379 881
379 914
379 598
379 570
379 425
379 685
379 752
379 600
379 612
379 693
379 483
379 520
379 760
380 988
380 739
380 676
380 857
380 833
380 995
380 869
380 563
380 910
380 521
381 409
381 804
381 848
381 977
381 843
381 618
381 511
381 746
381 624
381 625
381 953
382 442
382 740
382 976
382 761
382 557
382 914
382 508
382 582
383 839
383 891
383 399
383 572
383 790
383 848
383 452
383 484
383 619
383 527
383 932
383 988
383 710
383 643
383 453
384 726
384 813
384 454
384 880
384 503
384 852
384 669
384 877
384 547
385 557
385 531
385 426
385 767
385 602
385 957
385 984
385 681
386 839
386 700
386 627
386 744
386 938
386 825
386 858
386 833
387 813
387 682
387 770
387 912
387 923
387 465
387 404
388 727
388 633
388 641
388 870
388 581
388 652
388 619
388 452
388 981
388 503
388 923
389 666
389 930
389 970
389 536
389 611
389 619
390 840
390 753
390 637
390 700
390 590
390 839
390 903
390 756
390 599
390 578
390 888
390 644
390 764
390 686
390 969
390 994
391 461
391 544
391 829
391 935
391 478
391 981
391 979
391 945
391 686
391 699
391 932
391 400
391 821
391 532
391 871
391 606
392 922
392 608
392 450
392 409
392 707
392 642
392 453
392 557
392 867
392 974
392 954
392 968
392 672
392 659
392 838
393 878
393 574
393 425
393 640
393 502
393 605
393 485
393 530
394 618
394 863
394 895
394 946
394 429
394 982
394 568
395 567
395 481
395 629
395 739
395 524
395 547
395 908
395 484
395 440
395 543
395 600
395 867
395 780
395 509
395 835
395 856
395 633
395 466
396 408
396 866
396 719
396 582
396 510
396 460
396 420
396 472
396 984
396 931
396 746
396 795
396 474
396 764
396 837
396 853
396 449
396 642
396 974
397 815
397 907
397 984
397 526
397 618
397 414
397 558
397 755
397 879
397 998
397 901
397 810
397 973
397 600
397 685
397 770
397 708
398 740
398 531
398 668
398 905
398 534
398 764
399 949
399 833
399 635
399 868
399 541
399 552
399 694
399 863
399 414
399 776
400 747
400 756
400 846
400 891
400 947
400 974
400 509
400 581
400 992
400 611
400 657
400 808
401 845
401 820
401 514
401 758
401 411
401 599
401 701
401 936
401 900
401 945
402 660
402 669
402 617
402 949
402 735
402 937
402 906
402 679
402 572
402 523
402 535
402 785
402 863
402 494
402 518
403 491
403 715
403 593
403 632
403 537
403 890
403 416
403 779
404 758
404 671
404 974
404 515
404 702
404 438
405 587
405 931
405 663
405 544
405 479
405 774
405 875
405 715
405 713
405 831
405 578
405 605
406 783
406 867
406 974
406 636
406 709
406 856
406 738
406 930
406 462
406 591
407 586
407 794
407 472
407 872
407 884
407 592
407 493
408 809
408 886
408 444
408 984
408 741
408 488
408 652
408 874
408 792
408 861
408 903
408 469
408 766
408 960
408 985
408 505
409 936
409 856
409 504
409 490
409 874
409 937
409 893
409 768
409 729
409 787
409 430
409 664
409 882
409 437
409 764
409 872
409 425
409 847
409 869
409 475
409 763
410 512
410 923
410 856
410 465
410 851
410 678
410 786
410 519
410 709
410 965
410 447
410 812
410 991
410 947
411 634
411 532
411 685
411 936
411 780
411 599
411 805
411 445
411 481
411 678
411 741
411 927
412 755
412 852
412 441
412 577
412 876
412 912
412 956
412 809
412 456
412 707
412 566
412 934
412 569
412 723
412 744
413 617
413 793
413 487
413 501
413 672
413 968
413 730
414 918
414 497
414 841
414 771
414 761
414 999
414 932
414 957
414 773
414 727
414 681
414 720
414 780
414 490
414 810
415 805
415 568
415 978
415 453
415 488
415 716
415 835
415 469
415 583
415 694
415 689
416 649
416 922
416 892
416 479
416 554
416 739
416 435
416 463
416 976
416 540
416 564
417 438
417 970
417 524
417 947
417 676
417 758
417 983
417 981
417 950
417 971
417 967
417 537
417 647
417 956
417 819
418 539
418 940
418 446
418 429
418 946
418 608
418 718
419 490
419 462
419 485
419 478
419 855
419 777
419 809
419 690
419 799
419 886
419 946
419 712
419 581
419 892
420 556
420 937
420 598
420 568
420 998
420 697
420 428
420 526
420 580
420 759
420 769
420 476
420 829
420 639
421 853
421 434
421 819
421 877
421 810
421 851
421 870
421 893
421 945
421 751
421 472
421 979
421 980
421 624
421 731
421 768
422 863
422 561
422 589
422 542
422 518
422 813
422 749
422 963
422 563
422 502
422 847
422 883
422 866
423 615
423 489
423 869
423 803
423 848
423 453
423 647
423 428
423 493
423 626
424 910
424 698
424 772
424 925
424 794
424 566
424 658
424 954
424 957
424 982
424 918
424 842
424 887
425 499
425 559
425 790
425 690
425 910
425 779
425 613
425 659
425 976
425 593
425 576
425 857
425 971
425 702
425 628
426 782
426 941
426 975
426 829
426 624
426 434
426 432
426 558
426 970
426 551
426 798
426 896
426 674
426 533
426 482
427 504
427 471
427 549
427 941
427 592
427 694
427 965
427 928
427 914
427 704
427 944
427 621
427 546
427 691
427 910
428 436
428 482
428 962
428 775
428 749
429 442
429 572
429 963
429 757
429 574
429 880
429 449
429 760
429 551
429 802
429 946
430 949
430 503
430 755
430 491
430 529
430 603
430 436
430 550
430 863
431 962
431 688
431 493
431 827
431 467
431 485
431 579
431 454
431 432
431 902
431 786
431 644
431 790
431 565
431 734
432 600
432 744
432 711
432 716
432 523
432 703
432 433
432 547
432 803
432 646
432 630
432 609
433 675
433 466
433 643
433 962
433 468
433 493
433 998
433 521
433 938
433 949
434 803
434 802
434 481
434 671
434 776
434 684
435 883
435 634
435 685
435 690
435 952
435 620
435 497
435 656
435 544
435 943
435 546
436 481
436 989
436 590
436 803
436 690
436 834
436 541
436 845
436 805
436 614
436 909
436 593
436 440
437 984
437 599
437 832
437 578
437 473
437 824
437 698
437 828
437 785
437 841
437 480
437 639
438 539
438 871
438 759
438 470
438 474
438 522
438 855
438 861
438 488
439 475
439 553
439 526
440 506
440 478
440 588
440 536
440 634
440 855
440 965
440 979
440 484
440 504
440 508
441 904
441 804
441 535
441 792
441 975
441 722
441 639
441 451
441 837
441 927
441 973
441 538
441 969
441 495
442 567
442 899
442 863
442 915
442 999
442 702
442 594
442 933
442 628
442 866
442 469
442 727
442 464
442 462
443 482
443 821
443 604
443 921
443 818
443 817
443 503
443 605
443 521
443 737
443 537
443 496
443 524
443 901
443 720
443 636
443 771
444 875
444 915
444 453
444 666
444 741
444 496
445 785
445 547
445 747
445 590
445 736
445 572
445 460
445 562
446 696
446 989
446 855
446 925
446 821
446 850
446 525
446 627
446 808
446 473
446 493
446 565
447 618
447 921
447 655
447 660
447 966
447 898
448 653
448 466
448 458
448 454
448 475
448 656
448 885
448 533
448 549
448 864
449 550
449 578
449 684
449 848
449 717
449 562
449 501
449 989
449 740
449 798
449 575
450 454
450 458
450 577
450 552
450 769
450 874
450 691
450 594
450 489
450 904
450 695
451 711
451 531
451 556
451 630
451 904
451 525
451 495
451 868
451 754
451 700
451 796
451 539
451 841
451 459
451 540
451 657
452 477
452 606
452 679
452 574
452 566
452 974
452 609
452 992
452 842
452 859
452 688
452 519
452 925
452 898
453 707
453 879
453 890
453 878
453 698
453 688
453 773
453 814
453 524
453 935
453 613
453 582
453 898
453 950
453 973
454 522
454 853
454 778
454 470
454 885
454 966
454 496
454 768
454 748
454 720
454 494
454 998
454 634
454 652
455 464
455 745
455 779
455 644
455 992
455 665
455 608
455 830
455 760
455 607
455 569
455 954
456 659
456 590
456 548
456 564
456 476
456 981
456 647
456 584
456 760
457 531
457 926
457 831
457 985
457 466
457 858
458 979
458 536
458 493
458 580
458 864
458 555
458 755
458 689
458 882
458 501
458 846
458 955
458 637
458 589
459 639
459 915
459 756
459 605
459 827
459 766
459 714
459 933
459 980
459 548
459 708
459 645
459 918
459 887
459 909
460 629
460 695
460 855
460 621
460 895
460 870
460 823
460 656
460 605
460 471
460 952
460 905
461 569
461 704
461 897
461 943
461 582
461 615
461 598
461 794
461 501
461 669
461 636
462 638
462 623
462 515
462 792
462 959
462 871
463 943
463 551
463 856
463 511
463 733
463 814
463 537
463 472
463 691
463 735
463 533
464 912
464 490
464 480
464 786
464 494
464 523
464 651
464 869
464 920
464 611
464 526
464 751
465 507
465 898
465 994
465 972
465 520
465 607
465 814
465 472
465 489
465 818
465 691
465 526
465 918
466 629
466 933
466 922
466 965
466 567
466 619
466 558
466 763
466 798
467 667
467 540
467 640
467 531
467 801
467 652
467 987
467 739
467 832
467 630
467 829
467 817
467 803
467 657
468 767
468 778
468 737
468 609
468 938
468 984
468 851
468 821
468 654
468 521
468 675
468 898
468 893
468 920
469 894
469 590
469 555
469 491
469 600
469 979
469 713
469 947
469 810
469 891
470 957
470 695
470 825
470 969
470 642
470 702
470 494
470 610
470 948
470 938
470 757
470 552
471 735
471 782
471 854
471 504
471 644
471 839
471 902
471 798
471 777
471 677
471 905
472 622
472 860
472 508
472 996
472 871
472 519
472 697
473 811
473 836
473 890
473 556
473 892
473 483
473 783
473 821
473 527
473 799
473 673
474 485
474 533
474 942
474 783
474 836
474 669
474 992
474 976
474 809
474 720
474 949
474 502
475 939
475 912
475 633
475 620
475 532
475 981
475 534
475 928
475 848
475 604
475 959
475 861
475 540
475 552
475 676
475 560
475 836
475 832
476 614
476 863
476 761
476 894
476 762
476 794
476 903
476 612
476 669
476 520
476 601
476 986
476 835
476 566
477 562
477 549
477 557
477 850
477 567
477 858
477 838
477 701
478 500
478 670
478 639
478 958
478 744
478 491
479 643
479 999
479 979
479 539
479 817
479 934
479 512
479 750
479 511
479 991
479 927
479 767
479 953
479 887
479 755
480 560
480 901
480 737
480 944
480 830
480 660
480 700
480 892
481 522
481 677
481 906
481 682
481 483
481 884
481 530
481 916
481 713
481 984
481 711
481 792
481 584
482 936
482 591
482 622
482 886
482 507
482 540
482 942
482 516
482 828
482 916
482 900
482 691
482 992
483 969
483 874
483 506
483 713
483 976
483 496
483 798
483 731
483 750
483 921
483 589
483 628
483 581
483 624
484 602
484 762
484 944
484 554
484 712
484 545
484 652
484 753
485 716
485 952
485 939
485 554
485 655
485 489
485 631
485 586
485 524
485 945
485 648
485 656
485 858
485 608
485 555
485 596
486 639
486 797
486 748
486 657
486 938
486 914
486 825
486 708
486 796
487 872
487 999
487 670
487 816
487 649
487 575
487 976
487 806
487 756
487 500
487 815
487 842
487 630
488 565
488 581
488 572
488 737
488 830
488 724
488 649
489 633
489 825
489 730
489 741
489 683
489 592
489 667
489 671
489 708
489 515
489 858
489 927
489 830
490 744
490 517
490 776
490 874
490 958
490 650
490 743
490 942
491 889
491 900
491 676
491 752
491 819
491 762
491 982
491 804
492 903
492 950
492 755
492 501
492 519
492 822
492 935
492 510
492 536
492 828
492 884
493 893
493 596
493 520
493 746
493 703
493 883
493 721
493 782
493 818
493 844
493 523
493 555
493 986
494 690
494 612
494 858
494 683
494 505
494 739
494 916
494 573
494 723
494 879
494 729
494 585
494 504
494 811
495 655
495 596
495 604
495 801
495 978
495 536
495 960
495 531
496 807
496 677
496 889
496 761
496 717
496 626
496 619
496 615
496 563
497 607
497 819
497 912
497 763
497 687
497 523
497 945
497 781
497 669
497 861
497 858
497 979
498 600
498 557
498 668
498 620
498 617
498 733
498 644
498 938
498 984
498 856
499 657
499 673
499 699
499 720
499 871
499 656
499 924
499 983
500 826
500 970
500 587
500 600
500 953
500 510
500 525
500 570
500 616
500 989
500 611
501 925
501 888
501 681
501 936
501 564
501 807
501 783
501 892
501 895
501 990
501 570
501 652
501 640
501 520
501 602
502 675
502 624
502 780
502 999
502 667
502 621
502 663
502 573
502 823
502 898
503 693
503 519
503 809
503 784
503 583
503 891
503 921
503 885
503 895
504 741
504 661
504 933
504 985
504 637
504 854
504 997
504 677
505 802
505 937
505 817
505 846
505 568
505 756
505 536
505 715
506 703
506 720
506 651
506 752
506 696
506 777
506 619
507 875
507 533
507 850
507 925
507 767
507 541
507 984
507 687
507 865
507 708
507 812
508 804
508 680
508 785
508 963
508 539
508 839
508 843
509 649
509 664
509 806
509 822
509 526
509 630
509 847
509 688
509 562
510 720
510 933
510 665
511 701
511 828
511 612
511 787
511 990
511 667
511 732
511 665
511 819
511 876
511 908
512 837
512 676
512 964
512 730
512 767
512 606
512 921
513 841
513 642
513 687
513 760
513 742
513 995
513 871
513 691
513 917
513 827
513 812
513 525
513 632
513 986
514 667
514 743
514 648
514 624
514 687
514 517
514 910
514 971
514 596
514 912
514 593
514 976
514 879
515 740
515 780
515 928
515 715
515 670
515 765
515 525
515 816
515 615
515 642
515 979
516 795
516 612
516 625
516 549
516 728
516 616
516 649
516 990
516 534
516 928
516 697
516 964
517 825
517 875
517 808
517 710
517 961
517 525
517 896
517 945
517 898
518 804
518 676
518 955
518 986
518 961
518 618
518 666
518 993
518 916
518 946
518 956
518 762
518 820
519 611
519 796
519 926
519 781
519 809
519 995
519 668
519 853
519 771
520 580
520 545
520 951
520 651
520 757
520 639
520 935
520 691
520 966
520 825
520 540
520 530
521 659
521 682
521 734
521 715
521 763
521 886
521 522
521 909
522 809
522 936
522 857
522 571
522 600
522 865
522 836
522 908
522 807
522 827
522 640
522 733
523 653
523 783
523 888
523 775
523 904
523 692
523 838
523 537
523 701
523 753
524 890
524 833
524 580
525 598
525 694
525 649
526 892
526 748
526 958
526 946
526 690
526 939
526 774
526 834
526 891
526 576
526 875
526 861
527 654
527 718
527 925
527 552
527 557
527 812
527 818
527 685
527 851
528 675
528 605
528 891
528 554
528 562
528 739
528 840
528 981
528 719
529 961
529 750
529 740
529 892
529 678
529 938
529 883
529 955
530 883
530 803
530 643
530 658
530 745
531 810
531 574
531 704
531 918
531 743
531 806
531 969
531 886
531 738
531 537
531 735
531 662
531 986
531 612
531 984
531 880
531 721
532 634
532 968
532 955
532 655
532 778
532 559
532 918
532 785
533 598
533 682
533 923
533 848
533 744
533 579
533 662
533 983
533 621
533 679
534 556
534 914
534 843
534 570
534 676
534 884
534 888
534 535
534 721
534 734
534 685
535 725
535 837
535 889
535 979
535 990
535 700
535 883
535 824
536 925
536 975
536 893
536 679
536 800
536 863
537 985
537 969
537 833
537 872
537 808
537 914
537 703
538 658
538 539
538 847
538 805
538 552
538 836
538 546
538 703
538 819
538 676
538 580
538 916
539 822
539 615
539 898
539 574
539 692
539 676
539 766
539 606
539 920
539 804
539 601
540 655
540 813
540 687
540 883
540 651
540 564
540 851
540 645
540 939
540 879
540 906
541 916
541 726
541 982
541 662
541 667
541 675
541 652
541 598
542 891
542 695
542 726
542 963
542 627
542 641
542 625
542 826
542 646
542 816
543 608
543 787
543 832
543 557
543 980
543 712
543 716
543 566
543 935
543 613
543 905
543 945
544 870
544 947
544 673
544 879
545 892
545 876
545 680
545 939
545 889
545 599
545 750
545 882
545 970
545 788
545 757
545 710
545 929
546 901
546 815
546 625
546 864
546 898
547 711
547 885
547 699
547 713
547 550
547 695
547 936
547 786
547 819
547 661
548 777
548 588
548 943
548 756
548 980
548 809
548 735
548 839
548 930
549 662
549 977
549 654
549 926
549 895
550 861
550 933
550 902
550 808
550 806
550 589
550 555
550 590
550 980
550 969
551 853
551 746
551 806
551 715
551 697
551 639
551 565
551 902
551 723
551 990
552 725
552 797
552 812
552 978
552 895
552 567
552 617
552 918
552 977
552 779
553 598
553 574
553 774
553 823
553 679
553 712
553 776
553 835
553 580
554 569
554 883
554 939
554 649
554 967
554 823
554 801
554 809
554 719
554 969
554 621
555 780
555 733
555 945
555 600
555 650
555 773
555 880
556 888
556 878
556 756
556 881
556 627
556 996
556 858
557 846
557 591
557 905
557 725
557 909
557 922
557 604
557 873
557 688
557 697
558 913
558 920
558 935
558 651
559 689
559 937
559 992
559 671
559 997
559 585
559 854
559 757
560 579
560 902
560 802
560 825
560 801
560 666
560 730
560 867
561 889
561 849
561 996
561 777
561 898
562 810
562 575
562 603
562 819
562 725
562 877
562 589
562 842
562 660
562 740
562 866
563 634
563 620
563 894
563 648
563 701
563 804
564 934
564 634
564 802
564 864
564 611
564 754
564 795
565 641
565 855
565 986
565 697
565 687
565 964
565 741
565 774
566 788
566 843
566 595
566 810
566 936
566 919
566 809
566 752
566 704
566 771
566 662
566 966
567 962
567 702
567 601
567 934
567 623
567 802
567 869
567 704
567 677
567 841
567 987
567 891
568 781
568 787
568 651
568 790
568 673
568 588
568 716
568 591
568 764
569 663
569 806
569 868
569 600
569 651
569 677
569 826
569 587
569 725
569 880
569 657
569 860
569 938
569 940
569 898
569 802
570 636
570 750
570 884
570 919
570 687
570 857
570 697
571 941
571 847
571 970
571 888
572 877
572 784
572 699
572 864
572 824
572 919
572 617
572 892
572 681
572 584
572 725
572 729
572 970
572 756
572 760
573 951
573 990
573 997
573 605
573 767
573 854
573 940
573 878
573 911
573 830
574 689
574 802
574 919
574 818
574 840
574 795
574 587
574 614
575 956
575 837
575 892
575 832
575 896
575 591
576 960
576 693
576 950
576 961
576 671
576 967
576 758
576 644
576 633
576 636
577 712
577 702
577 948
577 863
577 625
577 853
577 815
577 769
577 659
577 883
577 595
577 621
578 880
578 755
578 640
578 692
578 675
578 731
578 684
579 638
579 708
579 940
579 623
579 879
579 816
579 759
579 664
579 902
579 962
579 750
580 805
580 643
580 944
580 815
580 902
580 747
580 822
580 653
580 699
580 609
581 731
581 854
581 615
581 747
581 989
581 923
581 801
581 596
581 799
582 883
582 642
582 675
582 739
582 599
582 849
582 795
582 837
582 767
582 945
582 856
582 620
582 663
583 696
583 763
583 611
583 784
583 898
583 957
583 986
584 976
584 960
584 605
584 649
584 982
584 896
584 920
584 616
584 844
584 608
585 758
585 629
585 764
585 860
585 643
585 616
585 874
586 612
586 781
586 842
586 881
587 645
587 754
587 830
587 712
587 637
587 992
587 621
588 718
588 709
588 818
588 659
588 624
588 590
588 743
588 833
588 752
588 845
588 717
588 731
589 676
589 956
589 859
589 684
589 931
589 639
589 771
589 825
589 740
589 983
590 619
590 937
590 916
590 969
590 796
590 881
590 830
590 957
590 783
590 889
590 737
590 662
591 643
591 803
591 908
591 625
591 969
591 598
591 799
591 947
591 981
592 642
592 697
592 893
592 862
592 892
592 910
593 682
593 897
593 973
593 784
593 979
593 773
593 648
593 938
593 947
594 691
594 869
594 913
594 713
594 802
594 984
594 612
594 857
594 603
594 602
595 597
595 861
595 736
595 696
595 613
595 667
595 665
595 806
595 954
596 734
596 838
596 643
596 825
596 861
596 781
596 631
596 764
596 875
596 812
597 859
597 793
597 725
597 860
597 845
597 739
597 996
597 912
598 703
598 956
598 806
598 604
598 692
598 712
598 774
598 828
598 857
598 883
599 905
599 976
599 907
599 734
599 787
599 948
599 728
600 929
600 946
600 873
600 842
600 781
600 974
601 676
601 718
601 953
601 765
601 877
601 986
601 991
601 627
601 929
602 983
602 643
602 636
602 720
602 856
602 880
602 675
602 690
602 888
603 860
603 616
603 939
604 913
604 855
604 779
604 921
604 819
604 795
604 952
605 990
605 877
605 886
605 824
605 676
605 842
605 931
606 613
606 741
606 669
606 821
606 609
607 824
607 953
607 620
607 663
607 673
607 875
608 912
608 984
608 956
608 695
608 624
608 750
608 860
609 635
609 771
609 751
609 691
610 830
610 652
610 841
610 868
610 747
610 697
610 659
610 739
610 756
610 737
610 796
611 774
611 851
611 663
611 823
611 772
611 814
611 779
612 737
612 733
612 937
612 958
612 822
613 708
613 974
613 866
613 907
614 868
614 847
614 957
614 959
614 794
614 701
615 809
615 916
615 855
615 725
616 653
616 635
616 749
616 746
616 684
617 785
617 935
617 733
617 680
617 932
617 629
617 668
617 731
617 658
618 910
618 766
618 657
618 991
618 686
618 874
618 673
618 955
618 760
619 670
619 792
619 895
619 708
619 781
619 723
620 685
620 629
620 943
620 630
620 718
620 744
620 844
621 773
621 645
621 733
621 682
621 741
621 858
621 660
621 840
622 740
622 719
622 725
622 648
622 639
622 990
623 829
623 907
623 825
623 899
623 986
623 947
624 957
624 994
624 991
624 855
624 759
624 720
624 791
624 864
624 628
625 771
625 772
625 693
625 734
625 858
625 776
625 796
625 667
625 763
626 750
626 698
626 665
626 719
626 799
626 668
626 880
626 908
626 825
626 761
627 776
627 735
627 675
627 801
627 866
627 738
627 878
628 866
628 763
628 647
628 972
628 980
628 910
628 714
629 669
629 799
629 948
629 805
629 978
629 851
630 638
630 935
630 873
630 879
630 671
631 777
631 792
631 796
631 730
631 957
631 814
632 660
632 782
632 857
632 775
632 997
632 992
632 713
633 726
633 821
633 862
633 945
633 889
633 674
633 803
633 663
633 816
634 727
634 964
635 909
635 684
635 660
635 929
635 806
635 677
636 887
636 777
636 802
636 682
636 920
637 848
637 854
637 821
637 885
637 731
637 809
637 918
638 723
638 856
638 818
638 895
638 977
639 804
639 707
639 974
639 987
640 979
640 788
640 770
640 876
640 734
640 888
640 754
640 641
640 668
641 870
641 671
641 658
641 750
641 871
641 860
642 737
642 951
642 881
642 866
642 647
643 750
643 778
643 714
643 916
643 876
643 952
643 934
643 943
644 743
644 957
644 714
644 716
644 748
645 659
645 828
645 904
645 909
645 838
645 819
646 769
646 791
646 780
646 938
646 771
646 853
646 924
646 831
646 882
647 794
647 857
647 811
647 984
647 719
647 835
647 932
647 858
647 997
648 908
648 924
648 969
648 847
648 687
648 791
648 688
648 664
648 863
648 690
648 998
649 705
649 846
649 770
649 937
649 830
649 806
649 856
649 732
649 785
650 915
650 704
650 706
650 788
651 936
651 818
651 800
651 885
651 659
651 994
651 789
652 821
652 684
652 653
652 896
652 654
652 883
652 813
652 943
652 841
653 705
653 875
653 963
653 667
654 818
654 867
654 795
654 726
654 903
654 679
655 750
655 958
655 772
655 980
655 973
655 698
655 998
656 826
656 834
656 830
656 891
656 850
657 894
657 945
657 874
657 878
658 935
658 786
658 759
658 720
658 666
658 744
658 837
658 889
659 783
659 960
659 969
659 752
659 952
659 790
660 686
660 796
660 814
660 986
660 949
660 903
660 893
661 991
661 905
661 732
662 667
662 692
662 852
662 683
662 932
662 694
662 949
662 714
662 690
662 716
663 919
663 793
663 816
663 687
663 814
663 792
663 751
663 952
663 852
663 932
664 938
664 935
664 737
664 849
664 878
664 925
665 805
665 855
665 833
666 841
666 978
666 883
666 704
666 702
666 938
666 927
666 781
666 840
666 810
667 766
667 923
667 838
667 717
667 798
668 946
668 759
668 772
668 984
668 905
668 842
668 679
668 696
668 677
668 960
669 710
669 845
669 924
669 888
669 835
669 930
670 750
670 774
670 838
670 946
670 903
670 857
670 818
670 996
670 961
670 936
671 837
671 783
671 962
672 949
672 902
672 883
672 853
672 924
672 776
672 769
672 937
672 791
672 676
673 870
673 946
673 876
673 753
673 744
673 989
674 869
674 856
675 683
675 710
675 901
675 942
675 712
675 714
675 904
675 945
675 860
675 979
675 798
676 771
676 981
676 976
676 863
676 860
676 686
677 941
677 914
677 969
677 711
677 865
678 757
678 951
678 816
678 768
678 825
678 758
678 732
679 953
679 971
679 900
679 934
679 778
679 855
679 734
679 843
679 985
680 758
680 988
680 938
680 721
680 879
681 867
681 976
682 842
682 776
682 795
682 869
682 854
682 973
682 831
682 847
682 850
682 900
682 923
682 865
682 879
683 903
683 791
683 732
683 866
683 779
683 758
683 973
683 842
683 794
683 799
684 709
684 705
684 923
684 952
684 908
684 874
685 750
685 907
685 797
686 876
686 978
686 997
686 936
686 982
686 930
686 794
687 897
687 785
687 903
687 901
687 979
687 696
687 773
688 800
688 828
688 698
688 883
688 876
688 776
689 971
689 972
689 891
689 904
689 827
689 993
690 755
690 732
690 721
691 708
691 821
692 916
693 864
693 702
693 699
693 751
693 711
694 924
694 793
694 946
694 828
694 797
695 717
695 791
696 745
696 937
696 974
696 762
697 698
697 816
697 719
697 746
698 712
698 782
698 986
698 745
698 933
699 997
699 815
699 873
699 792
700 858
700 779
700 915
700 945
700 764
700 823
700 875
701 937
701 874
701 939
701 747
701 845
701 804
701 823
701 925
702 755
702 703
702 898
702 823
702 829
703 741
703 709
703 762
703 971
704 968
704 972
704 820
704 843
705 851
705 934
705 854
706 852
706 975
706 911
706 763
706 805
706 943
706 892
707 931
707 832
707 826
707 735
708 990
708 912
708 767
708 960
708 954
709 946
709 715
709 931
710 835
710 957
710 718
710 906
710 801
711 952
711 995
711 814
711 820
711 793
712 916
712 758
712 780
712 787
712 987
712 943
712 850
713 887
713 774
713 939
713 815
713 861
713 777
713 842
713 728
714 790
714 877
714 912
715 724
715 862
715 926
715 827
715 740
715 832
715 793
715 928
716 733
716 796
716 788
717 747
717 750
717 755
717 838
717 792
718 936
718 758
718 838
718 768
718 765
719 810
719 755
719 806
719 984
719 746
720 810
720 771
720 987
720 988
720 906
720 950
720 762
720 758
721 824
721 875
721 931
721 868
721 770
722 732
722 773
722 873
722 966
723 976
723 872
723 971
724 991
724 747
724 863
724 768
725 818
725 815
725 744
725 965
726 989
726 942
726 824
726 927
727 775
727 902
727 779
727 908
727 928
727 972
728 941
729 830
729 898
729 852
729 984
730 872
730 779
730 833
730 812
730 926
730 910
731 917
731 845
731 892
732 829
732 763
733 754
733 866
733 876
733 771
734 889
734 997
734 844
734 808
734 847
734 759
734 870
735 847
735 985
735 771
735 777
736 819
736 778
736 946
736 963
736 824
737 976
737 939
737 827
737 766
737 837
737 754
737 942
738 961
738 963
738 818
738 883
738 751
738 759
738 781
738 867
738 761
739 858
740 873
740 765
741 981
741 956
741 799
741 768
741 772
742 870
742 921
742 981
742 846
742 792
743 912
743 987
743 916
743 985
743 879
744 887
744 917
744 790
744 990
745 971
745 918
745 984
745 814
746 904
746 830
746 980
746 971
746 915
747 902
747 961
747 997
747 758
747 850
747 906
748 818
748 892
748 990
748 777
748 959
748 796
748 943
748 857
748 894
748 992
749 826
749 790
749 929
749 809
749 762
749 914
749 860
750 915
750 848
750 864
750 919
751 797
751 779
751 962
751 778
751 775
752 837
752 953
752 893
752 817
752 996
752 904
752 890
753 911
753 963
753 947
753 924
754 858
754 864
754 833
754 875
754 908
755 955
755 943
755 936
755 974
755 897
755 786
755 983
755 945
756 873
756 825
756 841
757 980
757 859
757 836
757 770
757 794
758 933
758 989
758 762
758 813
759 777
759 886
759 855
759 862
760 845
760 942
760 924
760 767
761 872
761 857
761 881
761 965
762 837
762 855
762 895
762 823
762 765
762 973
762 927
762 854
762 894
763 799
763 909
763 765
763 901
763 846
763 910
763 783
764 989
764 992
764 994
764 860
764 788
764 797
765 978
765 778
765 838
765 915
765 858
766 786
766 938
766 863
766 799
767 842
767 776
767 896
767 823
767 778
767 794
767 932
767 944
768 937
768 964
768 872
768 974
768 873
768 940
768 808
768 999
768 793
769 916
769 804
769 966
769 833
769 983
769 866
769 917
770 813
770 802
770 886
770 922
770 978
770 826
770 964
771 952
771 986
771 780
771 968
771 868
771 929
772 967
772 881
772 795
772 835
772 979
772 806
772 954
772 843
773 796
773 890
773 920
773 781
773 902
773 927
774 949
774 930
774 911
775 806
776 834
776 905
776 894
776 899
777 942
777 872
778 867
778 895
778 961
778 823
778 788
779 926
779 848
779 928
779 936
779 854
780 865
780 869
780 960
781 923
781 893
781 918
782 907
782 948
783 983
783 821
783 845
784 887
784 913
784 952
784 929
785 855
785 983
785 828
785 813
785 839
786 800
786 860
786 936
786 932
787 874
787 908
787 925
787 891
787 940
788 932
788 959
788 795
788 868
788 903
789 816
789 802
789 983
789 959
789 985
789 853
789 858
790 883
790 880
790 865
790 889
791 994
791 836
791 806
791 993
791 968
791 810
791 972
791 941
792 988
792 913
792 844
792 834
792 996
793 881
793 847
794 830
794 860
794 891
794 883
794 899
795 800
795 802
795 923
795 987
795 860
796 956
796 884
796 820
797 953
797 853
797 831
797 829
797 833
797 958
798 930
798 956
798 917
798 969
799 981
799 990
799 982
799 800
799 856
800 844
800 994
800 929
800 901
801 890
801 841
801 908
801 860
802 965
802 979
803 831
803 957
804 857
804 843
804 972
805 859
805 937
806 997
806 946
806 866
806 809
806 924
806 919
806 811
807 830
807 815
807 948
807 996
808 824
808 906
808 915
808 980
809 902
809 998
809 929
809 833
810 829
810 902
810 869
810 847
810 814
810 881
810 859
811 917
811 959
812 891
812 876
812 895
812 938
812 863
813 911
814 902
814 980
814 931
814 837
814 821
815 901
815 889
815 984
815 846
817 843
818 926
818 849
818 911
818 915
818 970
818 895
819 849
819 958
819 840
819 821
819 862
820 934
820 933
820 895
821 839
821 827
821 902
822 961
822 888
823 871
823 889
824 829
824 904
825 975
825 983
825 895
825 921
826 934
826 847
827 988
827 850
827 843
828 869
828 912
828 855
828 983
829 964
829 840
829 900
829 839
829 953
830 904
830 886
830 943
831 847
831 981
831 856
832 934
832 990
832 853
833 848
833 993
833 995
833 952
833 986
834 865
835 877
835 947
835 876
835 965
835 875
836 977
836 973
836 884
836 945
837 892
837 927
837 916
837 960
837 970
837 958
838 947
838 913
838 964
839 873
839 877
839 955
839 903
839 950
840 935
840 919
840 851
841 968
841 940
841 927
841 950
841 945
843 985
843 938
844 930
844 913
844 867
844 855
844 912
844 894
845 902
845 857
845 989
846 891
846 951
846 980
846 860
847 992
847 981
848 913
848 925
849 897
849 993
849 963
850 933
850 974
850 855
850 898
850 976
850 874
851 903
851 981
851 913
851 980
851 921
851 870
851 915
851 966
852 980
852 965
852 892
853 971
853 895
853 925
853 885
854 870
855 874
855 964
856 869
856 900
857 906
857 947
857 995
857 898
857 962
858 976
859 972
859 871
859 966
860 994
860 981
860 962
860 948
860 890
861 903
861 920
861 974
862 896
862 942
862 904
863 895
864 983
864 900
864 919
864 972
864 884
865 968
865 962
866 909
866 876
866 982
867 924
867 926
868 870
868 874
868 930
868 934
868 869
869 978
869 902
869 890
870 879
870 886
870 961
870 892
870 885
870 895
871 988
871 931
871 947
872 899
872 952
872 877
873 914
873 967
874 971
874 947
875 920
876 971
878 911
879 920
879 888
879 977
879 979
881 909
881 983
881 963
881 950
881 944
882 987
882 951
882 992
883 928
884 952
884 948
885 970
885 925
885 991
885 931
885 955
885 916
886 909
886 905
886 894
887 914
887 947
888 930
888 946
889 950
889 930
889 995
889 907
890 988
890 911
890 908
890 959
891 977
892 934
892 967
893 972
893 902
895 956
895 947
896 913
896 969
897 972
898 971
898 955
898 954
899 970
899 984
899 991
899 936
900 959
900 979
901 967
901 928
901 973
901 979
902 929
902 985
902 921
903 938
903 916
904 958
904 920
904 957
905 962
906 931
906 990
906 928
906 962
906 953
907 923
907 928
909 976
909 941
909 982
910 937
910 948
911 985
911 939
912 952
912 963
913 934
914 927
915 928
915 923
915 989
915 961
916 921
916 996
916 967
916 928
918 975
919 921
920 961
920 980
921 950
922 944
922 936
923 950
924 979
924 935
926 937
927 929
927 949
927 984
927 955
928 985
929 946
929 933
931 980
931 948
931 963
933 940
933 974
934 959
934 980
935 999
935 996
935 969
936 971
937 980
937 948
940 972
941 997
941 993
943 987
946 955
948 979
949 968
949 987
950 999
950 990
951 980
953 983
954 992
955 980
956 981
957 959
958 980
958 996
960 961
964 997
965 986
967 982
967 985
970 991
972 997
972 993
972 976
974 988
977 978
978 998
978 982
979 985
979 980
982 985
983 995
988 992
994 995
