VERTICES = 1000
EDGES = 11000
0 64
0 871
0 850
0 104
0 506
0 857
0 835
0 942
0 307
0 474
0 739
0 475
0 507
0 570
0 572
1 830
1 748
1 268
1 621
1 29
1 736
1 630
1 41
1 973
1 658
1 942
1 520
1 103
1 917
1 562
1 803
1 837
1 229
1 579
1 688
1 891
1 144
1 203
1 253
1 73
1 139
1 596
1 758
1 430
2 200
2 853
2 212
2 555
2 764
2 278
2 189
2 539
2 976
2 447
2 376
2 267
2 953
2 510
2 827
3 813
3 422
3 629
3 554
3 257
3 317
3 682
3 633
3 149
3 609
3 618
3 601
3 352
3 384
3 128
3 883
3 657
3 628
3 33
3 844
3 958
3 607
4 793
4 892
4 976
4 419
4 667
4 705
4 954
4 712
4 78
4 527
4 660
4 575
4 403
4 102
4 570
4 13
5 981
5 382
5 421
5 24
5 817
5 476
5 903
5 224
5 227
5 513
5 237
5 635
5 266
5 844
5 596
5 811
5 626
5 475
5 933
5 657
5 73
5 804
5 482
5 180
6 841
6 113
6 914
6 713
6 418
6 286
6 974
6 950
6 884
6 764
6 430
6 685
6 89
6 337
6 502
6 15
7 181
7 324
7 98
7 987
7 646
7 26
7 278
7 304
7 120
7 149
7 811
7 693
7 206
7 513
7 189
7 866
7 761
7 322
7 266
8 831
8 949
8 151
8 431
8 229
8 672
8 210
8 803
8 143
8 947
8 506
8 97
8 760
8 98
8 279
8 905
8 69
8 305
9 177
9 344
9 110
9 380
9 462
9 417
9 573
9 500
9 113
9 971
9 78
9 759
9 158
9 780
9 867
9 356
9 857
9 700
9 793
9 896
9 122
9 67
9 223
10 890
10 235
10 857
10 34
10 446
10 127
10 129
10 198
10 189
10 483
10 256
10 520
11 332
11 720
11 146
11 547
11 303
11 391
11 373
11 294
11 520
11 214
11 519
11 592
11 894
11 62
11 301
11 866
11 549
11 888
12 311
12 617
12 186
12 277
12 857
12 592
12 591
12 329
12 196
12 969
12 730
12 796
12 470
12 185
12 62
12 262
12 204
12 574
12 507
12 282
12 712
12 746
12 780
13 318
13 85
13 430
13 658
13 227
13 341
13 978
13 408
13 713
13 974
13 324
13 844
13 203
13 119
13 51
13 463
13 388
13 179
13 653
13 637
13 524
13 175
13 801
13 236
13 629
13 201
14 281
14 528
14 476
14 182
14 804
14 822
14 177
14 298
14 48
14 422
14 443
14 16
14 591
14 565
14 968
14 768
14 708
14 60
14 711
14 503
15 374
15 585
15 834
15 781
15 976
15 870
15 571
15 984
15 322
15 434
15 654
15 138
15 63
15 165
15 728
15 701
15 725
15 845
15 609
15 451
15 925
15 256
15 87
15 106
15 903
15 116
15 749
15 686
15 386
15 295
15 792
15 593
16 707
16 812
16 66
16 478
16 255
16 631
16 40
16 147
16 857
16 755
16 79
16 866
16 174
16 676
16 728
16 111
16 993
16 143
16 994
16 253
16 186
16 432
16 423
16 678
16 160
16 730
16 547
16 618
16 297
16 540
16 953
16 71
17 989
17 743
17 155
17 850
17 326
17 473
17 718
17 508
17 28
17 796
17 942
17 286
17 350
17 250
17 367
17 429
17 362
17 899
17 555
17 845
17 47
17 71
18 908
18 726
18 414
18 269
18 950
18 382
18 137
18 937
18 527
18 508
18 146
18 479
18 192
18 779
18 237
18 621
18 151
18 27
18 613
18 852
18 628
18 776
18 728
18 199
18 98
19 865
19 282
19 473
19 971
19 978
19 911
19 522
19 46
19 417
19 939
19 345
19 751
19 374
19 966
19 547
19 459
19 767
19 439
20 344
20 509
20 964
20 177
20 623
20 66
20 329
20 728
20 653
20 822
20 638
20 960
20 949
20 944
20 557
21 160
21 355
21 149
21 381
21 503
21 369
21 601
21 263
21 162
21 972
21 267
21 256
21 535
21 249
21 78
21 655
22 135
22 353
22 516
22 134
22 572
22 256
22 210
22 567
22 346
22 288
22 662
22 561
22 715
22 695
22 627
22 40
22 185
22 764
22 162
22 481
23 995
23 50
23 654
23 366
23 215
23 653
23 744
23 933
23 108
23 691
23 658
23 882
23 294
23 743
23 405
23 378
23 223
23 919
24 278
24 435
24 799
24 616
24 722
24 784
24 423
24 526
24 251
24 682
24 544
24 878
24 586
24 34
24 935
24 400
24 729
24 81
25 195
25 738
25 943
25 323
25 466
25 714
25 776
25 663
25 286
25 506
25 870
25 138
25 276
25 566
25 694
25 925
25 196
25 645
25 214
25 360
25 454
25 319
25 710
25 87
25 548
26 648
26 389
26 337
26 527
26 460
26 921
26 599
26 825
26 611
26 670
26 391
26 327
26 74
26 213
26 988
26 889
26 683
27 875
27 507
27 157
27 515
27 503
27 474
27 55
27 765
27 394
27 973
27 46
27 114
27 131
27 632
27 701
27 639
27 386
28 879
28 145
28 819
28 860
28 29
28 203
28 374
28 984
28 653
28 798
28 967
28 77
28 968
28 651
28 564
28 488
28 939
28 345
28 640
28 94
28 162
28 929
29 818
29 520
29 815
29 688
29 634
29 668
29 823
29 446
29 604
29 243
29 808
29 739
29 398
29 447
29 229
29 196
29 358
29 256
29 83
29 581
29 545
30 125
30 287
30 824
30 331
30 342
30 638
30 178
30 790
30 818
30 458
30 70
30 90
30 526
30 613
30 489
30 649
30 473
30 67
30 76
30 761
30 878
30 527
31 399
31 166
31 564
31 855
31 370
31 320
31 612
31 74
31 504
31 394
31 181
31 425
31 890
31 493
31 356
31 842
31 571
31 449
31 233
32 337
32 247
32 155
32 290
32 632
32 887
32 173
32 463
32 270
32 253
32 395
32 189
32 45
32 442
32 799
32 418
33 69
33 781
33 551
33 578
33 642
33 567
33 393
33 977
33 356
33 850
33 923
33 528
33 206
33 663
33 147
33 666
33 489
33 64
33 917
33 453
33 909
33 402
33 397
33 124
33 545
33 146
33 128
33 169
33 538
33 891
33 431
33 391
33 108
33 298
33 34
33 44
33 912
34 769
34 765
34 102
34 571
34 560
34 470
34 236
34 678
34 396
34 315
34 144
34 636
34 361
34 256
34 465
34 740
34 619
34 641
34 824
34 771
34 227
35 340
35 856
35 561
35 509
35 489
35 853
35 845
35 290
35 708
35 548
35 973
35 327
35 143
35 484
35 725
35 864
35 515
35 706
35 127
35 695
35 220
36 513
36 707
36 47
36 146
36 83
36 684
36 503
36 801
36 916
36 831
36 489
36 550
36 393
36 987
36 488
36 512
36 46
36 291
36 672
36 853
37 473
37 932
37 551
37 975
37 821
37 654
37 213
37 67
37 790
37 157
37 853
37 793
37 368
37 76
37 783
37 341
37 343
37 60
37 751
38 641
38 651
38 495
38 804
38 138
38 546
38 790
38 815
38 645
38 473
38 788
38 172
38 412
38 90
38 850
38 521
38 383
38 844
38 733
38 230
38 403
38 385
38 217
38 726
38 750
38 760
38 534
39 880
39 955
39 333
39 194
39 151
39 480
39 717
39 909
39 436
39 339
39 59
39 186
39 622
39 800
39 74
39 88
39 453
40 390
40 817
40 705
40 116
40 247
40 230
40 658
40 531
40 277
40 506
40 653
40 656
40 388
40 592
40 758
40 913
40 210
40 175
40 428
40 607
40 535
41 887
41 228
41 74
41 836
41 803
41 996
41 615
41 107
41 939
41 717
41 86
41 601
41 205
41 915
41 735
41 826
41 847
41 943
41 940
41 118
42 636
42 173
42 100
42 876
42 727
42 313
42 976
42 248
42 768
42 113
42 945
42 614
42 608
42 182
42 924
43 482
43 675
43 742
43 428
43 180
43 515
43 99
43 103
43 663
43 166
43 496
43 280
43 302
43 913
43 707
43 910
43 273
43 94
44 848
44 502
44 602
44 553
44 817
44 958
44 550
44 852
44 554
44 455
44 107
44 653
44 622
44 616
44 862
44 473
44 874
44 420
44 851
44 628
44 501
44 480
44 657
44 68
44 800
44 260
44 368
45 337
45 442
45 275
45 141
45 325
45 877
45 211
45 560
45 474
45 464
45 276
45 851
45 246
45 165
45 540
45 550
45 829
46 406
46 159
46 332
46 840
46 407
46 714
46 280
46 690
46 927
46 964
46 414
46 440
46 614
46 671
46 493
46 844
46 923
46 296
46 533
46 275
46 968
46 73
46 640
46 795
46 825
46 854
46 91
47 456
47 345
47 68
47 225
47 78
47 847
47 375
47 657
47 361
47 214
47 624
47 902
47 133
47 154
47 515
47 427
47 776
47 507
47 600
47 463
47 374
47 806
47 421
47 925
48 223
48 410
48 849
48 199
48 883
48 561
48 307
48 925
48 984
48 227
48 677
48 361
48 356
48 871
48 474
48 791
48 545
48 559
48 673
48 215
48 773
48 903
48 601
48 335
48 968
48 999
48 486
49 469
49 232
49 701
49 446
49 905
49 997
49 587
49 188
49 438
49 271
49 280
49 762
49 928
49 81
49 962
49 833
49 418
49 770
49 166
49 834
49 693
49 712
49 197
49 390
49 132
49 657
49 239
49 218
50 553
50 477
50 716
50 101
50 125
50 452
50 119
50 248
50 835
50 643
50 170
50 497
50 836
50 258
50 550
50 318
50 801
50 490
50 136
51 156
51 362
51 727
51 725
51 130
51 117
51 241
51 616
51 936
51 695
51 811
51 454
51 513
51 987
51 137
51 853
51 789
51 883
51 423
51 847
51 567
51 434
51 975
51 395
51 865
52 226
52 717
52 191
52 403
52 831
52 926
52 908
52 153
52 504
52 561
52 442
52 263
52 711
52 707
53 593
53 620
53 179
53 192
53 597
53 992
53 458
53 518
53 848
53 740
53 603
53 417
53 87
53 485
53 410
54 988
54 698
54 908
54 748
54 86
54 260
54 111
54 61
54 586
54 899
54 330
54 891
54 118
54 176
54 179
55 790
55 678
55 475
55 626
55 291
55 186
55 411
55 234
55 883
55 754
55 361
55 454
55 157
55 250
55 798
55 839
55 980
55 505
55 971
55 94
55 62
55 170
56 207
56 942
56 778
56 257
56 191
56 917
56 471
56 696
56 722
56 993
56 934
56 503
56 822
56 271
56 580
56 737
56 505
56 824
56 518
56 847
57 502
57 941
57 728
57 178
57 994
57 415
57 455
57 254
57 955
57 751
57 523
57 102
57 62
57 75
57 93
57 584
57 627
58 429
58 619
58 226
58 252
58 654
58 623
58 204
58 522
58 85
58 192
58 985
58 655
58 797
58 826
58 326
58 109
58 795
58 119
58 328
58 839
58 104
58 181
59 296
59 386
59 131
59 744
59 640
59 612
59 870
59 822
59 410
59 389
59 627
59 934
59 545
59 679
59 121
59 222
59 887
59 699
59 107
59 256
59 385
59 362
59 137
59 855
59 706
59 687
59 600
59 990
60 879
60 949
60 161
60 790
60 113
60 312
60 907
60 333
60 970
60 162
60 788
60 801
60 586
60 595
60 744
60 190
60 583
60 987
60 802
61 787
61 561
61 257
61 828
61 353
61 658
61 360
61 163
61 506
61 291
61 681
61 743
61 281
61 651
61 932
61 131
61 558
61 155
62 484
62 409
62 417
62 642
62 597
62 101
62 781
62 427
62 246
62 807
62 810
62 88
62 745
62 241
62 141
63 228
63 683
63 471
63 540
63 733
63 231
63 90
63 579
63 515
63 610
63 464
63 392
63 169
63 446
63 723
63 945
63 211
63 594
63 614
63 598
63 934
63 727
63 507
64 701
64 557
64 672
64 591
64 749
64 411
64 266
64 637
64 92
64 849
64 976
64 454
64 121
64 682
64 168
64 612
64 453
64 383
64 767
64 70
64 895
64 765
64 353
64 579
64 461
64 617
64 811
64 726
64 184
64 126
65 603
65 397
65 786
65 686
65 850
65 112
65 751
65 739
65 407
65 745
65 262
65 561
65 743
65 421
65 885
65 981
65 767
65 825
65 264
65 644
66 243
66 79
66 113
66 202
66 571
66 347
66 447
66 559
66 505
66 598
66 833
66 127
66 424
66 925
66 183
66 690
66 678
66 771
66 719
66 479
66 963
67 857
67 766
67 152
67 675
67 462
67 91
67 123
67 292
67 928
67 598
67 665
67 278
67 578
67 222
67 555
67 794
67 581
67 900
67 815
67 999
67 232
67 448
67 814
67 391
67 69
68 662
68 637
68 666
68 221
68 567
68 384
68 480
68 904
68 209
68 256
68 773
68 804
68 556
68 635
68 896
68 84
68 533
68 514
68 98
68 270
68 523
68 660
68 351
69 80
69 841
69 837
69 639
69 353
69 389
69 315
69 884
69 516
69 873
69 938
69 700
69 260
69 899
70 857
70 829
70 271
70 707
70 238
70 996
70 722
70 472
70 759
70 758
70 181
70 994
70 878
70 445
70 71
70 647
70 231
70 374
70 799
70 834
70 242
70 894
70 76
70 605
71 529
71 148
71 974
71 522
71 895
71 617
71 771
71 817
71 539
71 854
71 838
71 896
71 212
71 926
71 513
71 400
71 380
71 842
71 120
71 474
71 293
71 980
71 556
71 377
71 251
71 869
71 964
71 809
72 263
72 172
72 617
72 569
72 343
72 506
72 329
72 438
72 378
72 380
72 964
72 117
72 519
73 788
73 816
73 319
73 278
73 388
73 779
73 841
73 639
73 128
73 370
73 772
73 869
73 912
73 977
73 88
74 730
74 595
74 944
74 581
74 990
74 494
74 539
74 506
74 366
74 614
74 231
74 668
74 502
74 736
74 217
74 843
74 655
74 298
74 844
75 297
75 300
75 569
75 347
75 567
75 786
75 184
75 465
75 334
75 172
75 483
75 180
75 754
75 508
75 611
75 738
75 167
76 715
76 179
76 77
76 436
76 548
76 673
76 287
76 291
76 587
76 943
76 875
76 634
76 869
76 599
76 619
76 811
76 385
76 801
76 252
76 884
76 785
76 663
76 633
76 395
76 911
77 790
77 118
77 675
77 187
77 516
77 347
77 129
77 932
77 160
77 804
77 704
77 664
77 279
77 380
78 305
78 236
78 670
78 430
78 633
78 734
78 379
78 634
78 660
78 658
78 807
78 672
78 835
78 398
79 458
79 885
79 806
79 870
79 540
79 647
79 782
79 674
79 824
79 666
79 94
79 333
79 308
79 298
79 497
79 977
80 110
80 243
80 283
80 658
80 210
80 970
80 387
80 961
80 620
80 107
80 586
80 678
80 562
80 515
80 898
80 705
80 109
80 992
80 182
81 152
81 406
81 126
81 962
81 899
81 430
81 349
81 188
81 608
81 284
81 108
81 799
81 495
81 777
81 644
82 521
82 354
82 512
82 126
82 423
82 741
82 89
82 297
82 118
82 467
82 234
82 996
82 105
82 833
82 444
82 111
82 231
82 238
82 507
82 268
82 704
83 365
83 671
83 356
83 299
83 325
83 708
83 606
83 106
83 514
83 188
83 326
83 870
83 854
83 397
83 318
83 780
83 911
83 634
83 223
83 835
83 351
83 552
83 340
83 698
83 944
83 300
84 92
84 424
84 833
84 881
84 164
84 270
84 147
84 848
84 807
84 245
84 971
84 338
84 955
84 406
84 301
84 459
84 744
84 300
84 638
84 466
84 358
84 693
84 376
84 145
84 786
84 730
84 469
84 174
85 221
85 623
85 164
85 250
85 789
85 554
85 363
85 711
85 801
85 804
85 364
85 288
85 940
85 959
85 160
85 626
85 969
85 481
85 855
85 474
85 667
85 162
86 357
86 210
86 277
86 635
86 622
86 511
86 337
86 140
86 237
86 580
86 692
86 700
86 291
86 200
86 695
86 386
86 999
86 830
86 961
86 764
87 138
87 925
87 255
87 534
87 795
87 194
87 933
87 100
87 548
87 719
87 215
87 343
87 781
87 219
87 364
87 489
87 107
87 251
87 427
87 712
88 252
88 551
88 889
88 464
88 948
88 751
88 954
88 385
88 814
88 534
88 472
88 604
88 130
88 561
88 915
88 675
88 452
88 519
88 96
88 209
88 924
88 799
89 189
89 90
89 371
89 437
89 610
89 605
89 359
89 785
89 899
89 342
89 518
89 439
89 639
89 413
89 886
89 587
89 860
89 871
89 884
89 137
89 208
89 538
89 601
89 928
89 453
90 794
90 456
90 362
90 462
90 308
90 522
90 217
90 387
90 516
90 99
90 626
90 880
90 148
90 789
90 678
90 905
90 233
90 597
90 611
90 642
90 258
90 418
90 913
90 449
90 906
90 910
91 657
91 99
91 967
91 854
91 225
91 929
91 589
91 333
91 853
91 925
91 681
91 969
91 704
91 983
91 796
91 964
91 340
91 844
91 204
91 287
91 628
91 900
91 158
91 482
92 204
92 484
92 410
92 739
92 728
92 193
92 342
92 199
92 936
92 137
92 320
92 567
92 213
92 480
92 559
92 365
92 254
93 820
93 425
93 906
93 258
93 639
93 868
93 659
93 286
93 676
93 857
93 218
93 925
93 806
93 173
93 644
93 470
94 208
94 826
94 924
94 583
94 971
94 580
94 514
94 425
94 318
94 106
94 503
94 405
94 431
94 189
94 373
94 291
94 98
94 818
94 375
94 509
94 471
94 868
95 443
95 328
95 166
95 149
95 968
95 698
95 266
95 346
95 219
95 915
95 160
96 257
96 141
96 372
96 821
96 587
96 505
96 818
96 660
96 537
96 508
96 596
96 530
96 859
96 239
96 657
96 894
96 664
96 864
96 731
96 718
96 389
97 682
97 738
97 910
97 249
97 839
97 459
97 937
97 409
97 616
97 917
97 591
97 992
97 355
97 175
97 401
97 385
97 275
97 862
97 784
97 368
97 411
97 208
97 727
97 724
97 929
97 835
98 210
98 304
98 229
98 495
98 276
98 649
98 801
98 927
98 889
98 102
98 595
98 311
98 179
98 238
98 501
98 446
98 589
98 675
98 971
98 388
98 591
98 417
98 878
98 130
99 371
99 971
99 717
99 780
99 711
99 202
99 219
99 366
99 952
99 506
99 328
99 995
99 749
99 847
99 834
99 659
100 725
100 499
100 562
100 207
100 287
100 865
100 370
100 430
100 330
100 337
100 282
100 806
100 451
100 186
100 123
100 514
101 868
101 788
101 256
101 789
101 403
101 976
101 943
101 619
101 517
101 965
101 427
101 361
101 903
101 932
101 691
101 752
101 967
101 194
101 494
101 963
101 898
102 825
102 578
102 259
102 743
102 775
102 414
102 939
102 591
102 952
102 585
102 974
102 167
102 829
102 424
102 136
102 566
102 342
102 770
102 701
103 249
103 918
103 196
103 315
103 832
103 305
103 123
103 906
103 254
103 177
103 192
103 360
103 454
104 668
104 549
104 688
104 774
104 718
104 793
104 714
104 404
104 904
104 881
104 352
104 459
104 245
104 939
104 949
104 173
104 762
104 919
104 442
104 401
104 735
104 776
105 779
105 751
105 347
105 694
105 683
105 980
105 716
105 217
105 264
105 700
105 570
105 159
105 439
105 492
105 455
105 907
105 470
105 603
105 504
105 965
105 197
105 361
105 848
105 984
105 319
105 237
105 447
105 972
106 690
106 686
106 343
106 671
106 135
106 251
106 985
106 284
106 922
106 751
106 480
106 221
106 622
106 261
106 713
106 519
106 520
106 183
106 144
106 156
107 395
107 773
107 329
107 946
107 937
107 127
107 681
107 995
107 553
107 842
107 385
107 713
107 483
107 729
107 843
107 780
107 406
107 598
107 533
107 782
108 862
108 971
108 607
108 347
108 542
108 638
108 567
108 641
108 628
108 303
108 559
108 306
108 913
108 849
108 363
109 384
109 218
109 577
109 524
109 718
109 790
109 599
109 313
109 813
109 593
109 796
109 610
109 634
109 841
109 317
109 427
109 207
109 762
109 908
109 536
109 647
109 742
109 147
109 760
109 589
110 914
110 806
110 112
110 739
110 141
110 876
110 299
110 596
110 489
110 815
110 559
110 426
110 562
110 171
110 134
110 508
111 661
111 168
111 266
111 607
111 444
111 190
111 211
111 871
111 974
111 349
111 849
111 539
111 187
111 541
111 877
111 122
111 856
111 878
111 813
111 674
111 705
111 928
111 947
112 889
112 354
112 305
112 153
112 378
112 885
112 417
112 476
112 358
112 472
112 173
112 921
112 624
112 628
113 580
113 895
113 215
113 845
113 669
113 432
113 721
113 716
113 835
113 638
113 802
113 672
114 803
114 913
114 620
114 483
114 967
114 456
114 321
114 470
114 721
114 415
114 726
114 434
114 993
114 752
114 848
114 536
114 733
114 662
114 856
114 710
114 352
114 758
114 309
114 370
114 976
114 128
114 232
114 327
115 702
115 289
115 362
115 504
115 811
115 872
115 308
115 546
115 778
115 204
115 587
115 821
115 518
115 912
115 410
115 300
116 623
116 412
116 742
116 147
116 222
116 540
116 950
116 688
116 855
116 439
116 786
116 466
116 830
116 737
116 719
116 818
116 477
116 422
116 727
116 659
116 987
117 442
117 224
117 271
117 895
117 249
117 237
117 518
117 325
117 841
117 507
117 664
118 325
118 819
118 992
118 565
118 168
118 238
118 592
118 700
118 303
118 233
118 639
118 761
118 871
118 412
118 380
118 466
118 457
118 941
118 435
118 540
118 503
118 853
118 993
118 373
119 472
119 484
119 451
119 493
119 730
119 638
119 537
119 246
119 949
119 779
119 707
119 673
119 551
119 753
119 530
119 968
119 525
119 500
119 661
119 378
119 717
119 380
120 141
120 739
120 962
120 895
120 476
120 331
120 575
120 270
120 642
120 619
120 557
120 924
120 435
120 336
120 266
120 156
120 461
120 926
120 953
120 528
120 660
121 308
121 872
121 291
121 728
121 751
121 752
121 323
121 876
121 155
121 549
121 192
121 630
121 284
121 972
121 421
121 296
121 144
121 902
121 218
122 281
122 316
122 407
122 728
122 213
122 775
122 683
122 736
122 572
122 236
122 555
122 466
122 428
122 512
122 480
122 283
122 848
122 814
122 772
123 529
123 420
123 398
123 790
123 257
123 500
123 205
123 922
123 623
123 649
123 957
123 687
123 726
123 357
124 726
124 612
124 905
124 872
124 570
124 609
124 296
124 584
124 128
124 828
124 789
124 277
124 194
124 137
124 816
124 289
124 554
124 471
124 808
124 316
124 426
125 160
125 951
125 515
125 662
125 220
125 243
125 736
125 338
125 727
125 418
125 661
125 192
125 266
125 429
125 977
125 779
125 696
125 733
125 755
125 847
125 875
125 188
126 679
126 779
126 414
126 311
126 875
126 341
126 145
126 261
126 505
126 872
126 681
126 853
126 600
126 926
126 521
126 947
126 620
127 142
127 240
127 617
127 609
127 966
127 343
127 137
127 320
127 683
127 439
127 810
127 819
127 863
128 281
128 925
128 347
128 459
128 408
128 275
128 316
128 373
128 826
128 644
128 146
128 165
128 835
128 477
129 574
129 788
129 433
129 382
129 345
129 422
129 245
129 410
129 503
129 475
129 216
129 141
129 643
130 312
130 516
130 956
130 394
130 822
130 416
130 442
130 357
130 549
130 428
130 158
130 149
130 855
130 850
130 217
130 554
130 585
130 648
130 894
130 664
130 978
130 774
130 350
130 581
131 578
131 470
131 953
131 431
131 620
131 204
131 801
131 858
131 150
131 425
131 221
131 426
131 422
131 574
131 729
131 370
131 218
132 773
132 923
132 539
132 447
132 883
132 226
132 890
132 609
132 466
132 993
132 649
132 991
132 594
132 998
132 461
132 942
132 200
132 662
132 687
132 722
132 876
132 658
133 810
133 484
133 550
133 728
133 661
133 533
133 699
133 628
133 562
133 220
133 862
133 291
133 671
133 548
133 681
133 792
133 356
133 577
134 873
134 997
134 321
134 360
134 868
134 485
134 725
134 235
134 239
134 521
134 819
134 419
134 141
134 183
134 671
134 296
134 990
134 628
135 493
135 678
135 990
135 369
135 505
135 143
135 650
135 920
135 919
135 820
135 268
135 233
135 950
135 535
135 811
135 311
135 188
135 181
135 672
135 203
136 657
136 799
136 170
136 474
136 519
136 328
136 457
136 885
136 199
136 173
136 721
136 590
136 805
137 430
137 999
137 912
137 211
137 875
137 976
137 476
137 220
137 218
137 716
137 564
137 700
137 323
137 360
137 954
137 519
137 161
138 590
138 818
138 847
138 653
138 203
138 195
138 602
138 523
138 564
138 498
138 821
138 876
138 278
138 147
138 968
138 966
138 522
138 580
138 386
138 373
138 914
139 944
139 766
139 423
139 186
139 302
139 498
139 397
139 914
139 863
139 671
139 897
139 596
139 598
139 919
139 683
139 219
139 193
139 662
139 564
139 402
139 725
139 569
139 424
139 892
139 582
139 733
140 728
140 630
140 481
140 384
140 983
140 142
140 436
140 656
140 916
140 681
140 495
141 733
141 765
141 964
141 601
141 433
141 492
141 955
141 145
141 719
141 485
141 423
141 341
141 780
141 198
141 852
141 596
141 954
141 239
141 788
141 335
141 757
141 577
141 256
141 967
141 535
141 481
141 725
142 285
142 352
142 629
142 885
142 427
142 845
142 962
142 943
142 468
142 437
142 449
142 758
142 915
142 977
143 707
143 168
143 915
143 426
143 470
143 293
143 237
143 600
143 895
143 359
143 176
143 619
143 925
143 950
143 161
143 195
143 428
143 898
143 909
143 373
143 172
143 581
143 285
143 492
143 661
143 169
144 319
144 657
144 654
144 849
144 313
144 893
144 345
144 848
144 733
144 673
144 930
144 639
144 464
144 957
144 642
144 854
144 448
144 624
144 741
144 348
145 974
145 825
145 430
145 421
145 208
145 646
145 254
145 849
145 811
145 478
145 492
145 727
145 651
145 335
145 772
145 839
145 399
145 444
145 415
145 838
146 344
146 320
146 342
146 428
146 870
146 479
146 392
146 793
146 898
146 319
146 721
146 601
146 988
146 285
146 353
146 583
146 838
146 600
146 508
146 153
146 955
146 495
146 885
146 667
146 587
146 656
147 744
147 814
147 751
147 563
147 323
147 911
147 317
147 762
147 560
147 332
147 174
147 752
147 561
147 415
147 899
147 651
147 930
147 700
147 290
147 345
147 195
147 247
147 444
147 168
147 504
148 561
148 419
148 889
148 879
148 790
148 516
148 672
148 387
148 583
148 884
148 675
148 329
148 244
148 555
148 450
148 564
148 277
148 486
148 569
149 874
149 335
149 357
149 195
149 188
149 789
149 343
149 803
149 770
149 775
149 738
149 572
149 864
149 330
149 814
149 220
149 482
149 561
149 410
149 633
150 994
150 365
150 482
150 212
150 311
150 822
150 915
150 549
150 706
150 567
150 229
150 809
150 956
150 673
150 594
151 649
151 710
151 306
151 803
151 268
151 645
151 786
151 193
151 549
151 954
151 912
151 859
151 872
151 657
151 797
151 449
151 518
151 817
151 735
151 928
151 334
151 825
151 854
151 821
151 330
152 829
152 193
152 440
152 473
152 240
152 990
152 892
152 283
152 215
152 244
152 671
152 513
152 870
152 525
152 792
152 534
153 793
153 468
153 464
153 920
153 758
153 904
153 518
153 933
153 664
153 612
153 830
153 511
153 520
153 271
153 239
153 469
153 616
153 878
153 171
153 584
153 340
153 754
153 552
154 565
154 379
154 950
154 162
154 228
154 403
154 301
154 625
154 413
154 617
154 157
154 239
154 638
154 616
154 540
154 583
154 527
154 671
154 752
154 601
154 772
154 396
154 566
154 956
154 631
155 348
155 784
155 431
155 553
155 287
155 497
155 179
155 893
155 973
155 622
155 312
155 750
155 271
155 922
155 640
155 764
155 556
155 679
155 487
156 520
156 369
156 383
156 555
156 690
156 190
156 194
156 762
156 873
156 175
156 847
156 337
156 327
156 272
156 171
156 195
157 323
157 639
157 330
157 197
157 165
157 867
157 500
157 270
157 784
157 343
157 409
157 659
157 833
157 706
157 868
157 689
158 671
158 930
158 961
158 604
158 575
158 174
158 659
158 564
158 332
158 233
158 812
158 775
158 224
158 953
158 619
158 498
159 528
159 284
159 667
159 282
159 168
159 951
159 813
159 265
159 279
159 490
159 822
159 529
159 908
159 206
159 642
159 223
159 557
159 315
159 911
160 875
160 817
160 427
160 409
160 521
160 952
160 507
160 576
160 525
160 469
160 379
160 326
160 862
160 849
160 667
160 236
160 288
160 889
160 327
161 377
161 681
161 602
161 447
161 771
161 266
161 361
161 480
161 543
161 713
161 638
161 574
161 652
161 237
161 287
161 596
161 407
162 270
162 497
162 803
162 996
162 967
162 532
162 735
162 597
162 498
162 275
162 200
162 736
162 328
162 229
162 938
162 633
162 540
162 701
162 188
162 555
162 359
163 743
163 426
163 824
163 632
163 613
163 744
163 892
163 984
163 794
163 999
163 250
163 204
163 721
163 759
163 223
163 481
163 709
163 536
164 773
164 750
164 970
164 453
164 644
164 648
164 464
164 474
164 548
164 656
164 788
164 707
164 574
164 766
164 631
164 575
164 821
164 493
164 723
164 896
164 207
164 457
164 539
164 446
164 295
165 526
165 619
165 554
165 329
165 203
165 189
165 284
165 175
165 532
165 441
165 707
165 727
165 383
165 540
165 917
165 929
165 989
165 184
165 681
165 476
165 793
165 771
165 365
166 435
166 324
166 515
166 903
166 628
166 653
166 509
166 447
166 669
166 427
166 357
166 595
166 425
166 460
166 558
166 217
166 419
166 174
166 712
166 432
167 401
167 659
167 564
167 957
167 546
167 526
167 405
167 836
167 455
167 326
167 777
167 254
167 440
168 874
168 908
168 286
168 829
168 995
168 974
168 775
168 885
168 554
168 169
168 239
168 917
168 921
168 221
168 806
168 523
168 527
168 541
168 832
168 279
169 357
169 940
169 778
169 468
169 787
169 746
169 771
169 418
169 974
169 745
169 342
169 557
169 295
169 187
169 807
169 663
169 927
169 181
169 467
169 298
169 462
169 550
169 568
169 946
169 400
169 755
170 773
170 397
170 882
170 821
170 824
170 815
170 786
170 717
170 788
170 754
170 336
170 737
170 847
170 639
170 503
170 244
170 887
171 204
171 365
171 500
171 722
171 720
171 959
171 737
171 313
171 783
171 848
171 818
171 562
171 435
171 729
171 455
171 979
171 272
171 871
171 263
171 739
171 474
171 414
172 357
172 503
172 441
172 683
172 731
172 341
172 931
172 461
172 223
172 263
172 597
172 887
172 939
172 746
172 350
172 363
172 839
172 184
172 355
173 370
173 316
173 939
173 899
173 810
173 268
173 727
173 356
173 321
173 489
173 856
173 779
173 950
173 673
173 525
173 563
173 541
174 393
174 840
174 804
174 502
174 987
174 938
174 417
174 425
174 959
174 718
174 243
174 670
174 466
174 921
174 515
175 799
175 583
175 246
175 622
175 608
175 703
175 735
175 825
175 638
175 359
175 895
175 903
175 845
175 783
175 759
175 586
175 808
175 737
175 848
175 813
175 247
176 468
176 755
176 508
176 306
176 648
176 198
176 554
176 223
176 869
176 884
176 920
176 216
176 482
176 458
176 289
176 264
176 276
176 277
176 720
176 360
176 539
176 591
176 246
177 709
177 605
177 695
177 701
177 771
177 801
177 652
177 514
177 984
177 213
177 207
177 425
177 903
177 626
177 317
177 934
177 197
177 286
177 567
177 272
177 265
177 635
178 200
178 821
178 458
178 992
178 759
178 205
178 688
178 259
178 781
178 500
178 541
178 926
178 396
178 195
178 628
178 364
178 679
178 527
178 470
178 827
178 990
178 245
178 495
178 447
179 674
179 356
179 662
179 898
179 231
179 748
179 204
179 303
179 823
179 875
179 234
179 934
179 921
179 190
179 266
179 818
179 451
179 257
179 743
179 213
180 283
180 287
180 946
180 636
180 328
180 698
180 395
180 442
180 613
180 648
180 338
180 690
180 551
180 262
180 564
180 996
180 681
181 607
181 884
181 964
181 187
181 967
181 335
181 495
181 612
181 518
181 219
181 315
181 505
181 675
181 692
181 522
181 433
181 838
181 277
182 420
182 512
182 198
182 891
182 853
182 282
182 983
182 886
182 283
182 361
182 322
182 326
182 336
182 435
183 886
183 395
183 652
183 505
183 263
183 292
183 276
183 599
183 659
183 375
183 208
183 962
183 772
183 606
183 315
184 843
184 923
184 555
184 841
184 643
184 800
184 927
184 341
184 244
184 633
184 856
184 345
184 241
184 437
184 334
184 874
184 946
184 359
184 731
184 332
184 870
184 343
184 489
184 647
185 785
185 427
185 869
185 804
185 606
185 429
185 965
185 206
185 309
185 502
185 353
185 631
185 694
185 692
185 253
185 623
185 373
186 311
186 579
186 684
186 792
186 498
186 325
186 330
186 939
186 561
186 480
186 349
186 321
186 740
186 697
186 779
186 310
186 586
186 440
187 835
187 907
187 636
187 721
187 669
187 309
187 456
187 896
187 410
187 598
187 261
187 861
187 917
187 500
187 673
187 541
187 686
187 702
187 987
187 320
187 379
187 307
187 959
187 589
187 358
187 783
187 423
188 779
188 343
188 912
188 295
188 534
188 300
188 984
188 793
188 317
188 257
188 414
188 217
188 832
188 403
188 278
189 435
189 578
189 580
189 294
189 393
189 685
189 484
189 483
189 395
189 436
189 327
189 629
189 565
189 774
189 255
189 534
189 442
189 323
189 962
189 317
189 263
189 713
189 362
189 625
189 719
190 509
190 471
190 904
190 946
190 513
190 351
190 279
190 664
190 508
190 540
190 933
190 273
190 570
190 648
191 776
191 596
191 268
191 467
191 210
191 780
191 829
191 676
191 616
191 218
191 483
191 554
191 690
191 506
191 775
191 229
191 456
192 291
192 573
192 480
192 247
192 251
192 404
192 401
192 345
192 724
192 911
192 411
192 919
192 313
192 793
192 825
192 734
192 458
192 665
192 554
192 731
192 804
192 470
192 541
192 979
192 932
192 798
192 871
193 302
193 591
193 669
193 411
193 893
193 647
193 502
193 525
193 274
193 983
193 755
193 499
193 852
193 842
194 789
194 558
194 317
194 770
194 214
194 831
194 812
194 236
194 759
194 439
194 919
194 209
194 697
194 997
194 246
194 847
194 207
194 642
194 992
195 933
195 735
195 980
195 644
195 940
195 525
195 919
195 202
195 916
195 346
195 953
195 773
195 827
195 327
195 879
195 687
195 649
196 949
196 960
196 599
196 237
196 976
196 542
196 451
196 376
196 282
196 364
196 786
196 972
196 262
196 783
196 963
196 312
196 419
196 803
196 999
197 791
197 374
197 820
197 611
197 349
197 857
197 267
197 940
197 786
197 518
197 397
198 878
198 510
198 501
198 864
198 991
198 670
198 493
198 399
198 413
198 691
198 744
198 605
198 219
198 879
198 535
198 800
198 880
198 420
198 765
198 482
198 385
198 839
198 358
198 715
198 667
198 232
198 490
199 819
199 263
199 476
199 466
199 310
199 835
199 258
199 663
199 996
199 991
199 369
199 625
199 616
199 890
199 436
199 588
199 349
199 272
200 917
200 966
200 554
200 837
200 512
200 453
200 340
200 483
200 939
200 785
200 983
200 203
200 395
200 980
200 615
200 831
200 727
200 320
200 292
200 497
200 266
200 327
201 965
201 433
201 681
201 722
201 964
201 275
201 706
201 991
201 604
201 861
201 926
201 653
201 322
201 692
201 229
201 608
201 731
202 472
202 221
202 545
202 250
202 874
202 445
202 382
202 998
202 659
202 656
202 556
203 481
203 692
203 231
203 393
203 413
203 863
203 927
203 635
203 306
203 850
203 230
203 402
203 490
203 287
203 248
203 895
203 921
203 842
203 216
203 708
204 723
204 425
204 595
204 389
204 436
204 840
204 232
204 807
204 453
204 529
204 955
204 722
204 733
204 218
204 395
204 992
204 726
204 447
204 518
205 566
205 893
205 452
205 551
205 955
205 395
205 501
205 371
205 253
205 423
205 537
205 417
205 836
205 816
205 337
205 488
205 511
205 977
206 691
206 798
206 455
206 295
206 919
206 219
206 636
206 479
206 763
206 953
206 405
206 704
206 292
206 510
206 222
206 363
207 681
207 533
207 236
207 373
207 304
207 319
207 559
207 265
207 328
207 581
207 592
207 659
207 916
207 678
207 902
207 440
207 809
207 673
207 845
207 494
208 369
208 341
208 960
208 309
208 681
208 811
208 903
208 956
208 771
208 237
208 677
208 619
208 898
208 676
208 775
209 413
209 860
209 398
209 627
209 754
209 642
209 212
209 875
209 882
209 863
209 795
209 785
210 952
210 574
210 325
210 631
210 369
210 956
210 365
210 939
210 281
210 691
210 506
210 670
210 401
210 868
210 333
210 295
210 855
210 515
210 949
210 586
210 267
211 434
211 438
211 968
211 233
211 957
211 611
211 234
211 747
211 468
211 597
211 253
211 245
211 774
211 472
211 907
211 855
212 351
212 270
212 448
212 924
212 243
212 233
212 216
212 652
212 992
212 796
212 409
212 584
212 235
212 394
212 418
212 828
212 610
212 521
213 686
213 579
213 300
213 568
213 363
213 767
213 936
213 450
213 609
213 650
213 297
214 777
214 835
214 348
214 393
214 546
214 354
214 593
214 247
214 380
214 311
214 487
214 431
214 868
214 778
214 596
215 932
215 911
215 435
215 607
215 742
215 514
215 772
215 274
215 897
215 324
215 879
215 310
215 558
215 350
215 383
215 565
215 863
215 562
215 732
215 794
215 975
215 417
215 423
215 551
215 688
215 991
216 894
216 371
216 353
216 810
216 744
216 852
216 519
216 918
216 594
216 277
216 972
216 814
216 860
216 924
216 953
216 949
216 559
216 267
216 921
216 452
216 298
216 678
217 979
217 311
217 249
217 882
217 237
217 442
217 381
217 344
217 980
217 941
217 453
217 642
217 725
217 591
217 772
217 250
217 749
218 853
218 534
218 751
218 511
218 719
218 552
218 315
218 471
218 815
218 851
218 756
218 755
218 358
218 596
218 256
218 412
219 877
219 662
219 394
219 230
219 261
219 346
219 904
219 849
219 906
219 951
219 368
219 612
219 496
219 290
219 895
219 860
219 337
219 242
219 737
219 715
220 748
220 872
220 415
220 723
220 251
220 333
220 538
220 301
220 569
220 243
220 655
220 949
220 801
220 782
221 490
221 593
221 986
221 723
221 245
221 347
221 300
221 562
221 526
221 535
221 481
221 960
221 558
221 729
221 224
221 545
222 430
222 711
222 563
222 617
222 699
222 885
222 765
222 477
222 246
222 723
222 967
223 969
223 562
223 849
223 610
223 529
223 362
223 601
223 959
223 858
223 586
223 882
223 490
223 411
223 877
223 911
223 734
223 469
224 794
224 581
224 254
224 517
224 994
224 990
224 751
224 636
224 739
224 336
224 615
224 266
224 931
224 357
224 525
224 974
224 392
224 972
224 475
224 289
224 847
224 597
225 963
225 476
225 265
225 685
225 284
225 562
225 472
225 600
225 796
225 308
225 831
225 903
225 246
225 486
225 515
225 629
225 552
226 520
226 843
226 396
226 863
226 611
226 470
226 596
226 960
226 246
226 824
226 704
226 746
226 992
226 947
226 651
226 463
226 802
226 796
226 766
226 792
227 797
227 622
227 323
227 360
227 421
227 538
227 631
227 599
227 534
227 292
227 828
227 900
227 692
227 507
228 717
228 969
228 413
228 853
228 497
228 479
228 416
228 889
228 770
228 316
228 893
228 237
228 707
228 480
228 388
229 893
229 909
229 380
229 516
229 248
229 615
229 264
229 743
229 284
229 752
229 736
229 970
229 343
229 617
229 239
229 351
229 231
230 325
230 857
230 995
230 967
230 320
230 790
230 666
230 774
230 691
230 413
230 435
230 474
230 814
230 306
230 324
230 698
230 467
230 745
231 673
231 674
231 698
231 423
231 487
231 732
231 549
231 977
231 840
231 494
231 897
231 427
231 890
231 495
231 314
231 502
231 310
232 269
232 344
232 252
232 236
232 875
232 950
232 380
232 394
232 792
232 277
232 977
232 511
232 420
232 618
232 490
233 933
233 922
233 360
233 304
233 332
233 429
233 957
233 741
233 311
233 396
233 592
233 514
233 555
233 401
234 534
234 431
234 667
234 428
234 707
234 706
234 724
234 845
234 556
234 603
234 535
234 839
234 276
234 433
234 478
234 295
234 465
234 533
235 823
235 623
235 954
235 760
235 756
235 513
235 424
235 425
235 976
235 369
235 351
235 634
236 535
236 546
236 348
236 465
236 784
236 772
236 360
236 626
236 281
236 846
236 713
236 872
236 559
236 625
236 836
236 997
236 691
236 289
236 393
236 785
236 577
236 880
236 942
236 434
237 411
237 923
237 451
237 998
237 555
237 289
237 327
237 282
237 311
237 581
237 765
237 278
237 526
237 466
237 505
237 395
237 868
237 888
238 811
238 794
238 847
238 814
238 426
238 506
238 920
238 907
238 783
238 841
238 556
238 804
238 371
238 797
238 241
238 630
238 595
238 453
238 658
238 311
239 685
239 772
239 413
239 530
239 913
239 625
239 973
239 440
239 489
239 951
239 615
239 511
239 486
239 999
239 648
239 889
239 816
239 461
240 734
240 843
240 840
240 661
240 363
240 898
240 412
240 372
240 469
240 875
240 635
240 687
240 373
240 549
240 434
240 362
240 899
240 508
241 496
241 428
241 578
241 256
241 949
241 331
241 610
241 950
241 304
241 436
241 879
241 674
241 951
241 825
241 274
241 700
241 401
242 455
242 505
242 381
242 612
242 745
242 352
242 251
242 841
242 582
242 686
242 667
242 374
242 569
242 504
243 645
243 619
243 727
243 857
243 348
243 615
243 553
243 978
243 887
243 438
243 750
243 442
243 458
244 742
244 484
244 462
244 457
244 525
244 759
244 805
244 862
244 584
244 611
244 772
244 429
244 863
244 652
244 517
244 246
244 768
244 859
245 252
245 804
245 946
245 809
245 733
245 629
245 457
245 410
245 260
245 392
245 383
245 656
245 337
245 945
245 462
245 784
245 840
245 393
245 605
246 651
246 386
246 932
246 747
246 652
246 962
246 424
246 330
246 918
246 425
246 582
246 550
246 899
246 852
246 355
246 686
246 753
246 554
247 278
247 414
247 335
247 259
247 770
247 402
247 438
247 311
247 367
247 346
247 461
247 703
247 890
247 991
247 779
247 264
247 282
247 711
248 520
248 495
248 342
248 862
248 537
248 804
248 795
248 350
248 565
248 750
248 641
248 932
249 895
249 259
249 637
249 715
249 980
249 696
249 904
249 820
249 352
249 845
249 905
249 285
249 258
250 317
250 692
250 826
250 801
250 680
250 335
250 505
250 840
250 516
250 456
250 581
250 833
251 294
251 417
251 741
251 474
251 887
251 411
251 591
251 314
251 970
251 755
251 351
251 666
251 869
251 339
251 779
251 703
251 384
251 602
251 689
251 819
251 366
251 645
251 404
251 563
251 336
252 308
252 678
252 788
252 776
252 460
252 557
252 661
252 891
252 409
252 913
252 886
252 685
252 415
252 378
252 626
252 413
252 376
253 859
253 477
253 737
253 841
253 635
253 660
253 798
253 908
253 720
253 580
253 730
253 628
253 273
253 853
253 789
253 896
253 827
253 428
254 478
254 610
254 463
254 946
254 796
254 907
254 502
254 525
254 601
254 758
254 688
254 787
254 883
254 296
255 824
255 491
255 465
255 959
255 288
255 715
255 881
255 709
255 649
255 457
255 816
255 770
255 577
256 785
256 597
256 284
256 361
256 715
256 389
256 514
256 383
256 587
256 622
256 750
256 759
256 338
256 577
256 807
256 816
257 879
257 943
257 665
257 467
257 750
257 744
257 818
257 881
257 340
257 740
257 927
257 415
257 862
257 655
257 513
257 555
257 491
257 493
257 502
257 386
257 796
257 922
257 753
257 858
257 418
257 722
257 923
258 590
258 694
258 471
258 969
258 381
258 460
258 451
258 306
258 603
258 365
258 541
258 399
258 858
258 366
258 819
258 469
258 452
258 927
258 687
258 744
259 585
259 394
259 723
259 657
259 488
259 363
259 821
259 956
259 280
259 755
259 903
259 945
259 367
259 329
259 455
259 603
260 992
260 984
260 596
260 632
260 867
260 322
260 650
260 404
260 610
260 455
260 836
260 516
260 897
260 551
260 787
260 678
260 399
260 729
260 656
260 338
260 437
260 675
261 527
261 817
261 673
261 509
261 861
261 752
261 927
261 392
261 755
261 736
261 367
261 733
261 857
261 608
261 568
262 682
262 743
262 933
262 553
262 823
262 318
262 646
262 713
262 820
262 297
262 501
262 519
262 817
263 721
263 508
263 512
263 434
263 507
263 614
263 677
263 904
263 455
263 737
263 877
263 541
263 528
263 427
264 945
264 364
264 898
264 876
264 973
264 481
264 450
264 909
264 596
265 462
265 532
265 965
265 983
265 797
265 583
265 685
265 431
265 716
265 651
265 508
265 610
265 489
265 328
265 406
265 515
265 947
266 348
266 776
266 767
266 753
266 574
266 895
266 335
266 486
266 309
266 903
266 676
266 602
266 283
266 357
266 396
266 942
267 609
267 404
267 892
267 835
267 482
267 468
267 639
267 350
267 878
267 621
268 820
268 939
268 322
268 436
268 607
268 839
268 801
268 816
268 283
268 335
268 282
268 416
268 550
268 477
268 396
268 784
268 901
268 683
268 540
268 452
268 361
268 641
268 319
268 848
269 969
269 910
269 933
269 593
269 607
269 393
269 319
269 417
269 686
269 729
269 632
269 678
270 520
270 534
270 767
270 825
270 566
270 621
270 960
270 543
270 330
270 469
270 447
270 489
270 436
270 968
270 980
270 910
270 639
271 781
271 992
271 462
271 770
271 905
271 966
271 998
271 681
271 904
272 986
272 499
272 712
272 343
272 562
272 558
272 970
272 632
272 676
272 622
273 295
273 805
273 744
273 452
273 898
273 442
273 566
273 358
273 343
273 412
273 363
273 529
273 436
273 518
273 697
273 856
273 633
273 948
273 985
273 905
274 380
274 980
274 385
274 677
274 776
274 618
274 699
274 807
274 865
274 750
274 809
274 754
274 582
274 712
274 882
275 416
275 489
275 406
275 768
275 715
275 793
275 529
275 551
275 664
275 660
275 704
275 709
275 939
275 619
275 728
275 918
275 944
275 635
275 780
275 843
275 678
276 502
276 613
276 567
276 369
276 667
276 403
276 495
276 760
276 284
276 557
276 914
276 277
276 691
276 680
276 828
276 541
276 477
276 610
276 352
277 676
277 426
277 365
277 956
277 773
277 427
277 782
277 451
277 796
277 385
277 760
277 986
277 937
277 686
277 416
277 990
277 740
277 842
278 475
278 630
278 727
278 496
278 526
278 854
278 402
278 428
278 626
278 837
278 367
278 651
278 764
279 445
279 721
279 782
279 546
279 905
279 812
279 672
279 476
279 612
279 420
279 436
279 709
279 478
279 970
279 621
279 379
279 551
280 632
280 823
280 506
280 468
280 717
280 976
280 383
280 750
280 740
280 960
280 886
280 596
280 974
280 720
281 537
281 831
281 364
281 878
281 870
281 921
281 764
281 749
281 699
281 437
281 715
281 558
281 793
281 602
281 966
281 413
281 403
281 603
281 420
282 472
282 324
282 373
282 856
282 390
282 473
282 551
282 359
282 378
282 352
282 652
282 707
283 925
283 347
283 674
283 950
283 947
283 848
283 359
283 770
283 328
283 665
283 375
283 616
283 657
283 471
283 388
283 481
283 904
283 817
283 310
284 969
284 633
284 675
284 922
284 446
284 637
284 750
284 971
284 490
284 950
284 895
284 758
284 458
284 718
284 447
284 778
284 513
284 321
284 474
284 721
284 429
285 742
285 524
285 810
285 309
285 817
285 294
285 890
285 497
285 307
285 583
285 550
285 682
285 912
286 824
286 627
286 684
286 382
286 539
286 574
286 666
286 709
286 487
286 810
286 884
286 836
286 396
286 895
286 323
286 456
287 865
287 524
287 543
287 386
287 640
287 757
287 749
287 569
287 864
287 483
287 376
287 602
287 725
288 327
288 584
288 971
288 363
288 447
288 989
288 550
288 816
288 980
288 323
288 330
288 484
289 421
289 738
289 531
289 955
289 926
289 736
289 584
289 512
289 976
289 330
289 510
289 641
289 338
289 923
290 432
290 606
290 541
290 904
290 512
290 462
290 845
290 366
290 727
290 458
290 938
290 972
290 854
290 296
290 890
290 494
291 418
291 727
291 988
291 446
291 765
291 743
291 840
291 943
291 435
291 313
291 899
291 529
291 388
291 713
291 849
291 639
291 414
291 872
291 482
292 444
292 843
292 614
292 651
292 870
292 550
292 903
292 732
292 485
292 491
293 828
293 885
293 419
293 561
293 826
293 668
293 918
293 790
293 374
293 749
293 322
293 472
293 989
293 411
293 560
293 588
293 385
294 382
294 815
294 715
294 745
294 735
294 452
294 699
294 296
294 593
294 380
294 919
294 723
294 372
294 876
294 947
294 557
294 575
294 299
294 454
294 471
294 583
295 712
295 716
295 310
295 841
295 687
295 769
295 886
295 475
295 379
295 581
295 597
295 516
295 382
295 648
295 826
296 631
296 805
296 644
296 646
296 903
296 847
296 403
296 718
296 552
296 675
296 453
296 979
296 367
296 639
296 573
296 480
296 404
296 746
296 640
296 864
296 867
297 706
297 328
297 774
297 494
297 443
297 303
297 547
297 979
297 848
297 813
297 314
297 797
298 469
298 569
298 489
298 786
298 819
298 675
298 666
298 950
298 591
298 883
298 885
298 540
298 890
298 544
298 495
298 363
299 935
299 704
299 456
299 473
299 702
299 517
299 553
299 346
299 926
299 777
299 345
299 879
300 680
300 907
300 849
300 555
300 972
300 467
300 838
300 872
300 919
300 748
300 689
300 852
300 681
300 606
300 719
300 661
300 533
301 855
301 890
301 508
301 607
301 622
301 330
301 515
301 484
301 486
301 395
301 954
301 675
301 829
301 591
301 339
301 710
301 843
301 535
301 817
301 943
302 931
302 433
302 621
302 550
302 583
302 554
302 535
302 817
302 333
302 997
302 986
302 954
302 546
302 907
302 563
302 737
302 402
302 822
302 774
302 619
303 465
303 360
303 367
303 687
303 691
303 999
303 914
303 599
303 373
303 887
303 799
303 550
303 707
303 886
303 955
303 478
303 899
303 934
303 333
303 496
304 833
304 408
304 652
304 564
304 499
304 753
304 877
304 529
304 383
304 624
304 839
304 684
304 612
304 904
304 641
304 488
304 703
305 820
305 563
305 817
305 489
305 444
305 940
305 829
305 370
305 845
305 387
305 566
305 368
305 388
305 375
305 884
305 543
305 925
306 417
306 521
306 516
306 793
306 580
306 821
306 740
306 422
306 714
306 480
306 408
306 444
306 571
306 915
306 339
307 522
307 617
307 962
307 655
307 597
307 956
307 846
307 609
307 651
307 929
307 996
307 873
307 629
308 809
308 903
308 864
308 466
308 901
308 430
308 778
308 958
308 760
308 370
308 339
308 358
308 314
308 999
308 873
308 375
308 797
309 843
309 696
309 350
309 442
309 634
309 566
309 530
309 710
309 654
309 965
309 934
309 319
310 448
310 677
310 630
310 421
310 700
310 810
310 905
310 535
310 618
311 734
311 330
311 966
311 709
311 558
311 888
311 545
311 998
311 349
311 388
312 430
312 519
312 985
312 339
312 918
312 737
312 945
312 337
312 720
312 504
313 550
313 845
313 813
313 500
313 756
313 577
313 370
313 410
313 914
313 769
313 883
313 685
313 998
313 400
313 437
314 523
314 823
314 914
314 574
314 321
314 329
314 414
314 588
314 616
314 775
314 560
314 386
314 643
314 992
315 966
315 617
315 833
315 902
315 420
315 394
315 436
315 361
315 403
315 381
315 356
315 773
315 319
316 923
316 330
316 870
316 868
316 919
316 432
316 702
316 937
316 729
316 849
316 392
316 398
316 861
316 932
316 856
316 938
316 747
316 405
316 700
316 531
316 991
316 568
316 547
317 544
317 656
317 387
317 474
317 401
317 838
317 754
317 523
317 875
317 903
317 395
317 926
317 492
317 430
317 748
317 415
317 562
317 899
317 802
318 489
318 863
318 328
318 973
318 407
318 877
318 650
318 929
318 831
318 378
318 617
318 886
318 345
318 720
318 945
318 539
318 418
318 745
318 767
318 983
318 548
318 721
319 901
319 704
319 440
319 803
319 351
319 754
319 515
319 911
319 430
319 923
319 673
320 335
320 694
320 667
320 729
320 984
320 426
320 532
320 321
320 969
320 940
320 769
320 869
320 536
320 342
320 853
320 443
321 818
321 637
321 922
321 832
321 661
321 837
321 382
321 923
321 737
321 857
321 334
321 895
321 526
321 410
321 693
321 912
321 804
321 583
321 427
322 937
322 701
322 488
322 601
322 422
322 876
322 885
322 842
322 847
322 465
322 611
322 816
322 991
322 692
322 673
322 788
322 330
322 834
322 929
322 681
322 809
322 526
323 497
323 625
323 775
323 978
323 598
323 801
323 354
323 665
323 537
323 486
323 523
323 768
324 633
324 662
324 393
324 688
324 886
324 358
324 980
324 958
324 771
324 475
324 766
324 962
324 860
324 382
324 975
324 911
325 922
325 773
325 330
325 704
325 617
325 483
325 539
325 985
325 607
325 873
325 530
325 810
325 608
325 737
325 345
325 439
326 901
326 351
326 354
326 693
326 332
326 827
326 869
326 488
326 667
326 951
327 988
327 378
327 462
327 630
327 783
327 512
327 721
327 789
327 352
327 545
327 813
327 780
327 407
327 955
327 846
327 831
328 563
328 422
328 666
328 570
328 553
328 606
328 926
328 693
328 818
328 665
328 415
328 990
328 727
328 514
328 816
328 549
328 432
328 357
328 893
328 743
329 921
329 658
329 981
329 479
329 932
329 546
329 721
329 504
329 957
329 942
330 806
330 796
330 473
330 467
330 689
330 935
330 525
330 906
330 528
330 903
330 927
330 876
330 789
330 481
330 433
330 424
330 922
330 581
331 998
331 432
331 837
331 768
331 943
331 911
331 970
331 522
331 955
331 642
331 437
331 404
331 424
331 428
332 636
332 598
332 609
332 796
332 560
332 846
332 876
332 592
332 998
332 401
332 849
332 458
332 495
332 952
332 471
333 629
333 891
333 585
333 917
333 413
333 667
333 824
333 931
333 552
333 882
333 907
334 613
334 907
334 807
334 685
334 409
334 672
334 973
334 623
334 963
334 741
334 795
334 461
335 341
335 547
335 631
335 827
335 434
335 841
335 629
335 633
335 952
335 712
335 534
335 512
335 523
335 703
336 776
336 464
336 752
336 576
336 895
336 493
336 528
336 375
336 438
336 661
336 541
336 960
336 545
336 900
336 578
336 794
336 706
336 397
336 631
337 437
337 715
337 899
337 846
337 753
337 493
337 674
337 494
337 966
337 931
337 641
337 683
337 377
337 812
337 340
337 675
337 793
338 828
338 390
338 540
338 492
338 682
338 929
338 592
338 799
338 825
338 484
338 797
338 698
338 904
339 642
339 798
339 624
339 838
339 987
339 866
339 846
339 560
339 427
339 948
339 883
340 784
340 663
340 906
340 646
340 925
340 846
340 774
340 958
340 678
341 376
341 642
341 662
341 601
341 554
341 713
341 620
341 607
341 422
341 659
341 460
342 583
342 357
342 571
342 682
342 536
342 544
342 576
342 358
342 670
342 436
342 525
342 484
342 732
342 708
343 978
343 965
343 350
343 537
343 690
343 440
343 620
343 570
343 950
343 953
343 807
343 899
343 551
344 987
344 907
344 867
344 979
344 708
344 586
344 608
344 691
344 957
344 898
344 420
344 509
344 659
345 762
345 665
345 668
345 440
345 393
345 860
345 934
345 459
345 970
345 764
345 585
345 921
345 640
345 503
345 824
345 703
345 575
346 497
346 404
346 954
346 613
346 354
346 639
346 695
346 532
346 697
346 972
347 609
347 521
347 859
347 495
347 675
347 709
347 383
347 982
347 597
347 532
347 861
347 692
347 704
347 537
347 648
347 367
347 944
347 542
348 567
348 418
348 778
348 665
348 923
348 610
348 692
348 893
348 451
348 580
349 611
349 422
349 896
349 766
349 690
349 425
349 855
349 727
349 774
349 458
349 500
349 481
349 746
349 906
349 381
349 441
350 880
350 972
350 390
350 598
350 806
350 446
350 376
350 482
350 504
350 932
350 771
350 459
350 382
350 939
351 450
351 371
351 765
351 786
351 615
351 588
351 903
351 935
351 640
351 736
351 732
352 735
352 808
352 713
352 383
352 752
352 806
352 639
352 416
352 993
352 838
352 706
352 963
352 692
352 462
352 456
352 798
353 791
353 753
353 537
353 475
353 356
353 756
353 801
353 562
353 540
353 660
353 798
354 874
354 797
354 896
354 963
354 758
354 749
354 440
354 390
354 545
354 538
354 607
354 851
354 748
354 701
354 682
355 792
355 941
355 921
355 897
355 418
355 375
355 577
355 709
355 682
355 915
355 523
355 677
355 421
355 901
355 813
356 947
356 961
356 629
356 767
356 852
356 701
356 882
356 727
356 646
356 571
356 398
356 751
356 818
356 730
356 687
356 615
356 431
356 911
356 459
357 746
357 818
357 592
357 625
357 550
357 421
357 520
357 434
357 984
357 778
357 643
357 642
357 459
357 841
357 398
357 493
357 601
358 488
358 705
358 784
358 452
358 779
358 863
358 562
358 551
358 557
358 762
359 717
359 525
359 934
359 637
359 820
359 884
359 790
359 684
359 780
359 805
359 620
359 869
359 891
359 376
359 561
359 813
359 678
359 550
360 909
360 963
360 472
360 640
360 394
360 810
360 657
360 518
360 931
360 730
360 486
361 575
361 537
361 484
361 510
361 882
361 851
361 493
361 740
361 567
361 955
361 384
361 712
361 753
361 924
361 527
361 847
361 589
361 412
361 845
361 870
361 785
361 854
361 548
361 836
362 791
362 998
362 726
362 490
362 407
362 530
362 759
362 739
362 429
362 824
362 807
362 391
362 503
362 480
362 984
363 590
363 765
363 677
363 549
363 536
363 977
363 886
363 678
363 501
363 904
363 419
363 819
363 950
363 703
363 442
363 834
363 445
363 714
363 810
364 880
364 399
364 495
364 725
364 939
364 765
364 791
364 703
364 548
364 551
364 667
365 885
365 644
365 712
365 865
365 464
365 733
365 854
365 650
365 492
365 599
365 665
365 518
365 439
365 864
365 950
365 625
366 776
366 532
366 624
366 441
366 504
366 798
366 966
366 476
367 902
367 644
367 648
367 466
367 507
367 724
367 767
367 841
367 459
367 931
367 898
367 740
368 424
368 646
368 979
368 896
368 552
368 621
368 418
368 917
368 386
368 657
368 599
368 935
369 858
369 468
369 762
369 818
369 993
369 942
369 769
369 904
369 578
369 848
369 662
369 989
369 439
369 425
369 503
369 480
370 542
370 977
370 431
370 999
370 981
370 660
370 471
370 767
370 376
370 813
370 649
370 830
370 712
371 671
371 433
371 626
371 638
371 796
371 431
371 388
371 637
372 466
372 853
372 536
372 666
372 707
372 599
372 897
372 453
372 375
372 403
372 409
372 896
372 415
372 680
373 554
373 680
373 555
373 588
373 571
373 417
373 413
373 623
373 577
373 953
373 916
373 661
373 802
374 781
374 507
374 880
374 756
374 992
374 614
374 563
374 653
374 531
374 533
375 412
375 634
375 649
375 405
375 817
375 460
375 723
375 701
375 623
375 875
375 787
375 733
375 695
375 681
375 462
376 732
376 741
376 864
376 935
376 637
376 625
376 837
376 525
376 491
377 381
377 853
377 427
377 776
377 834
377 922
377 500
377 630
377 506
377 423
377 698
377 443
377 718
377 559
377 661
377 711
377 784
377 642
377 585
377 693
377 544
378 938
378 687
378 605
378 410
378 977
378 666
378 462
378 684
378 400
378 425
378 757
378 707
378 417
378 754
378 499
378 646
378 693
379 662
379 674
379 539
379 936
379 985
379 561
379 409
379 550
379 576
379 428
379 987
379 817
379 420
379 405
379 417
379 481
379 549
379 975
379 781
379 922
380 766
380 954
380 888
380 503
380 780
380 790
380 484
380 497
380 465
380 865
380 430
380 451
381 889
381 759
381 479
381 646
381 626
381 937
381 873
381 995
381 907
381 512
381 677
381 918
382 705
382 772
382 853
382 531
382 458
382 478
382 947
382 717
382 778
382 639
382 432
382 692
382 521
382 617
382 714
383 886
383 911
383 625
383 530
383 863
383 688
383 656
383 578
383 696
383 468
383 620
383 402
383 589
383 477
384 510
384 729
384 477
384 907
384 759
384 839
384 654
385 610
385 505
385 744
385 516
385 388
385 886
385 925
385 934
385 416
385 880
385 555
386 805
386 471
386 611
386 903
386 402
386 566
386 721
386 866
386 478
386 459
386 490
386 938
387 393
387 698
387 944
387 943
387 475
388 391
388 957
388 674
388 526
388 774
388 982
388 443
388 648
388 479
389 838
389 593
389 695
389 971
389 661
389 839
389 503
389 949
389 936
389 868
389 585
389 548
389 692
389 701
389 521
390 550
390 925
390 395
390 522
390 616
390 969
390 988
390 983
390 804
390 886
390 485
391 592
391 588
391 589
391 660
391 477
391 824
391 564
391 953
391 507
391 731
391 752
391 471
391 484
392 615
392 720
392 416
392 560
392 843
392 557
392 676
392 512
392 834
392 445
393 550
393 777
393 578
393 681
393 917
394 673
394 901
394 445
394 491
394 852
394 465
394 783
394 963
394 987
394 663
395 513
395 600
395 589
395 444
395 460
395 884
395 522
395 536
395 794
395 478
395 893
395 654
395 441
395 860
395 653
396 554
396 862
396 706
396 775
396 610
396 986
396 421
396 524
396 496
396 537
396 917
396 571
396 717
396 846
396 469
396 854
396 934
396 494
396 984
396 559
396 711
397 630
397 842
397 433
397 473
397 772
397 480
397 916
397 635
397 890
397 919
397 484
397 646
397 502
397 801
397 744
397 685
397 434
397 888
398 659
398 874
398 522
398 595
398 777
398 676
398 729
398 609
398 844
398 958
398 712
398 847
399 698
399 605
399 996
399 963
399 907
399 836
399 476
399 410
399 785
399 908
399 688
399 609
400 939
400 480
400 991
400 519
400 918
400 505
400 761
400 422
400 735
400 762
400 515
400 428
400 537
400 835
401 994
401 706
401 944
401 464
401 635
401 845
401 903
401 814
401 403
401 606
401 979
401 936
401 850
401 419
402 789
402 835
402 994
402 466
402 658
402 692
402 655
403 568
403 841
403 879
403 438
403 783
403 754
403 843
404 909
404 521
404 664
404 865
404 913
404 618
404 794
404 637
404 427
404 968
404 707
404 822
404 496
404 574
404 798
405 816
405 499
405 854
405 876
405 847
405 692
405 444
405 460
405 809
405 794
405 752
406 800
406 506
406 926
406 454
406 568
406 836
406 938
406 422
406 648
406 961
406 784
406 567
406 770
407 629
407 601
407 901
407 462
407 893
407 472
407 426
407 931
407 494
408 614
408 421
408 651
408 419
408 881
408 433
408 580
408 796
408 594
408 914
409 526
409 653
409 435
409 642
409 824
409 673
409 779
409 479
409 910
409 872
409 606
409 528
409 889
409 417
409 702
409 464
409 574
409 733
409 753
409 876
409 725
409 614
410 447
410 653
410 924
410 979
410 451
410 624
410 841
410 762
410 601
410 768
410 597
410 868
410 962
411 520
411 687
411 541
411 558
411 594
411 664
411 832
411 533
411 736
411 972
411 428
411 776
411 998
411 724
411 751
411 865
412 996
412 425
412 633
412 424
412 655
412 607
412 642
412 875
412 925
412 735
412 523
412 863
412 789
413 689
413 861
413 666
413 787
413 781
413 867
413 701
413 763
413 651
414 993
414 625
414 682
414 557
414 642
414 890
414 839
414 477
414 472
414 807
414 934
415 778
415 630
415 567
415 534
415 692
415 774
415 890
415 631
415 841
415 696
415 533
415 983
415 635
415 529
415 669
415 451
415 552
416 934
416 659
416 793
416 478
416 537
416 850
416 928
416 747
416 994
416 547
416 672
416 466
416 849
417 714
417 765
417 612
417 559
417 973
417 772
417 769
417 870
418 686
418 536
418 862
418 559
418 466
418 858
418 498
418 968
418 780
418 775
418 892
418 476
419 427
419 675
419 473
419 458
419 653
419 676
419 748
419 542
419 823
419 647
419 611
420 653
420 880
420 488
420 729
420 796
420 510
420 686
420 976
420 587
420 931
421 798
421 964
421 784
421 620
421 727
421 515
421 863
421 494
421 428
421 603
421 864
422 431
422 786
422 949
422 705
422 867
422 718
422 943
422 430
422 899
422 475
422 994
422 859
422 505
422 781
422 916
422 840
423 853
423 845
423 954
423 807
423 751
423 965
423 475
423 933
423 434
423 456
423 984
423 876
423 832
423 439
423 817
423 998
423 723
423 634
423 870
423 948
424 709
424 765
424 798
424 826
424 687
424 920
424 714
424 623
424 452
424 564
424 885
425 823
425 742
425 826
425 750
425 642
425 958
425 559
425 677
425 794
425 867
425 574
425 508
425 666
425 658
425 861
426 707
426 937
426 514
426 556
426 896
426 832
426 957
426 573
427 875
427 466
427 839
427 541
427 520
427 451
427 475
427 535
427 689
427 882
427 490
427 973
427 701
427 444
428 722
428 738
428 672
428 446
428 455
428 931
428 639
428 950
428 981
429 758
429 971
429 859
430 983
430 881
430 918
430 988
430 620
430 750
430 704
430 891
430 861
430 516
430 986
430 780
430 799
430 788
430 751
430 724
430 458
430 589
430 532
431 579
431 601
431 769
431 435
431 433
431 480
431 927
431 625
431 515
431 937
431 757
431 982
431 655
431 935
431 498
431 820
431 994
431 446
432 949
432 876
432 823
432 704
432 614
432 485
432 586
432 629
432 610
432 528
432 743
433 687
433 699
433 645
433 546
433 776
433 584
433 836
433 728
433 768
433 558
433 735
434 619
434 983
434 774
434 604
434 906
434 562
434 818
434 479
434 524
434 921
434 687
434 519
435 564
435 843
435 884
435 910
435 659
435 939
435 478
435 592
435 898
435 840
435 451
435 973
436 700
436 778
436 850
436 774
436 739
436 460
436 811
437 758
437 703
437 746
437 601
437 734
437 708
437 779
437 992
437 578
437 446
437 861
437 802
437 680
437 651
438 632
438 906
438 775
438 489
439 833
439 757
439 976
439 823
439 611
439 952
439 627
439 597
439 572
439 756
439 986
439 758
439 910
439 753
439 881
439 906
440 896
440 499
440 700
440 442
440 856
440 741
440 661
440 946
440 489
440 740
440 455
440 941
440 484
440 579
441 791
441 663
441 643
441 961
441 998
441 963
441 810
441 450
441 569
441 703
441 574
441 807
441 625
441 694
442 995
442 542
442 654
442 831
442 976
442 569
442 633
442 456
442 794
442 817
442 568
442 653
442 558
442 640
443 557
443 492
443 792
443 802
443 869
443 449
443 467
443 828
443 892
443 568
443 771
443 487
443 682
443 905
444 511
444 896
444 918
444 735
444 603
444 510
444 703
444 605
444 691
444 584
444 488
444 979
444 823
444 731
444 659
444 815
444 479
444 445
444 727
445 865
445 844
445 670
445 682
445 696
445 691
445 714
445 574
445 561
445 954
445 875
445 630
445 812
445 784
446 707
446 645
446 467
446 893
446 730
446 751
446 598
446 837
446 753
446 623
446 750
446 908
447 990
447 608
447 511
447 808
447 918
447 689
447 738
447 802
447 549
447 786
447 666
447 978
448 879
448 615
448 758
448 968
448 631
448 635
448 529
448 868
448 762
448 992
448 687
449 979
449 587
449 470
449 839
449 944
449 519
449 456
449 788
450 681
450 801
450 822
450 857
450 767
450 902
450 870
450 557
450 809
450 700
450 622
450 766
450 925
450 995
450 800
450 794
451 701
451 486
451 673
451 965
451 813
451 879
451 788
451 951
451 975
451 578
451 780
451 613
451 642
451 775
452 987
452 581
452 467
452 774
452 708
452 647
452 624
452 970
452 868
452 498
452 843
452 952
452 494
452 652
452 674
453 619
453 569
453 620
453 599
453 759
453 561
453 906
454 581
454 820
454 502
454 534
454 554
454 982
454 801
454 647
454 632
454 798
454 704
454 707
454 784
455 780
455 978
455 567
455 927
456 504
456 776
456 910
456 627
456 489
456 805
456 956
456 535
456 848
456 532
456 859
457 951
457 607
457 665
457 765
457 663
457 498
457 691
457 616
457 761
457 820
457 914
458 975
458 477
458 917
458 921
458 573
458 888
458 615
458 907
459 717
459 778
459 527
459 624
459 787
459 669
459 752
459 952
459 706
459 567
459 472
459 552
459 838
460 747
460 493
460 631
460 476
460 756
460 919
460 661
460 868
460 862
461 784
461 894
461 984
461 646
461 833
461 501
461 890
461 696
461 669
461 585
461 756
461 740
461 947
461 865
462 802
462 486
462 787
462 490
462 873
462 628
462 963
462 464
462 772
463 473
463 966
463 992
463 550
463 731
463 511
463 611
463 828
463 708
463 837
463 603
463 715
464 800
464 626
464 833
464 884
464 672
464 903
464 824
464 513
464 577
464 625
464 785
465 826
465 768
465 684
465 498
465 744
465 793
465 956
465 953
465 823
465 859
466 540
466 718
466 770
466 979
466 519
466 594
466 520
466 894
466 733
466 477
466 515
466 986
466 745
467 560
467 772
467 890
467 588
467 532
467 650
467 884
467 714
467 906
467 539
467 495
467 933
467 752
467 630
467 860
467 709
467 918
467 626
468 642
468 553
468 658
468 697
468 613
468 965
468 789
468 498
468 550
468 664
469 526
469 908
469 912
469 982
469 966
469 886
469 979
469 823
469 681
469 800
469 733
469 851
469 749
469 560
469 614
470 816
470 610
470 696
470 664
470 693
470 770
471 585
471 878
471 490
471 662
471 763
471 804
472 659
472 600
472 739
472 937
472 955
472 895
473 567
473 882
473 585
473 965
473 599
473 953
473 974
473 574
473 824
473 499
473 941
473 860
473 762
473 643
473 932
473 745
474 505
474 706
474 962
474 734
474 542
474 983
474 950
474 527
474 961
475 587
475 696
475 637
475 945
475 487
475 617
475 879
475 929
475 872
475 583
475 591
475 585
475 920
475 714
476 602
476 567
476 983
476 826
476 899
476 909
476 623
476 914
476 649
476 919
476 740
477 609
477 875
477 566
477 593
477 851
477 734
477 546
477 853
477 997
477 688
477 646
477 582
477 526
477 614
477 630
477 967
478 803
478 908
478 696
478 772
478 758
478 676
478 685
478 669
478 721
478 544
478 683
478 576
478 788
478 679
478 748
478 957
479 853
479 840
479 580
479 836
479 731
479 957
479 952
479 498
479 912
479 953
479 695
479 978
479 622
479 675
479 592
479 588
479 850
480 769
480 513
480 836
480 683
480 674
480 524
480 490
480 709
480 967
480 801
480 806
480 980
480 682
481 821
481 684
481 901
481 496
481 808
481 816
481 598
481 532
481 523
481 832
481 641
481 609
482 592
482 615
482 932
482 712
482 938
482 526
482 697
482 507
482 828
482 973
482 856
482 816
482 848
482 540
482 866
482 757
483 729
483 675
483 963
483 785
483 690
483 736
483 525
483 562
483 668
483 987
483 538
483 585
483 620
483 511
483 599
483 642
483 964
484 639
484 782
484 696
484 752
484 633
484 997
484 744
484 747
485 546
485 845
485 860
485 723
485 987
485 745
485 785
485 700
485 800
485 532
485 815
485 840
485 999
486 943
486 677
486 939
486 891
486 752
486 533
486 694
486 535
486 733
486 521
486 617
487 996
487 769
487 647
487 895
487 858
487 770
487 672
487 822
487 641
487 993
488 848
488 760
488 501
488 708
488 777
488 862
488 607
488 788
488 709
488 768
489 579
489 534
489 811
489 953
489 630
489 994
489 620
489 634
489 946
489 704
489 752
489 842
489 978
489 864
489 995
490 621
490 635
490 851
490 648
490 836
490 682
491 767
491 921
491 841
491 602
491 689
492 529
492 682
492 794
492 540
492 946
492 664
492 514
492 624
492 676
492 905
492 980
492 973
492 738
492 536
492 993
492 895
492 969
493 977
493 894
493 851
493 926
493 501
493 945
493 524
493 896
493 987
493 573
494 583
494 714
494 516
494 850
494 725
494 696
494 783
494 797
494 637
494 910
494 862
494 746
495 634
495 858
495 770
495 769
495 695
495 605
495 818
495 993
495 899
495 876
495 895
495 994
495 883
495 638
495 898
495 932
495 523
495 779
496 969
496 980
496 520
496 944
497 628
497 938
497 952
497 560
497 576
497 674
497 830
497 738
497 778
497 621
497 685
497 584
497 554
497 955
498 954
498 786
498 756
498 587
498 596
498 978
498 748
498 686
498 919
498 894
498 729
498 857
498 577
499 580
499 523
499 554
499 812
499 658
499 765
499 737
499 863
499 637
499 558
499 559
500 632
500 634
500 803
500 539
500 855
500 907
500 608
500 807
501 879
501 990
501 691
501 517
501 594
501 788
501 772
501 800
501 954
502 662
502 793
502 838
502 755
502 504
502 595
502 834
502 905
502 776
502 635
502 892
503 891
503 583
503 958
503 649
503 720
503 897
503 749
503 621
503 745
503 590
503 608
503 538
503 966
504 544
504 712
504 789
504 514
504 970
504 944
504 629
504 921
504 958
505 748
505 603
505 605
505 623
505 716
505 814
505 890
505 627
505 520
505 592
505 776
505 575
505 783
505 700
505 949
505 867
505 634
506 607
506 876
506 826
506 837
506 993
506 991
506 865
506 892
507 813
507 785
507 580
507 561
507 779
507 791
507 704
507 768
507 778
507 914
507 563
507 868
507 956
507 727
508 548
508 566
508 914
508 601
508 672
508 946
508 911
508 594
508 519
509 885
509 951
509 527
509 556
509 572
509 641
509 655
509 952
509 682
509 980
510 555
510 836
510 992
510 747
510 948
511 643
511 931
511 775
511 580
511 568
511 865
511 913
511 885
511 563
511 584
511 558
511 934
511 590
511 967
511 794
511 981
511 526
511 970
511 746
512 633
512 938
512 702
512 660
512 916
512 748
512 700
512 831
512 862
512 637
512 695
512 830
512 740
512 706
513 903
513 898
513 775
513 629
513 929
513 966
513 548
514 825
514 824
514 576
514 556
514 936
514 647
514 924
514 944
514 691
514 616
514 809
514 946
514 928
515 611
515 885
515 739
515 888
515 789
515 989
516 778
516 682
516 675
516 697
516 684
516 818
516 633
516 644
517 535
517 872
517 629
517 551
517 795
517 718
517 689
517 624
518 550
518 912
518 797
518 768
518 958
518 721
518 722
518 549
518 761
518 612
518 840
519 868
519 865
519 721
519 692
519 969
519 559
519 647
519 543
519 943
519 705
519 773
519 851
519 690
520 693
520 757
520 728
520 697
520 604
520 637
520 600
520 805
521 618
521 709
521 698
521 880
521 649
521 660
521 600
521 552
521 729
522 702
522 716
522 754
522 561
522 890
522 671
522 908
522 865
523 874
523 572
523 754
523 910
523 871
523 686
523 714
523 836
523 851
523 607
523 813
523 684
523 597
524 802
524 676
524 771
524 708
524 930
524 673
524 812
524 803
525 630
525 912
525 962
525 834
525 627
525 891
525 601
525 970
525 860
525 783
525 575
525 937
526 703
526 648
526 676
526 830
527 944
527 925
527 742
527 928
527 590
527 838
527 911
527 919
527 703
528 716
528 888
528 571
528 836
528 572
528 913
528 990
528 944
529 764
529 577
529 676
529 544
529 913
529 909
530 591
530 939
530 896
530 697
530 648
530 991
530 592
530 929
530 634
530 846
530 669
530 555
530 804
531 744
531 573
531 605
531 949
531 553
531 922
531 738
531 664
531 973
531 568
532 602
532 918
532 717
532 982
532 973
532 805
532 861
532 971
532 951
532 566
532 889
532 828
533 731
533 547
533 813
533 887
533 907
533 551
533 781
533 728
533 808
534 644
534 618
534 714
534 741
534 617
534 704
534 826
534 743
534 716
535 882
535 706
535 724
535 637
535 659
535 703
535 801
535 606
535 975
535 991
535 632
535 969
535 668
535 595
536 552
536 822
536 812
536 954
536 916
536 683
536 646
536 963
537 999
537 585
537 755
537 996
537 739
537 949
537 758
537 688
537 753
537 956
537 850
537 743
538 642
538 823
538 881
538 773
538 787
538 998
538 999
539 792
539 693
539 624
539 908
539 954
539 956
539 988
539 728
539 583
540 903
540 574
540 966
540 587
540 723
540 579
540 828
540 910
540 844
540 631
540 543
540 772
541 862
541 553
541 590
541 710
541 621
541 708
541 882
541 972
541 581
541 616
541 669
541 600
541 620
542 770
542 975
542 648
542 645
542 607
542 610
542 582
542 757
542 867
542 682
542 786
542 856
542 823
542 986
543 644
543 847
543 905
543 928
543 608
543 900
543 762
544 642
544 568
544 700
544 862
544 963
544 648
544 663
544 814
544 889
544 995
544 987
544 667
545 556
545 699
545 716
545 906
545 583
545 713
545 576
545 776
545 983
545 793
545 911
546 987
546 951
546 563
546 876
546 624
546 656
547 740
547 788
547 865
547 863
547 674
547 932
547 614
548 980
548 675
548 686
548 631
548 769
548 682
548 863
548 727
548 919
548 790
548 700
548 845
548 560
548 762
548 797
549 973
549 661
549 679
549 643
549 635
549 763
549 820
550 641
550 864
550 834
550 696
550 605
551 588
551 855
551 878
551 706
551 782
551 783
551 925
551 553
551 634
552 641
552 799
552 595
552 986
552 883
552 663
552 671
552 636
552 790
552 819
552 843
552 706
552 622
552 881
553 798
553 567
553 628
553 861
553 609
553 631
554 872
554 590
554 713
554 653
554 718
554 706
554 826
554 773
554 907
555 661
555 935
555 664
555 608
555 564
555 630
555 841
555 895
555 818
555 923
555 666
555 599
556 954
556 650
556 657
556 564
556 799
556 967
556 898
556 592
556 906
556 709
556 625
556 632
556 845
556 759
556 994
557 763
557 901
557 783
557 665
557 917
557 709
557 877
557 795
557 883
557 833
557 704
557 641
557 732
557 685
557 787
558 666
558 793
558 698
558 600
558 642
558 906
558 755
558 687
558 838
558 812
558 758
558 899
559 973
559 773
559 681
559 628
559 774
559 660
559 739
559 886
559 632
559 586
559 787
559 854
559 688
559 834
560 634
560 704
560 917
560 962
560 686
560 796
560 776
561 729
561 803
561 967
561 751
561 760
561 904
561 906
561 665
561 811
561 931
562 671
562 856
562 708
562 893
562 777
562 702
562 646
562 674
562 847
562 944
562 748
563 842
563 825
563 616
563 661
563 603
563 657
563 635
563 827
563 749
563 970
563 959
563 966
563 770
563 937
563 932
563 857
563 969
564 917
564 774
564 818
564 868
564 612
564 581
564 704
564 840
565 604
565 704
565 827
565 954
565 662
565 815
565 925
565 880
565 778
565 929
566 892
566 844
566 701
566 894
566 954
566 604
567 973
567 891
567 866
567 957
567 626
567 826
567 955
567 602
568 593
568 686
568 674
568 898
568 845
568 835
568 813
568 920
569 780
569 856
569 616
569 913
569 975
569 879
569 880
569 877
569 956
569 778
569 575
569 815
570 683
570 878
570 976
570 830
570 901
570 753
570 640
570 914
570 803
570 876
570 898
571 994
571 973
571 892
571 820
572 652
572 954
572 949
572 646
572 894
572 617
572 877
572 868
573 833
573 640
573 988
573 647
573 699
573 960
573 911
573 731
573 625
574 941
574 703
574 709
574 734
574 966
574 915
574 759
575 751
575 942
575 667
575 600
575 624
575 698
575 954
575 757
576 731
576 582
576 702
576 705
576 770
576 855
576 998
576 746
576 908
576 585
576 647
576 826
577 725
577 903
577 970
577 947
577 820
577 943
577 647
577 961
577 595
578 811
578 636
578 614
578 841
578 693
578 837
578 856
578 777
578 661
578 722
578 823
578 638
578 581
579 713
579 745
579 979
579 587
579 640
579 824
579 760
579 614
579 941
579 772
580 893
580 970
580 618
580 610
580 848
580 739
580 990
580 734
581 899
581 848
581 911
581 917
581 994
581 699
581 724
581 916
581 980
581 709
581 840
582 653
582 821
582 940
582 585
582 688
582 719
582 694
583 664
583 966
583 842
583 945
583 743
583 724
584 942
584 645
584 746
584 664
584 881
584 848
584 960
584 920
585 635
585 785
585 586
585 734
585 721
585 802
585 898
585 753
585 804
585 888
585 988
585 949
585 933
586 767
586 595
586 676
586 970
586 598
586 894
586 680
587 999
587 897
587 853
587 954
587 889
587 692
587 900
588 708
588 789
588 815
588 644
588 766
588 714
588 786
588 752
588 974
588 905
589 695
589 642
589 972
589 853
589 868
589 915
590 693
590 820
590 665
590 782
590 835
591 641
591 630
591 614
591 930
591 846
591 804
591 909
591 707
591 831
591 916
592 701
592 945
592 874
592 965
592 769
592 984
593 891
593 909
593 631
593 871
593 817
593 900
593 645
593 840
593 966
593 911
593 846
593 827
593 831
593 985
594 662
594 623
594 732
594 601
594 659
594 922
595 662
595 875
595 811
595 874
595 611
595 605
595 923
595 639
595 682
595 999
595 691
595 725
595 814
595 771
596 657
596 815
596 931
596 898
596 654
597 993
597 950
597 646
597 867
597 865
597 828
597 638
597 628
597 986
597 765
597 607
598 771
598 870
598 819
598 878
599 712
599 728
599 607
599 948
599 928
599 888
599 609
599 622
599 946
599 685
600 862
600 818
600 907
600 726
601 903
601 923
601 689
601 799
601 775
601 975
602 950
602 875
602 799
602 782
602 816
602 914
602 639
603 665
603 671
603 879
603 818
603 672
603 962
603 747
603 703
603 989
604 656
604 773
604 732
604 795
604 735
604 703
604 637
604 913
604 768
604 850
605 841
605 623
605 692
605 810
605 932
605 945
605 829
605 887
605 805
606 618
606 767
606 829
606 900
606 857
606 851
606 818
606 926
606 974
607 798
607 713
607 732
607 691
607 695
607 746
607 920
607 956
607 879
608 811
608 859
608 653
608 967
608 713
608 620
608 885
608 772
608 675
608 744
609 940
609 730
609 725
609 966
609 735
609 912
609 947
609 777
609 860
609 936
609 958
609 986
609 803
609 898
609 726
610 669
610 891
610 932
610 641
610 983
610 931
610 883
611 834
611 762
611 830
611 975
611 721
611 744
611 960
611 666
611 886
611 747
611 850
612 658
612 707
612 618
612 847
612 704
612 994
612 977
613 975
613 810
613 666
613 621
613 880
613 749
613 847
613 885
614 717
614 884
614 965
614 915
614 882
614 795
614 992
614 865
614 888
614 629
614 928
614 923
614 652
614 701
615 956
615 659
615 957
615 875
615 970
615 775
615 891
615 992
615 959
616 913
616 990
616 875
616 627
616 725
616 695
616 713
616 923
616 774
616 722
616 839
616 912
616 645
616 964
616 828
617 889
617 681
617 797
617 756
617 734
617 878
617 719
617 786
617 970
617 689
618 722
618 919
618 848
618 978
618 771
618 659
618 703
618 786
619 638
619 651
619 644
619 624
619 890
619 839
619 814
619 665
619 824
619 977
619 685
619 993
619 910
620 795
620 926
620 750
620 680
620 873
620 855
620 799
621 861
621 738
621 893
621 702
622 651
622 716
622 909
622 787
622 704
622 804
622 967
622 970
622 885
622 699
622 982
622 872
622 801
623 952
623 992
623 735
623 827
623 878
623 704
623 628
623 859
623 773
623 960
623 819
623 677
623 937
623 790
623 700
624 854
624 745
624 651
624 806
624 963
624 741
624 770
625 931
625 935
625 711
625 702
625 970
625 923
625 834
625 697
625 724
625 892
625 839
626 782
626 678
626 670
626 875
626 684
627 782
627 830
627 951
627 995
627 887
627 845
627 923
627 928
628 845
628 706
628 884
628 804
628 761
628 830
628 673
628 735
629 722
629 994
629 917
629 761
629 974
629 735
629 681
629 947
629 733
629 711
630 725
630 906
630 735
630 955
630 936
630 919
630 916
630 710
631 952
631 779
631 672
631 786
631 901
631 991
632 659
632 642
632 690
632 758
632 669
632 872
632 726
632 655
632 908
632 709
632 964
632 971
633 814
633 947
633 804
633 981
633 647
633 993
633 792
634 698
634 644
634 900
634 747
634 953
635 819
635 863
635 723
635 748
635 753
635 725
635 667
635 824
635 677
636 762
636 710
636 829
636 976
636 867
636 847
636 931
636 783
637 906
637 989
637 841
637 890
637 845
637 718
637 836
637 795
638 743
638 772
638 715
638 653
638 901
638 951
638 877
639 714
639 888
639 746
639 891
639 683
639 873
639 944
639 895
640 956
640 684
640 749
640 796
640 897
640 946
640 921
641 753
641 900
641 732
641 865
641 796
641 945
641 747
641 847
641 766
642 652
642 978
642 964
642 917
642 686
642 925
642 897
642 670
642 920
642 689
642 777
642 955
642 649
642 709
643 993
643 731
643 956
643 957
643 710
643 882
644 655
644 831
644 897
644 755
644 645
644 868
644 737
644 689
645 807
645 971
645 814
645 946
646 860
646 902
646 709
646 738
646 732
646 817
646 936
646 869
646 661
646 847
647 796
647 923
647 870
647 910
647 776
647 654
647 653
648 890
648 690
648 776
648 704
648 802
648 765
648 945
649 960
649 766
649 731
649 849
649 983
649 708
650 992
650 918
650 791
650 932
650 855
650 774
650 801
650 718
651 929
651 893
651 734
651 837
651 973
652 735
652 947
653 928
653 699
653 867
653 722
653 828
653 832
653 898
653 688
653 864
653 904
653 972
653 765
653 687
654 838
654 737
654 782
654 989
654 861
654 715
654 839
655 878
655 715
655 730
655 833
655 813
655 670
655 932
655 748
655 806
656 944
656 847
656 733
656 709
656 662
656 868
656 680
656 734
656 752
656 785
656 815
657 856
657 945
657 783
657 840
657 789
657 900
657 847
658 711
658 770
658 920
658 760
658 919
658 707
658 725
658 688
658 718
659 733
659 983
660 758
660 776
660 664
660 982
660 683
660 861
660 858
660 894
660 976
661 901
661 857
661 853
661 826
662 974
662 761
662 742
662 717
662 701
662 805
662 726
662 820
662 976
663 888
663 880
663 844
663 734
663 933
664 987
664 691
664 988
664 739
664 905
664 736
665 721
665 941
666 712
666 984
666 962
666 754
666 983
666 866
666 786
667 929
667 959
667 967
667 908
667 928
667 912
668 728
668 928
668 811
668 918
668 809
668 746
668 690
668 791
668 974
668 816
669 983
669 715
669 935
669 673
669 907
669 954
669 823
669 831
670 999
670 825
670 691
671 752
671 889
671 748
671 807
671 715
671 783
671 764
671 841
672 702
672 950
673 999
673 738
673 743
673 994
673 783
673 732
673 933
673 880
673 751
674 810
674 914
674 733
674 872
674 713
674 968
674 678
674 844
674 984
675 882
675 758
675 738
675 971
675 850
675 680
676 747
676 898
676 843
676 734
676 871
676 822
677 690
677 825
677 758
677 704
677 782
677 789
677 785
678 810
678 925
678 804
678 739
679 807
679 883
679 723
679 971
679 704
680 872
680 718
681 976
681 862
681 959
681 730
681 791
682 930
682 703
682 939
682 723
682 945
682 873
682 948
683 696
683 797
683 868
683 918
683 710
683 958
683 687
683 931
683 944
683 717
683 719
683 988
684 836
684 708
684 878
684 867
684 874
684 746
685 856
685 963
685 839
685 906
685 771
685 757
685 727
685 805
686 884
686 871
686 768
686 984
686 739
686 870
686 906
686 828
687 850
688 797
688 922
688 928
688 961
688 798
689 945
689 851
689 827
689 864
689 925
690 950
690 896
690 844
690 814
690 758
690 916
690 777
690 766
690 725
691 940
691 758
691 959
691 906
691 813
691 892
691 981
692 991
692 757
692 720
692 838
692 953
692 883
693 986
693 703
693 793
694 864
694 974
694 994
695 992
695 870
695 830
695 936
695 991
695 998
695 939
695 764
695 872
695 761
695 778
696 750
696 979
696 835
697 984
697 976
697 996
697 830
697 806
697 797
698 944
698 800
698 980
698 736
698 892
698 796
698 993
698 883
699 872
699 750
699 946
699 749
699 879
699 704
699 972
700 713
700 920
700 893
700 714
701 860
701 884
701 758
701 811
702 983
702 835
702 823
702 954
702 982
703 973
703 947
703 936
703 805
703 736
703 910
703 912
704 908
704 835
704 733
704 849
704 969
705 815
705 819
705 915
705 719
705 827
705 972
706 810
706 736
706 727
706 802
706 946
706 967
707 893
707 942
707 972
707 993
707 846
707 794
707 739
707 827
707 760
707 747
707 756
707 836
708 764
708 997
708 988
708 955
708 884
708 919
708 828
708 995
708 851
709 802
709 970
709 776
709 714
709 767
709 734
710 887
710 800
710 734
710 876
710 804
710 893
710 729
711 765
711 930
711 856
711 910
711 799
711 783
711 865
711 786
711 929
712 896
712 927
712 824
712 756
712 974
712 975
712 901
712 749
712 965
712 867
712 924
712 985
713 854
713 955
713 907
713 822
713 982
713 881
713 799
713 845
713 811
713 926
713 984
713 996
714 855
714 825
714 765
714 971
715 832
715 717
715 987
715 926
715 827
715 951
715 974
715 821
715 857
716 879
716 928
716 878
716 761
716 866
717 840
717 742
717 801
717 764
717 820
717 957
717 821
718 824
718 950
718 754
718 889
718 949
719 767
719 910
719 948
719 847
719 984
719 734
719 836
720 809
720 810
720 982
720 957
720 950
720 858
721 885
721 922
721 861
721 740
721 739
721 778
722 786
722 877
722 907
722 843
722 860
722 945
723 898
723 941
723 912
723 774
724 838
724 991
724 934
725 841
725 732
725 852
725 968
725 740
726 776
726 793
726 806
726 912
726 765
726 975
727 789
727 756
727 949
727 922
727 996
727 963
728 973
728 737
728 734
728 739
728 766
728 894
728 925
728 958
728 844
729 833
729 910
729 991
729 934
729 802
729 949
730 872
730 820
730 828
730 798
730 983
731 858
731 945
731 872
732 758
732 926
732 796
732 829
732 897
733 887
733 963
733 867
733 768
733 954
733 912
734 738
734 983
734 975
734 977
734 739
734 969
734 941
734 918
734 954
734 896
735 966
735 837
735 858
736 926
736 849
736 901
736 910
736 808
736 826
736 863
736 819
736 837
736 998
737 769
737 862
737 795
737 754
737 908
737 926
737 861
737 761
737 854
738 930
738 885
738 879
738 808
738 748
739 852
739 898
739 799
740 919
740 747
740 992
740 753
740 986
740 916
740 915
741 757
741 962
741 851
741 877
741 991
742 936
742 819
742 821
742 813
743 905
743 809
743 807
743 838
744 761
745 774
745 746
745 976
745 847
746 971
746 772
746 901
746 931
746 856
746 933
746 799
746 859
747 900
747 824
747 793
747 750
747 881
747 875
747 819
748 772
748 934
748 990
748 770
748 802
748 884
748 980
749 952
749 773
749 786
749 980
750 922
750 868
750 907
750 897
750 784
750 777
750 921
751 816
751 905
751 932
751 895
751 953
751 872
751 938
752 956
752 877
752 779
752 780
752 815
752 865
752 893
752 945
752 798
752 777
752 801
753 852
753 994
753 928
753 977
753 894
753 884
753 924
754 892
754 775
754 859
754 785
754 887
754 864
754 816
755 774
755 838
755 813
756 911
756 774
756 966
756 834
757 865
757 975
757 831
758 775
758 839
758 849
758 945
758 778
758 759
758 818
758 813
758 784
758 790
759 858
759 831
760 781
760 829
760 798
760 981
760 901
761 947
761 794
761 976
761 926
761 812
761 800
761 900
761 817
762 997
762 800
762 769
762 924
762 859
762 771
763 873
763 836
763 784
763 874
763 955
763 772
764 950
764 778
764 771
764 975
765 886
765 952
765 908
765 812
765 791
767 995
767 917
767 934
767 881
767 918
768 901
768 862
768 968
768 849
768 822
768 931
768 928
769 781
769 884
769 782
769 887
769 927
769 958
770 819
770 932
770 865
770 992
771 868
771 970
771 850
771 780
771 901
771 964
772 998
772 978
772 873
772 912
773 929
773 945
773 862
773 859
773 827
773 956
773 810
774 788
775 896
775 793
775 932
775 799
776 919
776 829
776 873
777 946
777 973
777 865
777 822
777 806
777 878
777 898
777 945
777 989
778 964
778 822
779 866
779 844
780 887
780 812
780 987
780 817
780 945
780 824
781 875
781 895
782 887
782 996
782 822
782 886
783 823
783 908
783 883
783 866
783 848
783 796
784 843
784 966
784 939
785 968
785 911
785 963
785 840
785 872
785 952
786 918
786 830
786 843
787 989
787 943
787 825
787 851
787 893
787 981
788 806
788 987
788 938
789 997
789 849
789 951
789 822
790 821
790 995
790 983
790 878
791 921
791 874
791 826
791 796
792 798
792 869
792 848
792 937
792 843
792 892
793 944
793 897
793 986
794 978
794 930
795 876
795 979
795 820
795 861
795 917
796 895
796 908
796 879
797 945
797 938
797 981
797 852
798 955
798 959
798 958
798 882
798 999
798 972
798 948
798 938
798 902
798 914
798 934
798 932
798 841
799 835
799 845
799 910
799 967
799 832
800 975
800 933
801 804
801 919
801 861
802 932
802 884
803 865
804 915
805 841
805 887
805 854
805 950
805 827
805 974
805 821
806 972
806 926
806 960
806 900
806 848
807 840
807 809
807 861
807 826
808 933
808 922
808 892
808 894
809 921
809 968
809 863
810 978
810 887
811 911
812 935
812 864
812 933
812 896
812 931
812 891
812 923
812 883
813 911
813 873
813 839
813 992
813 868
814 910
814 816
814 963
814 864
814 952
814 968
814 907
815 916
815 816
815 820
816 923
816 967
816 922
816 817
817 975
817 845
817 947
817 841
817 998
818 854
818 857
818 985
818 871
819 848
819 884
819 894
819 841
819 925
819 825
820 983
820 940
820 867
821 964
821 983
821 869
821 953
822 965
822 917
822 992
822 984
822 980
822 997
823 974
823 877
823 944
823 935
824 893
824 855
824 892
825 896
825 890
825 902
826 968
826 999
826 938
826 946
826 846
827 932
827 880
827 920
827 863
827 871
828 938
828 864
829 918
830 967
830 924
830 939
830 922
830 857
831 992
831 975
831 991
831 994
831 935
831 911
832 865
832 841
832 851
832 992
832 919
833 849
833 865
833 879
833 973
833 882
834 981
834 914
834 858
834 924
835 901
835 911
835 958
835 955
835 840
836 931
837 871
837 986
838 861
838 858
839 871
839 850
840 908
840 896
840 991
840 921
841 944
841 892
841 861
841 854
841 869
841 843
842 995
842 941
842 892
842 890
842 852
842 877
842 955
842 866
842 900
842 946
842 881
842 986
842 869
843 878
843 931
844 957
844 873
844 913
845 882
845 944
845 910
846 958
846 878
847 890
847 873
847 968
848 962
848 915
849 959
849 879
850 989
850 949
850 914
850 948
850 937
851 867
851 920
851 973
851 963
852 914
852 856
852 933
852 901
852 890
853 908
853 995
853 946
853 989
854 931
854 976
854 905
854 863
855 923
855 899
855 861
855 933
856 966
856 907
856 899
856 938
856 939
856 904
857 883
858 894
858 930
859 908
859 893
860 883
860 924
860 908
860 990
861 941
861 894
861 899
862 898
862 949
862 984
862 936
862 946
863 991
863 905
863 947
864 964
864 986
864 878
865 883
866 902
866 881
867 912
867 882
867 967
868 910
868 961
868 973
871 938
871 901
871 895
871 929
872 970
872 874
872 963
872 982
874 891
874 914
874 936
876 928
876 911
876 972
876 982
876 905
877 889
877 963
877 999
877 973
877 915
878 997
878 988
879 900
879 969
879 952
879 882
879 950
879 922
880 965
881 972
881 894
882 980
883 940
883 956
883 915
883 926
883 997
884 979
884 893
884 897
885 961
885 977
885 940
885 920
886 928
886 981
886 968
887 903
887 898
888 906
888 972
888 976
888 928
888 978
889 916
889 917
889 906
891 932
891 964
891 970
891 917
892 931
892 900
892 935
892 949
892 904
893 948
893 947
894 919
894 971
895 968
895 983
895 961
896 911
896 945
896 999
897 962
898 965
898 900
899 996
899 936
899 991
899 931
900 989
901 965
901 942
901 981
902 905
902 948
903 951
903 977
904 944
904 922
904 954
904 943
905 940
906 944
907 948
907 936
908 953
908 924
909 979
910 976
910 934
910 959
911 920
911 950
911 994
912 979
914 990
914 941
914 948
915 936
915 992
916 957
917 989
917 990
918 998
919 943
919 926
920 930
920 973
920 980
921 971
922 947
923 983
923 982
923 986
924 927
924 939
924 968
926 975
927 981
928 997
928 960
930 944
930 945
930 969
930 990
933 990
933 969
934 964
935 971
935 995
936 962
937 939
938 954
939 960
939 963
940 979
940 965
941 968
941 991
942 957
942 958
945 946
947 967
947 965
947 953
947 963
948 996
949 978
949 996
953 980
953 988
953 995
954 990
954 983
955 968
955 978
956 975
956 959
957 988
957 972
958 983
959 966
959 998
959 976
959 990
961 978
962 991
963 990
963 969
963 983
965 973
966 994
966 990
967 974
969 974
971 977
971 982
971 996
972 976
972 981
973 986
973 999
975 977
977 999
983 989
987 994
989 991
