VERTICES = 1000
EDGES = 12000
0 882
0 50
0 823
0 162
0 966
0 501
0 902
0 552
0 455
0 680
0 702
0 341
0 201
0 582
0 408
0 456
0 29
0 842
0 224
0 376
0 289
0 587
0 482
0 353
0 142
1 227
1 630
1 199
1 772
1 688
1 260
1 551
1 944
1 651
1 971
1 806
1 868
1 613
1 7
1 487
1 64
1 496
1 550
1 745
1 268
2 879
2 370
2 869
2 920
2 600
2 924
2 444
2 747
2 846
2 854
2 941
2 690
2 453
2 139
2 363
2 494
2 987
2 645
2 864
2 549
3 980
3 117
3 574
3 267
3 22
3 881
3 261
3 480
3 808
3 708
3 183
3 639
3 979
3 732
3 456
3 431
3 758
3 436
3 477
3 5
4 615
4 64
4 676
4 373
4 555
4 340
4 208
4 654
4 745
4 656
4 272
4 366
4 987
4 52
4 865
4 642
4 907
4 841
5 430
5 772
5 991
5 399
5 740
5 254
5 609
5 862
5 547
5 431
5 481
5 269
5 840
5 746
5 657
5 136
5 76
5 48
5 735
5 638
5 327
5 271
5 370
5 716
5 532
5 665
5 562
5 611
5 714
5 126
5 876
6 795
6 884
6 667
6 418
6 554
6 759
6 472
6 356
6 433
6 536
6 94
6 7
6 424
6 177
6 784
6 558
6 959
6 228
6 966
6 363
6 765
6 581
6 184
6 902
6 259
7 785
7 611
7 816
7 347
7 502
7 365
7 101
7 916
7 980
7 571
7 803
7 479
7 115
7 441
7 970
7 640
7 873
7 766
7 319
7 892
8 102
8 596
8 349
8 880
8 791
8 400
8 972
8 218
8 223
8 550
8 189
8 16
8 991
8 720
9 113
9 554
9 320
9 857
9 415
9 88
9 678
9 542
9 510
9 365
9 254
9 974
9 679
9 269
9 948
9 976
9 817
9 899
9 226
9 231
9 28
9 978
9 114
9 284
9 957
9 18
9 556
9 890
9 949
9 109
10 59
10 433
10 699
10 237
10 656
10 236
10 12
10 107
10 518
10 58
10 813
10 51
10 716
10 634
10 345
10 797
10 336
10 261
10 13
10 125
10 123
11 693
11 910
11 976
11 536
11 998
11 779
11 748
11 212
11 153
11 288
11 707
11 317
11 963
11 316
11 734
11 228
11 638
11 935
11 927
11 362
11 297
12 171
12 448
12 260
12 571
12 785
12 354
12 223
12 707
12 40
12 271
12 610
12 120
12 687
12 888
12 46
12 31
12 395
12 768
12 124
12 852
12 178
12 952
12 534
12 552
13 652
13 431
13 237
13 582
13 585
13 570
13 275
13 973
13 259
13 389
13 189
13 321
13 194
13 486
13 421
13 561
13 354
13 253
13 361
13 78
13 368
13 864
13 695
14 308
14 955
14 454
14 445
14 385
14 108
14 173
14 604
14 247
14 904
14 495
14 188
14 438
14 828
14 566
14 155
14 823
14 347
14 611
14 512
14 549
14 608
14 118
14 432
14 354
14 870
14 172
14 223
14 703
15 741
15 120
15 628
15 971
15 166
15 996
15 913
15 599
15 497
15 730
15 165
15 731
15 552
15 990
15 36
15 822
15 296
15 277
15 240
15 421
15 763
15 139
15 577
15 857
15 945
15 910
15 327
15 653
15 873
16 344
16 807
16 887
16 823
16 922
16 963
16 276
16 220
16 355
16 509
16 374
16 511
16 623
16 376
16 101
16 129
16 91
16 370
16 591
16 982
17 44
17 448
17 484
17 941
17 890
17 411
17 753
17 64
17 947
17 369
17 230
17 738
17 892
17 316
17 809
17 602
17 616
17 481
17 467
17 194
17 872
17 572
17 864
17 749
17 521
17 637
17 752
17 280
17 167
17 520
18 510
18 332
18 26
18 458
18 305
18 415
18 824
18 562
18 470
18 395
18 652
18 688
18 260
18 126
18 646
18 556
18 422
18 902
18 591
18 622
18 558
18 567
18 526
18 418
18 843
19 279
19 93
19 959
19 147
19 859
19 548
19 608
19 667
19 221
19 967
19 374
19 477
19 896
19 136
19 172
19 983
19 53
19 990
20 283
20 648
20 987
20 663
20 775
20 173
20 620
20 98
20 388
20 920
20 368
20 548
20 759
20 330
20 694
20 793
20 891
20 376
20 280
20 178
20 494
20 583
20 291
20 431
20 200
21 122
21 517
21 840
21 129
21 679
21 619
21 659
21 219
21 117
21 449
21 245
21 603
21 107
21 323
21 624
21 707
21 725
21 426
21 411
21 459
21 218
21 40
21 446
21 588
21 135
21 927
21 249
21 111
21 877
22 716
22 90
22 995
22 825
22 736
22 788
22 590
22 241
22 699
22 58
22 141
22 650
22 244
22 914
22 137
22 881
22 548
22 905
23 235
23 778
23 31
23 397
23 506
23 445
23 333
23 855
23 201
23 775
23 526
23 123
23 557
23 719
23 465
23 497
23 945
23 746
23 372
23 601
23 112
23 368
24 136
24 576
24 653
24 397
24 331
24 234
24 502
24 400
24 202
24 596
24 481
24 628
24 133
24 610
24 300
24 953
24 38
24 48
24 787
24 721
24 763
24 103
24 116
25 685
25 483
25 410
25 587
25 74
25 993
25 357
25 711
25 378
25 949
25 30
25 149
25 77
25 95
25 901
25 670
25 39
25 565
25 165
25 307
25 924
25 882
25 998
25 659
26 941
26 923
26 129
26 88
26 475
26 180
26 813
26 936
26 68
26 439
26 595
26 761
26 920
26 744
26 514
26 47
26 71
26 890
26 359
26 128
26 660
26 266
26 896
26 281
26 740
26 902
26 462
26 424
26 150
27 117
27 126
27 886
27 614
27 643
27 544
27 861
27 364
27 877
27 736
27 327
27 725
27 172
27 930
27 145
27 57
27 925
27 154
27 294
27 130
27 365
27 582
27 550
27 140
27 577
27 767
27 74
27 556
27 636
27 498
27 340
27 958
27 663
28 837
28 224
28 489
28 976
28 360
28 930
28 598
28 512
28 302
28 910
28 609
28 506
28 341
28 848
28 606
28 290
28 509
28 916
28 880
28 769
28 493
28 845
28 583
28 109
28 681
28 405
28 978
28 691
28 746
28 841
28 954
28 824
29 379
29 897
29 553
29 268
29 236
29 299
29 551
29 305
29 380
29 139
29 348
29 330
29 713
29 140
29 127
29 680
29 467
29 315
29 982
29 138
29 78
29 444
29 853
29 191
29 730
29 936
30 810
30 956
30 297
30 435
30 553
30 241
30 842
30 541
30 514
30 118
30 270
30 648
30 882
30 271
30 614
30 490
30 607
30 198
30 88
30 487
30 803
30 529
30 811
30 190
30 859
30 666
31 448
31 338
31 564
31 472
31 94
31 162
31 449
31 77
31 32
31 576
31 683
31 524
31 661
31 709
31 373
31 43
31 765
31 919
31 682
31 951
32 806
32 358
32 440
32 323
32 902
32 388
32 551
32 965
32 404
32 595
32 987
32 52
32 961
32 61
32 940
32 770
32 422
32 922
32 831
32 309
32 199
32 661
33 858
33 207
33 664
33 646
33 473
33 75
33 72
33 157
33 684
33 448
33 101
33 329
33 289
33 729
33 634
33 668
33 410
33 170
33 132
33 149
33 789
34 743
34 191
34 946
34 357
34 435
34 973
34 106
34 811
34 126
34 64
34 731
34 667
34 421
34 937
34 418
34 254
34 542
34 768
34 900
34 491
34 401
34 549
34 517
34 771
34 918
34 143
34 329
34 213
34 310
34 361
35 473
35 564
35 456
35 550
35 159
35 254
35 267
35 422
35 956
35 244
35 416
35 107
35 333
35 266
35 393
35 501
35 137
35 737
35 472
35 845
35 899
35 117
35 450
36 612
36 884
36 130
36 373
36 327
36 60
36 723
36 646
36 354
36 306
36 789
36 120
36 434
36 390
36 873
36 905
37 923
37 548
37 592
37 337
37 408
37 285
37 664
37 379
37 952
37 966
37 650
37 380
37 135
37 586
37 276
38 801
38 140
38 269
38 543
38 775
38 241
38 297
38 139
38 580
38 756
38 511
38 268
38 67
38 785
38 285
38 459
38 435
38 486
38 319
38 964
38 147
38 305
38 397
39 902
39 853
39 181
39 555
39 75
39 602
39 261
39 953
39 857
39 329
39 66
39 663
39 589
39 787
39 272
39 301
39 500
39 535
39 790
39 955
39 235
39 432
40 684
40 976
40 969
40 591
40 382
40 731
40 70
40 270
40 434
40 747
40 565
40 514
40 125
40 645
40 227
40 985
40 271
40 836
40 921
40 164
40 145
40 662
40 689
40 783
40 721
40 524
40 600
41 128
41 167
41 626
41 250
41 584
41 754
41 76
41 982
41 588
41 568
41 621
41 552
41 585
41 640
41 454
41 612
41 283
41 519
41 675
41 881
41 639
41 630
41 676
41 246
41 716
41 458
41 154
41 223
41 989
42 175
42 411
42 377
42 93
42 176
42 981
42 241
42 752
42 858
42 711
42 747
42 439
42 890
42 814
42 524
42 293
42 298
42 60
42 287
42 955
43 968
43 864
43 791
43 639
43 714
43 475
43 692
43 865
43 338
43 214
43 64
43 712
43 359
43 430
43 596
43 109
43 251
43 114
43 142
44 563
44 501
44 841
44 205
44 621
44 414
44 741
44 294
44 892
44 654
44 731
44 235
44 940
44 823
44 551
44 644
44 312
44 390
44 762
44 636
45 323
45 586
45 632
45 111
45 736
45 529
45 923
45 564
45 403
45 941
45 696
45 283
45 509
45 540
45 645
45 739
45 129
45 146
45 332
46 217
46 524
46 858
46 773
46 414
46 261
46 749
46 175
46 488
46 299
46 204
46 694
46 806
46 60
46 353
46 326
46 424
46 306
46 994
46 963
46 508
46 592
46 124
46 459
46 266
47 63
47 652
47 285
47 165
47 48
47 274
47 867
47 236
47 600
47 802
47 956
47 656
47 579
47 744
47 92
47 928
47 937
47 450
47 162
47 691
47 936
47 449
48 401
48 91
48 302
48 493
48 408
48 557
48 807
48 685
48 937
48 658
48 841
48 657
48 202
49 474
49 208
49 988
49 951
49 862
49 669
49 736
49 997
49 252
49 370
49 672
49 262
49 664
49 714
49 660
49 503
50 601
50 80
50 696
50 781
50 850
50 863
50 51
50 446
50 158
50 120
50 222
50 735
50 152
50 540
50 871
50 825
50 648
50 853
50 172
50 63
50 860
50 129
50 485
50 513
50 123
51 149
51 905
51 403
51 582
51 260
51 88
51 150
51 565
51 955
51 786
51 658
51 685
51 985
51 614
51 459
51 884
52 432
52 301
52 568
52 646
52 387
52 409
52 660
52 729
52 107
52 839
52 261
52 904
52 475
52 288
52 529
52 75
52 190
52 590
52 496
53 681
53 476
53 936
53 517
53 930
53 283
53 311
53 72
53 125
53 83
53 607
53 94
53 783
53 61
53 172
53 383
53 904
53 398
53 707
53 846
53 260
53 293
53 755
53 110
53 968
53 224
53 684
54 132
54 134
54 392
54 84
54 263
54 880
54 207
54 384
54 411
54 353
54 798
54 215
54 479
54 224
54 508
54 96
54 709
54 773
54 477
54 889
55 969
55 116
55 397
55 561
55 247
55 122
55 239
55 983
55 353
55 288
55 437
55 120
55 917
55 582
55 977
55 416
55 818
55 143
56 769
56 716
56 990
56 398
56 647
56 307
56 199
56 309
56 740
56 867
56 773
56 911
56 256
56 742
56 545
56 688
56 861
56 225
56 683
56 388
56 969
56 998
56 454
56 999
56 691
57 970
57 903
57 577
57 749
57 524
57 123
57 864
57 820
57 237
57 801
57 725
57 341
57 563
57 391
57 122
57 619
58 521
58 585
58 223
58 694
58 538
58 617
58 113
58 305
58 804
58 402
58 888
58 808
58 380
58 883
58 118
58 509
58 465
58 184
58 590
58 297
58 667
58 709
58 425
58 600
58 155
58 196
58 992
59 865
59 715
59 870
59 615
59 187
59 984
59 705
59 242
59 234
59 666
59 583
59 479
59 87
59 191
59 985
59 594
59 840
59 644
59 597
59 655
59 81
59 205
59 80
59 834
59 461
59 74
60 416
60 547
60 519
60 332
60 544
60 163
60 617
60 485
60 181
60 695
60 595
60 674
60 389
60 719
60 395
60 107
60 308
60 481
60 830
60 523
60 165
60 640
60 104
60 153
60 253
60 669
60 840
60 500
60 841
60 238
60 608
60 725
61 684
61 611
61 300
61 366
61 80
61 670
61 546
61 490
61 654
61 632
61 697
61 577
61 144
61 123
61 780
61 599
61 254
61 383
61 361
61 967
61 78
61 741
61 552
61 564
61 77
61 805
61 266
61 908
62 219
62 125
62 865
62 934
62 213
62 840
62 752
62 680
62 550
62 584
62 877
62 713
62 306
62 247
62 368
63 97
63 770
63 434
63 483
63 444
63 253
63 70
63 992
63 96
63 944
63 235
63 922
63 838
63 652
63 802
63 463
63 653
63 389
63 756
63 845
63 314
63 636
63 520
64 492
64 841
64 579
64 145
64 556
64 734
64 625
64 950
64 445
64 976
64 835
64 580
64 308
64 937
64 686
64 171
64 640
64 129
65 907
65 719
65 724
65 396
65 956
65 66
65 647
65 548
65 143
65 753
65 381
65 890
65 674
65 993
65 178
65 344
65 222
65 132
65 156
65 644
66 658
66 794
66 811
66 919
66 656
66 619
66 549
66 263
66 864
66 90
66 936
66 394
66 309
66 260
66 272
66 584
66 592
66 967
66 668
66 832
67 440
67 620
67 509
67 687
67 261
67 194
67 377
67 662
67 686
67 888
67 993
67 660
67 780
67 249
67 470
67 176
67 534
68 252
68 801
68 194
68 502
68 146
68 576
68 862
68 754
68 247
68 516
68 228
68 158
68 534
68 927
68 910
68 816
68 690
68 474
69 773
69 99
69 719
69 490
69 694
69 935
69 989
69 827
69 843
69 103
69 509
69 217
69 269
69 928
69 726
69 525
69 824
69 570
69 265
69 167
69 151
69 917
69 245
69 146
69 661
69 336
69 737
69 846
69 114
69 491
69 974
70 663
70 244
70 227
70 77
70 503
70 847
70 808
70 918
70 327
70 805
70 952
70 597
70 119
70 811
70 610
70 251
70 239
70 627
70 785
70 112
70 82
70 603
70 702
71 769
71 664
71 477
71 609
71 841
71 700
71 620
71 471
71 979
71 986
71 381
71 267
71 342
71 272
71 438
71 254
71 151
71 662
71 689
71 839
71 237
71 433
71 599
71 337
71 826
71 906
71 89
72 637
72 761
72 412
72 858
72 700
72 162
72 509
72 467
72 115
72 92
72 695
72 163
72 658
72 635
72 813
72 790
72 535
72 851
73 783
73 332
73 320
73 842
73 518
73 185
73 641
73 673
73 369
73 995
73 952
73 987
73 676
73 313
73 311
73 423
73 834
73 483
73 884
73 413
73 762
73 671
74 667
74 493
74 791
74 247
74 808
74 980
74 458
74 834
74 102
74 950
74 169
74 515
74 591
74 519
74 168
74 177
74 443
74 990
74 416
74 368
75 98
75 675
75 725
75 309
75 351
75 776
75 463
75 813
75 519
75 926
75 623
75 352
75 874
75 96
75 217
75 437
75 350
75 139
75 919
75 219
75 634
75 569
75 391
75 238
75 320
75 163
75 630
75 341
75 718
75 995
75 297
76 166
76 418
76 877
76 909
76 814
76 602
76 964
76 459
76 172
76 566
76 604
76 835
76 951
76 243
76 628
76 962
77 93
77 868
77 331
77 867
77 491
77 98
77 587
77 238
77 429
77 964
77 682
77 763
77 153
77 952
77 658
77 241
77 311
77 485
77 416
77 160
77 347
77 218
77 322
77 629
78 247
78 902
78 769
78 723
78 516
78 296
78 219
78 541
78 845
78 218
78 762
78 428
78 940
78 945
78 439
78 649
78 526
78 284
78 551
78 559
78 260
78 853
78 283
78 728
79 281
79 318
79 231
79 782
79 631
79 256
79 991
79 193
79 178
79 217
79 550
79 795
79 620
79 164
79 148
79 748
79 791
79 344
79 287
79 443
79 929
79 486
80 973
80 611
80 869
80 280
80 386
80 541
80 889
80 516
80 317
80 615
80 990
80 347
80 833
80 350
80 633
80 489
80 286
80 752
80 375
80 402
80 733
80 284
81 83
81 219
81 719
81 654
81 124
81 716
81 684
81 472
81 871
81 760
81 922
81 166
81 151
81 552
81 389
81 868
81 834
81 679
82 275
82 287
82 464
82 278
82 708
82 834
82 270
82 354
82 136
82 119
82 819
82 777
82 370
83 979
83 973
83 881
83 239
83 237
83 261
83 451
83 222
83 925
83 403
83 901
83 311
83 240
83 203
83 425
83 898
83 159
83 338
83 156
83 771
83 397
83 119
83 251
83 344
84 599
84 935
84 984
84 998
84 536
84 160
84 725
84 155
84 157
84 786
84 512
84 943
84 911
84 730
84 207
84 500
84 660
84 549
84 413
84 164
85 878
85 297
85 981
85 431
85 266
85 999
85 251
85 371
85 646
85 534
85 315
85 660
85 736
85 995
85 399
85 724
85 909
86 248
86 955
86 753
86 126
86 923
86 932
86 695
86 109
86 801
86 131
86 385
86 114
86 874
86 519
86 814
86 101
86 153
86 125
86 550
86 922
86 752
86 193
86 351
86 940
86 839
86 622
86 184
86 795
87 740
87 666
87 245
87 846
87 944
87 264
87 260
87 90
87 436
87 387
87 712
87 556
87 417
87 130
87 211
87 349
87 630
87 644
87 637
87 153
87 761
87 648
87 479
87 220
87 571
88 543
88 237
88 191
88 508
88 462
88 560
88 985
88 220
88 289
88 273
88 242
88 256
88 445
88 976
88 906
88 608
88 89
88 619
88 493
88 747
88 175
88 964
88 730
88 735
88 230
88 278
89 667
89 204
89 839
89 971
89 303
89 922
89 675
89 919
89 183
89 288
89 866
89 849
89 236
89 524
89 419
89 469
89 238
89 814
89 550
89 103
89 691
89 741
89 977
89 268
89 166
90 532
90 820
90 209
90 942
90 599
90 282
90 485
90 174
90 454
90 501
90 950
90 792
90 611
90 459
90 644
90 171
90 851
90 997
91 448
91 169
91 838
91 469
91 347
91 139
91 990
91 665
91 480
91 99
91 724
91 479
91 348
91 256
91 400
91 162
91 624
91 462
91 116
91 672
91 389
91 164
91 717
91 734
91 608
92 392
92 486
92 146
92 830
92 648
92 769
92 105
92 834
92 275
92 252
92 947
92 334
92 915
92 354
92 612
92 815
92 945
93 707
93 983
93 508
93 763
93 542
93 345
93 702
93 857
93 371
93 838
93 520
93 535
93 482
93 484
93 412
93 696
93 682
93 197
93 594
93 477
93 678
93 945
93 372
93 489
93 466
93 671
93 497
94 665
94 759
94 180
94 628
94 670
94 454
94 783
94 150
94 795
94 589
94 142
94 886
94 133
94 603
94 223
94 419
95 455
95 849
95 599
95 474
95 441
95 623
95 644
95 433
95 671
95 247
95 926
95 769
95 215
95 158
95 622
95 584
95 220
95 839
95 852
95 607
95 613
96 299
96 323
96 383
96 288
96 777
96 232
96 677
96 429
96 320
96 316
96 109
96 758
96 934
96 620
96 864
96 166
96 448
96 621
96 388
96 335
96 271
96 660
96 564
96 572
96 917
96 216
96 722
96 875
96 795
96 676
96 535
96 218
96 938
97 392
97 251
97 765
97 975
97 295
97 403
97 587
97 656
97 834
97 313
97 480
97 825
97 329
97 867
97 317
97 505
97 726
97 903
97 121
97 145
97 564
97 649
97 457
98 764
98 846
98 661
98 755
98 654
98 274
98 932
98 840
98 909
98 686
98 556
98 588
98 926
98 357
98 301
98 962
98 250
98 303
98 942
98 419
98 473
98 769
98 216
98 835
98 172
98 978
99 797
99 301
99 922
99 496
99 604
99 181
99 633
99 613
99 831
99 870
99 671
99 192
99 521
99 162
99 363
99 449
99 898
99 981
99 420
99 792
99 945
99 413
99 539
99 593
99 828
99 511
99 448
99 137
99 466
100 805
100 374
100 456
100 987
100 901
100 552
100 531
100 628
100 953
100 193
100 306
100 441
100 341
100 991
100 285
100 321
100 554
100 614
100 414
100 410
100 155
100 181
100 401
100 250
101 890
101 851
101 619
101 785
101 145
101 850
101 615
101 293
101 196
101 449
101 149
101 725
101 963
101 917
101 554
101 107
101 247
101 759
102 862
102 682
102 233
102 466
102 249
102 333
102 425
102 328
102 812
102 145
102 181
102 327
102 504
102 376
102 305
102 999
102 960
102 498
103 228
103 140
103 313
103 719
103 375
103 336
103 702
103 917
103 520
103 169
103 174
103 435
103 461
103 122
103 344
103 314
103 991
103 721
104 741
104 238
104 129
104 161
104 973
104 711
104 690
104 943
104 465
104 273
105 557
105 891
105 911
105 744
105 935
105 443
105 424
105 703
105 809
105 238
105 853
105 575
105 208
105 339
105 413
105 369
105 545
105 879
105 636
105 830
105 320
105 486
105 179
105 361
105 471
105 544
105 817
106 646
106 913
106 817
106 769
106 531
106 429
106 655
106 619
106 864
106 887
106 186
106 290
106 489
106 853
106 277
106 684
106 406
106 131
106 504
106 833
106 595
106 513
107 598
107 424
107 307
107 661
107 538
107 703
107 690
107 763
107 675
107 981
107 366
107 851
107 725
107 779
107 502
107 459
107 451
107 891
108 644
108 952
108 529
108 702
108 840
108 726
108 603
108 983
108 326
108 537
108 884
108 344
108 733
108 355
108 526
108 191
108 741
108 149
108 780
108 681
108 725
108 716
108 645
108 132
108 832
108 279
108 730
109 668
109 957
109 874
109 840
109 350
109 153
109 863
109 379
109 317
109 403
109 994
109 895
109 357
109 335
109 925
109 410
110 662
110 635
110 427
110 243
110 927
110 817
110 846
110 679
110 605
110 309
110 513
110 413
110 373
110 557
110 732
110 841
110 242
110 834
110 634
110 664
111 159
111 796
111 787
111 972
111 491
111 396
111 713
111 201
111 251
111 183
111 909
111 995
111 744
111 492
111 163
111 574
111 720
111 897
111 949
111 745
111 362
111 654
111 211
111 986
111 413
111 271
111 194
112 647
112 665
112 740
112 568
112 494
112 487
112 644
112 254
112 750
112 611
112 812
112 120
112 313
112 701
112 366
113 749
113 269
113 746
113 303
113 219
113 369
113 941
113 688
113 116
113 975
113 687
113 887
113 293
113 245
113 823
113 318
113 931
113 296
113 457
113 767
113 643
113 381
113 867
113 583
113 849
113 298
113 363
113 595
113 422
113 593
113 290
113 922
113 357
113 561
113 271
113 701
113 621
113 170
113 636
113 372
114 892
114 871
114 651
114 662
114 977
114 344
114 957
114 593
114 971
114 882
114 995
114 610
114 355
114 525
114 305
114 872
114 768
114 797
114 283
114 914
114 728
114 637
114 771
114 544
114 905
114 597
114 197
114 965
115 256
115 587
115 451
115 629
115 657
115 268
115 282
115 744
115 486
115 726
115 757
115 641
115 661
115 659
115 330
115 339
115 485
115 721
116 553
116 440
116 888
116 411
116 444
116 713
116 884
116 902
116 700
116 210
116 119
116 999
116 234
116 218
116 381
116 640
116 593
116 267
116 802
116 294
116 727
116 738
116 565
116 528
117 756
117 762
117 281
117 329
117 758
117 487
117 530
117 718
117 533
117 981
117 280
117 543
117 631
117 181
117 579
118 854
118 660
118 856
118 939
118 937
118 364
118 356
118 434
118 133
118 615
118 463
118 789
118 718
118 208
118 263
118 123
119 823
119 584
119 158
119 529
119 728
119 202
119 134
119 240
119 716
119 583
119 486
119 768
119 332
119 519
119 974
119 499
119 600
120 969
120 426
120 158
120 364
120 280
120 429
120 441
120 368
120 732
120 444
120 789
120 310
120 741
120 775
120 605
120 546
120 798
120 864
120 792
120 330
120 880
121 407
121 569
121 786
121 260
121 598
121 202
121 154
121 738
121 365
121 222
121 710
121 975
121 232
121 181
121 129
121 361
121 882
121 383
121 550
121 917
121 243
121 185
121 237
121 398
122 131
122 830
122 772
122 931
122 146
122 441
122 152
122 769
122 587
122 386
122 600
122 867
122 833
122 663
122 450
122 431
122 676
122 893
122 228
122 418
123 310
123 654
123 548
123 253
123 859
123 554
123 821
123 490
123 203
123 321
123 990
123 429
123 810
123 984
123 674
123 304
123 709
123 168
123 478
123 169
123 518
123 239
123 718
123 738
123 483
123 784
124 603
124 422
124 328
124 210
124 213
124 750
124 261
124 458
124 859
124 638
124 281
124 324
124 660
124 198
124 569
124 999
124 560
124 866
124 237
124 779
124 942
124 822
124 608
124 226
124 385
124 400
124 134
125 381
125 524
125 245
125 706
125 677
125 220
125 950
125 840
125 127
125 538
125 222
125 150
125 126
125 418
125 958
125 461
125 919
125 631
125 974
125 799
125 939
125 153
125 983
125 523
126 252
126 344
126 889
126 676
126 955
126 150
126 963
126 868
126 385
126 264
126 940
126 554
126 729
126 643
126 674
126 260
127 865
127 628
127 884
127 836
127 281
127 936
127 871
127 859
127 670
127 227
127 507
127 701
127 630
127 549
127 787
127 815
127 835
127 536
127 415
127 707
127 945
127 177
127 668
127 665
127 447
127 767
127 292
127 740
128 215
128 454
128 279
128 412
128 500
128 476
128 699
128 286
128 819
128 450
128 743
128 714
128 691
128 287
128 763
128 940
128 676
128 168
128 884
129 566
129 902
129 970
129 656
129 407
129 293
129 934
129 674
129 793
129 829
129 201
129 247
129 267
129 352
129 237
129 706
129 877
129 717
129 692
129 861
129 911
129 913
129 591
129 465
129 969
130 545
130 695
130 615
130 625
130 196
130 161
130 654
130 420
130 316
130 687
130 276
130 934
130 390
130 637
130 629
130 515
130 642
130 447
130 346
130 312
130 734
130 789
130 262
131 212
131 973
131 624
131 926
131 355
131 952
131 939
131 941
131 336
131 872
131 319
131 697
131 629
131 687
131 218
131 200
131 758
132 830
132 376
132 661
132 782
132 487
132 968
132 176
132 556
132 322
132 523
132 908
132 737
132 724
132 611
132 850
132 457
132 768
132 667
132 590
132 208
132 497
133 963
133 555
133 708
133 371
133 630
133 671
133 678
133 567
133 317
133 620
133 962
133 702
133 695
133 601
133 841
133 723
133 552
133 757
133 562
133 158
133 934
133 692
133 455
133 172
134 308
134 842
134 263
134 621
134 450
134 337
134 296
134 783
134 605
134 235
134 415
134 492
134 503
134 709
134 387
134 443
134 370
134 687
134 312
134 444
134 640
135 662
135 916
135 167
135 466
135 993
135 323
135 983
135 362
135 948
135 271
135 378
135 375
135 429
135 451
135 270
135 636
135 719
135 394
136 369
136 152
136 555
136 345
136 756
136 245
136 612
136 172
136 576
136 889
136 636
136 366
136 235
136 965
136 849
136 190
136 832
136 463
136 648
136 787
136 236
136 211
136 793
136 400
136 913
136 174
137 193
137 869
137 825
137 345
137 317
137 746
137 621
137 465
137 267
137 157
137 779
137 466
137 652
137 254
137 647
137 270
137 212
138 802
138 892
138 489
138 208
138 284
138 960
138 438
138 876
138 412
138 482
138 853
138 360
138 792
138 328
138 555
138 813
138 430
138 233
138 594
138 462
138 529
138 340
138 976
138 286
138 161
139 688
139 630
139 195
139 695
139 887
139 842
139 544
139 568
139 356
139 577
139 427
139 812
139 410
139 290
139 706
139 907
139 450
139 763
139 328
139 242
139 476
139 820
139 708
140 462
140 571
140 915
140 361
140 331
140 319
140 410
140 702
140 477
140 548
140 378
140 770
140 301
140 174
140 350
140 717
140 196
140 425
140 374
140 197
140 639
140 142
140 493
141 903
141 922
141 932
141 784
141 808
141 761
141 598
141 349
141 355
141 430
141 937
141 583
141 721
141 344
141 909
141 984
141 426
141 256
141 832
141 505
141 611
141 884
142 334
142 346
142 179
142 347
142 890
142 439
142 207
142 826
142 491
142 560
142 529
142 775
142 698
142 500
142 788
142 281
142 269
142 265
142 284
142 548
142 996
142 587
143 850
143 940
143 739
143 607
143 910
143 206
143 284
143 843
143 226
143 854
143 851
143 310
143 772
143 742
143 392
143 241
143 615
143 732
144 911
144 762
144 666
144 942
144 556
144 872
144 824
144 168
144 763
144 596
144 181
144 652
144 544
144 885
145 912
145 804
145 852
145 322
145 593
145 853
145 606
145 390
145 833
145 869
145 171
145 520
145 849
145 500
145 743
145 616
145 526
145 802
145 342
145 909
145 369
145 997
145 591
145 691
145 781
145 900
145 302
145 856
145 244
145 216
145 528
145 360
145 723
145 629
145 172
146 385
146 710
146 756
146 533
146 783
146 308
146 306
146 246
146 352
146 508
146 833
146 895
146 427
146 185
146 497
146 595
146 535
146 994
146 293
146 827
146 810
147 644
147 344
147 979
147 278
147 864
147 823
147 322
147 429
147 925
147 535
147 472
147 299
147 519
147 342
147 923
147 799
147 493
147 177
148 492
148 783
148 304
148 473
148 786
148 856
148 332
148 935
148 825
148 674
148 423
148 696
148 966
148 287
148 671
148 370
148 482
148 949
148 648
148 495
148 207
148 976
149 311
149 623
149 203
149 844
149 175
149 863
149 576
149 227
149 728
149 883
149 724
149 805
149 797
149 854
149 237
149 197
149 827
149 393
150 387
150 709
150 573
150 260
150 517
150 900
150 907
150 352
150 834
150 971
150 853
150 165
150 861
150 372
150 728
150 556
150 756
150 407
150 461
150 651
150 158
150 300
150 654
151 955
151 169
151 324
151 789
151 652
151 674
151 911
151 579
151 314
151 402
151 882
151 631
151 671
151 386
151 833
151 185
151 568
151 287
151 695
151 750
152 860
152 562
152 683
152 572
152 502
152 526
152 566
152 374
152 653
152 968
152 251
152 527
152 659
152 519
152 662
152 189
152 845
152 225
152 810
153 593
153 791
153 431
153 154
153 897
153 992
153 241
153 206
153 269
153 425
153 943
153 725
153 293
153 920
153 299
153 590
153 192
153 822
153 936
154 988
154 917
154 810
154 387
154 751
154 750
154 576
154 625
154 704
154 454
154 815
154 629
154 265
154 637
154 798
154 811
154 165
154 614
154 339
154 300
154 219
154 313
154 319
154 710
155 995
155 362
155 922
155 547
155 239
155 965
155 680
155 648
155 783
155 920
155 755
155 889
155 681
155 913
155 667
155 987
155 538
156 916
156 382
156 514
156 206
156 870
156 752
156 311
156 787
156 319
156 178
156 634
156 426
156 631
156 211
156 915
156 934
156 737
156 204
156 324
156 486
156 490
156 280
156 228
156 564
156 628
157 295
157 757
157 782
157 487
157 948
157 347
157 900
157 722
157 460
157 749
157 471
157 717
157 245
157 434
157 503
157 978
157 355
157 308
157 906
157 217
157 904
157 811
157 648
157 902
157 443
157 446
157 177
157 531
157 332
157 998
157 848
158 558
158 371
158 644
158 866
158 796
158 240
158 872
158 187
158 320
158 403
158 966
158 432
158 850
158 203
158 701
158 253
158 354
158 989
158 681
158 195
158 450
159 758
159 409
159 625
159 215
159 274
159 197
159 839
159 202
159 541
159 628
159 351
159 325
159 597
159 208
159 569
159 892
159 891
159 234
159 999
159 806
159 282
159 544
159 243
159 330
159 627
159 761
160 978
160 768
160 467
160 232
160 888
160 415
160 959
160 840
160 392
160 523
160 550
160 530
160 764
160 990
160 674
160 604
160 537
160 240
160 875
160 705
160 925
160 590
161 782
161 844
161 476
161 282
161 902
161 391
161 238
161 792
161 428
161 165
161 376
161 963
161 987
161 548
161 515
161 233
161 883
161 574
161 914
161 331
161 394
161 271
161 685
162 725
162 868
162 584
162 877
162 526
162 302
162 847
162 481
162 702
162 972
162 294
163 949
163 816
163 428
163 768
163 345
163 413
163 798
163 993
163 609
163 454
163 784
163 611
163 937
163 375
163 280
163 695
163 327
164 339
164 862
164 566
164 630
164 713
164 873
164 766
164 432
164 367
164 259
164 208
164 946
164 508
164 726
164 768
164 682
164 791
164 762
164 372
164 228
164 942
164 388
164 696
164 429
164 552
164 276
165 645
165 548
165 721
165 712
165 757
165 476
165 923
165 832
165 811
165 186
165 892
165 448
165 520
165 982
165 298
165 906
165 751
165 221
165 514
165 686
165 607
165 969
165 965
165 360
166 205
166 249
166 405
166 377
166 694
166 816
166 734
166 403
166 476
166 759
166 902
166 216
166 448
166 947
167 616
167 530
167 837
167 940
167 741
167 819
167 740
167 667
167 552
167 275
167 919
167 279
167 710
167 753
168 500
168 394
168 459
168 482
168 510
168 904
168 707
168 954
168 630
168 747
168 846
168 943
168 764
168 398
168 864
168 605
168 851
168 485
168 468
168 528
168 884
168 621
168 443
168 832
168 865
168 441
168 538
168 359
169 858
169 352
169 242
169 331
169 898
169 522
169 257
169 382
169 476
169 703
169 190
169 938
169 549
169 862
169 652
169 365
169 610
169 733
169 667
169 400
170 988
170 366
170 759
170 960
170 802
170 370
170 185
170 916
170 275
170 368
170 176
170 265
170 927
170 627
170 935
170 550
170 925
170 703
170 702
170 684
171 316
171 514
171 356
171 539
171 360
171 570
171 497
171 651
171 346
171 641
171 368
171 268
171 502
171 785
171 742
171 286
172 701
172 990
172 331
172 179
172 185
172 492
172 777
172 542
172 522
172 922
172 757
172 314
172 697
172 500
172 806
172 911
172 755
172 826
172 299
172 229
172 658
172 551
172 663
173 511
173 453
173 763
173 599
173 967
173 219
173 277
173 540
173 849
173 964
173 233
173 926
173 335
173 427
173 793
173 745
173 262
173 266
173 706
173 398
174 181
174 861
174 869
174 729
174 689
174 258
174 357
174 618
174 328
174 623
174 214
174 510
174 944
174 824
174 588
174 490
175 466
175 443
175 891
175 862
175 231
175 574
175 318
175 310
175 452
175 409
175 176
175 904
175 823
175 937
175 349
175 943
175 243
175 705
176 659
176 863
176 800
176 190
176 939
176 513
176 717
176 309
176 285
176 544
176 683
176 429
176 628
176 416
176 889
177 541
177 494
177 321
177 340
177 655
177 835
177 616
177 456
177 975
177 293
177 888
177 674
177 624
177 979
178 982
178 371
178 207
178 843
178 928
178 760
178 234
178 247
178 423
178 297
178 879
178 968
178 857
178 806
178 789
178 887
178 751
179 860
179 363
179 761
179 799
179 988
179 637
179 323
179 201
179 349
179 462
179 576
179 206
179 713
179 915
179 996
179 987
179 603
180 659
180 832
180 494
180 851
180 880
180 958
180 331
180 991
180 509
180 964
180 533
180 979
180 426
180 962
180 530
180 819
180 781
181 595
181 767
181 194
181 705
181 368
181 791
181 731
181 297
181 847
181 300
181 516
181 871
181 804
181 674
181 545
181 394
181 960
181 431
182 991
182 773
182 987
182 623
182 848
182 614
182 809
182 395
182 539
182 427
182 340
182 995
182 976
182 423
182 802
182 537
183 344
183 903
183 715
183 695
183 330
183 405
183 354
183 423
183 935
183 502
183 274
183 262
183 629
183 802
183 826
183 496
183 807
183 681
183 953
183 963
183 317
183 781
184 576
184 508
184 423
184 945
184 408
184 862
184 195
184 998
184 267
184 482
184 476
184 206
184 223
184 529
184 279
184 260
184 685
184 594
184 735
184 834
184 717
184 347
184 438
185 378
185 624
185 511
185 973
185 204
185 379
185 232
185 507
185 408
185 216
185 538
185 361
185 748
185 593
185 543
185 773
185 594
185 397
185 754
185 205
185 621
185 297
185 443
185 632
185 367
185 686
185 190
186 227
186 512
186 309
186 761
186 706
186 431
186 852
186 594
186 914
186 506
186 257
186 527
186 499
186 596
186 946
186 483
186 666
186 957
186 803
186 831
186 301
186 839
186 565
186 977
186 255
186 455
186 247
186 810
187 518
187 727
187 190
187 775
187 330
187 317
187 482
187 465
187 296
187 718
188 492
188 817
188 564
188 619
188 989
188 582
188 791
188 395
188 950
188 543
188 936
188 684
188 652
188 788
188 707
188 941
188 525
188 432
188 606
188 729
188 613
188 610
188 337
188 474
189 988
189 523
189 990
189 346
189 694
189 668
189 553
189 875
189 278
189 880
189 866
190 571
190 599
190 637
190 745
190 820
190 437
190 594
190 229
190 629
190 356
190 369
190 776
190 995
190 876
190 477
190 496
190 644
191 738
191 850
191 926
191 763
191 764
191 786
191 485
191 986
191 918
191 566
191 987
191 890
191 803
191 507
191 673
191 572
191 236
192 881
192 484
192 718
192 623
192 833
192 300
192 892
192 537
192 491
192 869
192 602
192 302
192 457
192 679
192 866
192 824
192 544
192 462
192 890
192 694
192 539
192 992
192 688
192 723
193 271
193 305
193 493
193 726
193 730
193 875
193 968
193 314
193 645
193 427
193 884
193 834
193 384
193 960
193 950
193 370
193 740
193 725
193 403
193 391
193 308
193 584
193 567
193 910
193 556
193 419
193 795
193 524
194 832
194 357
194 396
194 745
194 958
194 418
194 827
194 231
194 453
194 986
194 718
194 488
194 801
194 290
194 807
194 298
194 456
194 659
194 337
194 593
194 845
195 695
195 510
195 637
195 242
195 943
195 870
195 955
195 588
195 208
195 496
195 813
195 512
195 977
195 457
195 267
195 803
195 431
195 735
195 645
195 210
195 718
196 493
196 703
196 932
196 384
196 208
196 970
196 210
196 630
196 592
196 330
197 908
197 586
197 731
197 764
197 612
197 799
197 920
197 822
197 952
197 780
197 925
197 723
197 889
197 863
197 205
197 449
197 730
197 456
197 224
197 219
197 305
197 582
197 269
197 663
197 919
197 642
197 243
197 690
197 771
198 642
198 803
198 911
198 797
198 657
198 562
198 805
198 522
198 557
198 651
198 755
198 536
198 412
198 888
198 719
198 425
199 576
199 840
199 522
199 728
199 739
199 233
199 284
199 447
199 590
199 369
199 281
199 817
199 533
199 505
199 521
200 529
200 708
200 444
200 590
200 410
200 316
200 820
200 736
200 276
200 272
200 296
200 275
200 329
200 675
200 689
200 717
200 480
200 516
200 458
200 807
200 676
200 364
200 762
200 317
201 254
201 894
201 818
201 731
201 999
201 995
201 290
201 757
201 395
201 897
201 687
201 208
201 752
201 551
201 942
202 233
202 688
202 292
202 939
202 405
202 742
202 820
202 480
202 515
202 576
202 511
202 806
202 804
202 543
202 924
202 468
202 329
202 788
202 298
202 533
202 309
202 475
203 516
203 439
203 687
203 618
203 376
203 762
203 689
203 741
203 245
203 390
203 746
203 657
203 782
203 865
203 329
203 712
203 785
204 756
204 233
204 774
204 681
204 832
204 771
204 559
204 938
204 961
204 364
204 456
204 699
204 963
205 796
205 714
205 478
205 551
205 261
205 352
205 434
205 383
205 984
205 540
205 623
205 552
205 481
205 719
205 640
205 325
205 344
205 724
205 775
205 632
205 218
205 392
205 675
206 585
206 604
206 608
206 883
206 533
206 658
206 308
206 942
206 442
206 457
206 510
206 847
206 733
206 951
206 223
206 227
206 491
206 320
206 978
206 468
206 375
207 441
207 514
207 930
207 331
207 467
207 971
207 264
207 701
207 395
207 460
207 654
207 932
207 505
207 307
207 702
207 817
208 349
208 500
208 323
208 748
208 401
208 345
208 938
208 298
208 973
208 402
208 528
208 948
208 803
208 456
208 657
208 523
209 533
209 758
209 348
209 317
209 374
209 557
209 751
209 855
209 973
209 851
209 584
209 938
209 839
209 887
209 314
209 789
209 635
209 469
210 741
210 280
210 915
210 703
210 896
210 975
210 899
210 846
210 745
210 581
210 908
210 680
210 911
210 540
210 617
210 607
210 541
210 284
210 995
210 480
210 624
210 469
210 595
211 847
211 213
211 873
211 567
211 884
211 336
211 988
211 327
211 787
211 467
211 817
211 711
211 387
211 432
211 279
211 796
211 851
211 469
211 641
211 907
211 278
211 527
212 303
212 447
212 502
212 864
212 725
212 828
212 542
212 974
212 778
212 354
212 407
212 657
212 296
212 511
212 637
212 901
212 702
212 659
212 281
212 629
212 495
212 790
213 321
213 397
213 686
213 663
213 642
213 519
213 294
213 788
213 921
213 867
213 619
213 704
213 638
214 656
214 759
214 968
214 971
214 584
214 516
214 421
214 982
214 940
214 448
214 546
214 223
214 216
214 952
214 528
214 540
214 812
214 427
214 587
214 672
215 911
215 233
215 820
215 857
215 314
215 484
215 958
215 418
215 773
215 446
215 372
215 769
215 464
215 467
215 389
215 700
215 936
215 907
215 531
215 423
216 912
216 791
216 621
216 391
216 539
216 631
216 222
216 809
216 608
216 532
216 537
216 568
216 995
216 730
216 841
216 218
216 690
216 351
216 382
216 768
216 581
216 585
217 780
217 439
217 744
217 242
217 868
217 905
217 707
217 238
217 888
217 739
217 864
217 662
217 957
217 663
217 309
217 570
217 274
217 548
218 524
218 969
218 675
218 769
218 636
218 571
218 684
218 460
218 248
218 222
218 575
218 348
218 925
218 968
218 480
218 806
218 368
218 539
218 965
218 468
218 776
218 855
218 511
219 803
219 951
219 269
219 706
219 278
219 878
219 435
219 770
219 584
219 871
219 579
219 445
219 496
219 507
219 696
219 634
219 838
219 853
219 487
220 302
220 741
220 877
220 600
220 320
220 678
220 504
220 569
220 443
220 925
220 775
220 371
220 386
220 804
220 533
220 360
220 416
220 832
220 456
220 774
221 861
221 428
221 995
221 838
221 867
221 968
221 496
221 991
221 665
221 599
221 307
221 655
221 445
221 552
221 671
221 553
221 310
221 295
221 441
221 636
221 471
221 472
221 363
222 886
222 799
222 305
222 456
222 252
222 707
222 564
222 639
222 696
222 244
222 934
222 631
222 646
222 718
222 525
222 232
223 298
223 611
223 823
223 670
223 659
223 565
223 794
223 736
223 351
223 361
223 405
223 325
223 411
223 915
223 308
223 776
223 679
224 836
224 581
224 440
224 599
224 659
224 846
224 631
224 606
224 432
224 628
224 563
224 369
224 338
224 342
224 529
224 610
224 896
224 881
224 764
224 557
224 463
224 514
225 505
225 566
225 918
225 299
225 497
225 991
225 273
225 923
225 508
225 284
225 271
225 498
225 870
225 664
225 781
225 914
225 546
226 300
226 721
226 523
226 521
226 553
226 505
226 369
226 330
226 713
226 918
226 281
226 747
226 546
226 239
226 460
226 323
226 383
226 237
226 570
226 500
226 927
226 371
227 730
227 485
227 599
227 233
227 737
227 640
227 647
227 255
227 585
227 475
227 399
227 983
227 382
227 246
227 469
227 314
227 381
227 288
227 573
227 749
228 819
228 295
228 511
228 999
228 296
228 595
228 916
228 632
228 446
228 676
228 685
228 633
228 243
228 623
228 570
228 355
228 425
228 984
228 828
228 788
228 759
229 568
229 633
229 916
229 709
229 694
229 343
229 730
229 450
229 674
229 468
229 294
229 653
229 681
229 934
229 966
229 891
229 866
230 485
230 445
230 842
230 702
230 376
230 335
230 341
230 767
230 584
230 406
230 578
230 676
230 596
230 308
230 724
230 255
230 231
230 359
230 411
230 865
230 911
230 591
231 396
231 585
231 964
231 656
231 928
231 263
231 431
231 571
231 894
231 652
231 360
231 597
231 946
231 304
232 409
232 974
232 991
232 804
232 955
232 700
232 790
232 925
232 705
232 293
232 522
232 737
232 346
232 858
232 558
232 687
232 673
233 831
233 531
233 332
233 790
233 268
233 955
233 573
233 894
233 556
233 278
233 322
234 292
234 345
234 371
234 241
234 882
234 809
234 812
234 810
234 368
234 573
234 518
234 433
234 304
234 468
235 809
235 570
235 990
235 277
235 865
235 858
235 586
235 658
235 717
235 478
235 528
235 474
235 816
235 425
235 390
235 665
236 712
236 477
236 666
236 603
236 939
236 498
236 496
236 275
236 833
236 893
236 911
236 801
236 511
236 713
236 747
236 538
236 782
236 876
236 487
236 897
236 237
236 344
236 404
236 729
236 774
237 779
237 451
237 332
237 335
237 913
237 565
237 737
237 308
237 763
237 347
237 555
237 841
237 329
237 384
237 727
238 662
238 516
238 267
238 795
238 497
238 962
238 507
238 761
238 899
238 723
238 730
238 407
238 830
238 634
238 947
238 382
238 322
238 743
238 822
238 701
238 802
239 771
239 749
239 542
239 275
239 262
239 778
239 934
239 760
239 519
239 588
239 342
239 923
239 638
239 414
239 946
239 486
239 939
239 964
239 240
239 984
239 927
239 567
239 525
240 815
240 542
240 814
240 264
240 964
240 915
240 837
240 990
240 634
240 348
240 883
240 373
240 732
240 425
240 873
240 789
240 245
240 899
240 623
240 648
240 962
240 907
240 276
240 806
240 862
240 608
241 879
241 819
241 257
241 952
241 650
241 803
241 385
241 407
241 288
241 901
241 269
241 774
241 769
241 718
241 252
241 508
241 691
241 574
242 816
242 421
242 386
242 537
242 373
242 346
242 696
242 937
242 880
242 712
242 822
242 694
242 681
242 956
243 512
243 509
243 666
243 266
243 339
243 265
243 358
243 828
243 449
243 825
243 461
243 467
243 355
243 510
243 711
243 286
243 681
243 505
243 314
243 572
243 949
243 256
243 964
243 450
243 777
244 457
244 624
244 464
244 778
244 471
244 403
244 675
244 375
244 510
244 426
244 796
244 906
244 391
244 925
244 808
244 660
245 427
245 453
245 258
245 560
245 297
245 380
245 646
245 843
245 785
245 807
245 864
245 993
245 421
245 445
245 275
245 459
245 259
245 644
245 475
245 929
245 492
245 685
246 907
246 349
246 696
246 360
246 752
246 567
246 621
246 485
246 772
246 726
246 943
246 473
246 925
246 266
246 455
246 623
246 607
246 541
246 429
247 775
247 655
247 322
247 858
247 602
247 658
247 677
247 351
247 320
247 703
247 959
247 584
247 785
247 518
247 782
248 391
248 268
248 796
248 267
248 491
248 475
248 665
248 729
248 603
248 331
248 808
248 910
248 971
248 474
248 537
248 275
248 821
248 740
248 365
248 980
248 564
248 334
249 682
249 399
249 408
249 800
249 395
249 357
249 842
249 746
249 999
249 376
249 462
249 314
249 761
249 351
249 278
249 464
249 663
249 476
249 857
249 486
249 634
249 719
250 481
250 914
250 638
250 767
250 378
250 665
250 872
250 618
250 690
250 577
250 954
250 345
250 641
250 394
250 466
251 591
251 498
251 393
251 266
251 747
251 751
251 984
251 826
251 834
251 763
251 341
251 664
251 644
251 509
251 910
251 775
251 631
251 407
251 962
251 563
251 383
251 771
252 604
252 841
252 560
252 575
252 765
252 569
252 547
252 490
252 571
252 714
252 280
253 720
253 615
253 967
253 640
253 824
253 730
253 352
253 884
253 404
253 341
253 840
253 849
254 604
254 564
254 772
254 573
254 525
254 447
254 875
254 290
254 716
254 464
254 889
254 872
254 643
254 856
254 885
254 471
254 488
255 367
255 337
255 768
255 603
255 720
255 911
255 841
255 766
255 966
255 330
255 427
255 448
255 401
255 794
255 861
255 816
255 500
256 705
256 716
256 292
256 682
256 337
256 853
256 482
256 973
256 707
256 362
256 949
256 575
256 331
256 678
256 694
257 379
257 347
257 713
257 391
257 718
257 996
257 439
257 356
257 832
257 944
257 544
257 734
257 930
257 583
257 612
257 370
258 559
258 773
258 643
258 998
258 958
258 832
258 989
258 387
258 829
258 700
258 714
258 477
258 796
258 744
258 336
259 894
259 290
259 964
259 644
259 304
259 453
259 488
259 739
259 354
259 358
259 637
259 677
259 669
260 281
260 885
260 715
260 896
260 341
260 361
260 451
260 660
260 775
260 505
260 299
260 489
260 423
260 443
260 933
260 932
261 590
261 805
261 378
261 563
261 609
261 753
261 711
261 863
261 731
261 491
261 706
261 326
261 942
261 559
261 790
262 601
262 454
262 774
262 290
262 662
262 701
262 293
262 667
262 716
262 543
262 863
262 862
262 925
262 739
262 916
262 502
262 269
262 314
262 386
262 459
262 837
262 491
262 396
262 746
262 857
262 374
263 380
263 329
263 912
263 599
263 345
263 696
263 772
263 551
263 316
263 370
263 732
263 590
263 946
263 612
263 429
263 451
263 866
263 575
264 984
264 805
264 799
264 631
264 267
264 922
264 277
264 628
264 429
264 786
264 556
264 360
264 480
264 938
264 753
264 539
264 473
264 950
264 770
264 664
264 345
265 958
265 552
265 926
265 462
265 896
265 945
265 343
265 446
265 686
265 564
265 563
265 645
265 653
265 746
265 876
265 303
265 283
265 889
265 671
265 512
266 857
266 914
266 794
266 685
266 743
266 438
266 611
266 274
266 424
266 858
266 406
266 666
266 648
266 878
266 604
266 488
266 915
266 977
266 364
266 484
267 535
267 564
267 568
267 560
267 413
267 828
267 746
267 610
267 920
267 376
268 427
268 792
268 761
268 738
268 414
268 962
268 447
268 703
268 694
268 730
268 776
268 608
269 423
269 437
269 729
269 462
269 537
269 974
269 460
269 300
269 931
269 351
269 542
269 731
269 443
269 801
269 636
269 582
269 925
269 414
270 907
270 632
270 785
270 642
270 421
270 733
270 368
270 962
270 669
270 745
270 493
270 817
270 287
270 751
270 792
270 302
271 527
271 634
271 491
271 640
271 535
271 628
271 608
271 593
271 319
271 815
271 504
271 668
271 424
271 908
271 974
271 790
271 404
271 716
271 828
271 836
271 506
271 880
271 492
271 941
272 632
272 397
272 932
272 573
272 392
272 783
272 280
272 740
272 728
272 936
272 352
272 695
272 770
272 319
272 885
272 356
272 787
272 330
273 443
273 479
273 284
273 626
273 377
273 492
273 596
273 473
273 635
273 381
273 832
273 811
273 436
273 651
273 499
273 969
273 984
273 701
273 379
273 285
273 287
274 759
274 729
274 282
274 456
274 904
274 848
274 356
274 687
274 353
274 939
274 331
274 988
274 901
274 288
274 400
274 586
274 858
274 952
274 880
274 553
274 598
274 369
274 654
275 708
275 728
275 287
275 684
275 954
275 628
275 516
275 906
275 513
275 903
275 938
275 686
275 415
275 545
275 459
275 668
275 543
276 965
276 982
276 750
276 910
276 567
276 705
276 771
276 465
276 737
276 753
276 474
276 382
276 672
276 650
276 901
276 614
277 983
277 806
277 446
277 717
277 448
277 609
277 577
277 619
277 971
277 282
277 788
277 968
277 556
277 826
277 455
277 481
277 881
277 528
277 529
278 887
278 716
278 825
278 678
278 587
278 564
278 456
278 763
278 327
278 975
278 398
278 710
278 623
278 819
278 668
278 399
278 824
278 729
279 727
279 699
279 362
279 593
279 873
279 790
279 813
279 480
279 538
279 863
279 366
279 503
279 976
279 648
279 450
279 491
279 335
279 761
279 476
279 530
280 917
280 817
280 610
280 485
280 479
280 746
280 787
280 481
280 751
280 798
280 475
280 494
280 530
280 440
280 750
280 375
280 955
280 308
281 589
281 298
281 292
281 713
281 842
281 410
281 562
281 587
281 353
281 597
281 489
282 798
282 664
282 590
282 843
282 367
282 404
282 763
282 928
282 967
282 785
282 343
282 522
282 416
282 574
283 560
283 730
283 348
283 966
283 793
283 726
283 660
283 598
283 786
283 651
283 826
283 696
283 652
283 543
283 508
283 326
283 957
283 983
283 996
283 823
284 898
284 509
284 372
284 505
284 348
284 779
284 933
284 920
284 762
284 645
284 751
284 462
284 667
284 641
284 529
284 992
284 349
284 839
285 350
285 838
285 631
285 855
285 494
285 777
285 634
285 552
285 794
285 726
285 627
285 852
285 938
285 951
285 493
285 535
285 974
285 326
285 614
285 701
285 827
285 774
285 528
285 575
285 771
285 640
285 660
286 684
286 918
286 679
286 450
286 940
286 542
286 869
286 813
286 801
286 440
286 477
286 719
286 567
286 912
286 351
286 803
286 662
286 499
286 847
286 395
286 541
286 653
286 655
287 381
287 689
287 694
287 746
287 532
287 758
287 883
287 388
287 476
287 830
287 833
287 982
287 411
287 634
287 976
287 587
287 600
288 860
288 376
288 410
288 535
288 465
288 826
288 386
288 434
288 926
288 965
288 419
288 978
288 633
288 807
288 813
288 843
288 918
288 947
288 730
288 541
288 866
288 533
289 841
289 970
289 769
289 619
289 878
289 898
289 759
289 725
289 323
289 640
289 552
289 441
289 306
289 746
289 364
290 732
290 705
290 393
290 307
290 331
290 544
290 943
290 701
290 730
290 807
290 801
290 596
290 460
290 447
290 348
290 484
290 679
290 750
291 825
291 705
291 690
291 451
291 723
291 398
291 549
291 550
291 425
291 293
291 527
291 831
291 776
291 696
291 981
291 710
291 935
291 588
291 378
291 302
292 752
292 421
292 535
292 593
292 951
292 532
292 690
292 679
292 920
292 588
292 918
292 843
292 930
292 479
292 306
292 486
292 915
292 610
292 768
292 809
292 759
292 709
292 519
292 902
292 899
293 337
293 440
293 696
293 893
293 884
293 406
293 782
293 762
293 525
293 542
293 976
293 612
293 350
293 621
293 871
293 581
293 934
293 607
293 761
293 568
293 479
294 595
294 918
294 701
294 839
294 952
294 471
294 427
294 546
294 993
294 803
294 326
294 509
294 742
294 438
294 588
294 922
294 699
294 322
295 553
295 550
295 502
295 301
295 558
295 463
295 573
295 921
295 919
295 359
295 911
295 807
295 386
295 865
295 827
296 646
296 469
296 508
296 886
296 456
296 482
296 869
296 909
296 648
296 816
296 925
296 363
296 568
296 427
296 934
296 824
296 598
296 736
296 951
296 829
296 765
296 683
297 405
297 741
297 792
297 511
297 461
297 321
297 404
297 301
297 358
297 598
297 594
297 420
297 735
297 783
297 370
297 505
297 998
297 688
297 746
297 439
298 603
298 443
298 955
298 920
298 997
298 673
298 341
298 876
298 516
298 544
299 542
299 593
299 753
299 573
299 778
299 825
299 569
299 458
299 775
299 986
299 978
299 674
299 531
299 464
299 884
300 470
300 643
300 558
300 521
300 999
300 987
300 519
300 522
300 985
300 678
300 518
300 466
300 451
300 745
300 528
300 401
300 415
300 936
300 564
300 331
300 476
300 744
300 315
300 632
300 912
301 429
301 705
301 924
301 681
301 890
301 428
301 336
301 531
301 990
301 701
301 988
301 337
301 575
301 798
301 743
301 578
302 872
302 927
302 942
302 331
302 624
302 399
302 545
302 360
302 569
302 889
302 752
302 553
302 870
303 615
303 814
303 907
303 682
303 806
303 569
303 994
303 785
303 879
303 491
303 342
303 758
303 925
303 996
303 441
304 679
304 402
304 628
304 706
304 320
304 673
304 796
304 837
304 463
304 587
304 573
304 623
304 449
304 426
304 353
304 574
304 472
304 681
304 528
305 744
305 826
305 638
305 821
305 660
305 382
305 417
305 735
305 681
305 576
305 477
305 843
305 553
305 484
305 993
306 575
306 664
306 989
306 848
306 872
306 524
306 590
306 492
306 339
306 945
306 809
306 963
306 897
306 549
306 537
307 850
307 880
307 616
307 754
307 624
307 778
307 530
307 892
307 961
307 977
307 378
307 381
307 512
307 612
307 952
307 918
308 457
308 912
308 588
308 512
308 564
308 671
308 480
308 421
308 448
308 641
308 816
308 728
308 811
308 646
308 792
308 430
308 465
308 414
308 530
308 980
308 617
309 869
309 728
309 571
309 692
309 550
309 338
309 710
309 421
309 800
309 444
309 411
309 559
309 706
309 360
309 995
309 922
310 825
310 915
310 882
310 606
310 768
310 884
310 549
310 489
310 715
310 486
310 811
310 729
310 360
310 912
310 888
310 802
311 748
311 821
311 668
311 559
311 865
311 347
311 924
311 760
311 979
311 727
311 531
311 511
311 844
311 465
311 730
311 419
311 912
311 621
311 864
312 323
312 484
312 803
312 820
312 918
312 404
312 818
312 474
312 964
312 373
312 548
312 748
312 632
312 763
313 535
313 378
313 532
313 731
313 615
313 746
313 730
313 916
313 830
313 344
313 497
313 449
313 321
313 641
313 821
313 417
314 400
314 481
314 395
314 379
314 995
314 779
314 450
314 453
314 827
314 502
314 939
314 549
314 719
315 876
315 844
315 855
315 398
315 806
315 632
315 669
315 394
315 324
315 727
315 415
315 766
315 685
315 681
315 527
316 844
316 617
316 882
316 320
316 614
316 490
316 385
316 486
316 860
316 841
316 722
316 495
317 850
317 785
317 794
317 968
317 954
317 566
317 822
317 646
317 900
317 977
317 542
318 529
318 605
318 756
318 397
318 558
318 611
318 403
318 330
318 903
318 473
318 676
318 509
318 989
318 517
319 871
319 391
319 605
319 798
319 440
319 352
319 694
319 598
319 867
319 555
319 633
319 354
319 847
319 891
319 338
319 325
319 791
319 983
319 337
319 762
319 625
320 977
320 568
320 749
320 400
320 813
320 531
320 686
320 689
320 678
320 872
321 435
321 489
321 891
321 779
321 782
321 862
321 657
321 652
321 459
321 943
321 452
321 553
321 915
321 902
322 763
322 945
322 988
322 351
322 436
322 491
322 773
322 346
322 675
322 370
322 504
322 765
322 746
322 524
322 383
323 750
323 888
323 535
323 507
323 656
323 881
323 341
323 994
323 483
323 614
323 627
323 982
323 486
323 922
323 430
323 584
324 337
324 824
324 674
324 351
324 565
324 630
324 852
324 624
324 968
324 373
324 696
324 347
324 817
324 339
324 879
324 561
324 627
324 782
324 997
324 518
324 436
324 856
324 391
324 998
324 526
325 671
325 689
325 668
325 843
325 681
325 362
325 408
325 894
325 842
326 437
326 568
326 346
326 370
326 813
326 909
326 328
326 474
326 886
326 929
326 350
326 618
327 558
327 832
327 699
327 407
327 685
327 404
327 684
327 827
327 625
327 690
328 690
328 483
328 393
328 581
328 386
328 724
328 467
328 582
328 950
328 336
328 417
328 736
329 884
329 443
329 642
329 448
329 684
329 515
329 793
329 386
329 357
329 985
329 946
329 471
329 918
329 694
329 528
330 675
330 657
330 773
330 779
330 922
330 846
330 671
330 387
330 557
330 887
330 430
330 415
330 536
330 488
330 821
330 634
330 359
330 392
331 594
331 528
331 354
331 880
331 519
331 602
331 571
331 918
331 536
331 821
331 431
331 522
331 633
331 895
331 452
331 723
331 375
331 820
331 906
332 501
332 967
332 732
332 847
332 492
332 710
332 865
332 884
332 914
332 388
332 389
332 995
332 801
333 343
333 432
333 648
333 602
333 991
333 819
333 999
333 604
333 379
333 820
333 496
333 416
333 727
333 798
333 946
333 568
333 445
334 886
334 536
334 814
334 497
334 350
334 927
334 642
334 341
334 585
334 792
334 691
334 711
334 568
334 519
334 865
334 493
334 718
334 728
335 778
335 775
335 780
335 451
335 652
335 664
335 435
335 929
335 404
335 597
335 512
335 805
335 339
335 887
336 677
336 504
336 392
336 902
336 907
336 934
336 951
336 640
337 568
337 425
337 962
337 532
337 565
337 609
337 896
337 813
337 710
337 821
337 583
337 401
337 989
337 404
337 380
337 428
337 822
337 676
337 445
337 678
338 499
338 440
338 400
338 749
338 671
338 647
338 659
338 515
338 860
338 850
338 496
338 799
338 415
338 634
338 743
338 552
338 735
338 909
338 502
338 828
338 633
338 366
338 608
338 684
338 729
338 571
338 820
338 785
338 525
338 654
338 821
338 529
339 585
339 407
339 573
339 814
339 732
339 340
339 555
339 840
340 849
340 685
340 679
340 607
340 874
340 898
340 572
340 522
340 840
340 426
341 621
341 809
341 837
341 569
341 904
341 611
341 683
341 860
341 784
342 554
342 574
342 663
342 414
342 393
342 561
342 461
342 876
342 370
342 903
343 457
343 899
343 595
343 351
343 470
343 477
343 957
343 775
343 372
343 979
343 731
343 581
343 697
343 907
343 779
344 439
344 846
344 369
344 951
344 604
344 839
344 810
344 885
344 517
344 460
344 875
344 782
345 356
345 562
345 558
345 719
345 550
345 776
345 622
345 497
345 759
345 559
345 654
345 972
345 445
345 806
345 560
346 448
346 953
346 493
346 657
346 960
346 831
346 533
346 887
346 521
346 681
347 926
347 644
347 750
347 712
347 770
347 762
347 843
347 526
347 458
347 993
347 641
347 804
347 650
347 789
347 927
348 916
348 708
348 471
348 595
348 812
348 609
348 774
348 384
348 568
348 734
348 909
348 349
348 569
348 622
348 397
348 841
348 960
348 527
348 459
349 860
349 547
349 772
349 567
349 585
349 368
349 432
349 370
349 807
349 663
349 779
349 905
349 835
349 754
349 870
349 592
349 658
350 773
350 910
350 709
350 463
350 389
350 478
350 467
350 679
350 542
350 475
350 390
350 900
350 983
350 455
350 779
350 958
351 921
351 498
351 610
351 841
351 530
351 687
351 652
351 600
351 931
351 788
352 758
352 486
352 707
352 376
352 423
352 792
352 888
352 950
352 648
352 987
352 606
352 640
352 858
352 532
352 434
352 557
352 553
352 575
352 497
352 713
352 795
353 830
353 895
353 867
353 849
353 499
353 564
353 667
353 682
353 857
353 603
353 918
353 591
353 676
353 450
353 729
353 561
353 670
353 632
353 545
354 422
354 957
354 430
354 984
354 581
354 579
354 897
354 642
354 702
354 705
354 685
354 843
354 741
354 564
355 566
355 795
355 787
355 570
355 662
355 420
355 483
355 745
356 571
356 926
356 788
356 498
356 881
356 645
356 822
356 677
356 754
356 564
356 930
356 641
356 384
356 979
356 436
356 428
357 831
357 747
357 377
357 609
357 835
357 707
357 940
357 937
357 908
357 856
357 500
357 635
357 737
357 641
357 866
357 644
357 712
358 531
358 494
358 972
358 746
358 463
358 488
358 418
358 411
358 794
358 449
358 771
358 961
358 549
358 455
358 389
358 957
358 505
358 620
358 441
359 851
359 538
359 820
359 658
359 732
359 843
359 959
359 880
359 428
359 576
359 731
359 621
359 968
359 723
360 595
360 649
360 511
360 766
360 890
360 557
360 635
360 705
360 524
360 835
360 826
360 681
360 583
360 938
360 941
360 515
360 395
361 514
361 679
361 620
361 781
361 784
361 893
361 435
361 654
361 967
361 688
361 935
361 902
361 884
361 471
361 667
361 555
361 373
362 744
362 807
362 511
362 436
362 457
362 474
362 721
362 638
362 769
362 654
362 967
362 665
362 750
362 513
363 927
363 735
363 494
363 860
363 538
363 489
363 409
363 582
363 879
363 994
363 739
363 746
363 821
363 673
363 452
363 424
363 959
363 600
363 828
364 514
364 771
364 559
364 378
364 805
364 782
364 464
364 775
364 836
364 613
364 533
364 652
364 386
364 557
364 590
364 428
364 394
364 371
364 443
365 966
365 818
365 851
365 444
365 381
365 445
365 464
365 885
365 903
366 737
366 388
366 653
366 866
366 843
366 775
366 373
366 650
366 689
366 848
366 382
366 379
366 673
366 844
366 941
366 384
367 771
367 571
367 759
367 715
367 764
367 587
367 767
367 783
367 877
367 400
367 775
367 475
367 828
367 967
368 395
368 983
368 655
368 473
368 529
368 478
368 696
368 854
368 810
368 790
368 652
368 388
368 586
368 799
368 985
369 920
369 472
369 601
369 585
369 788
369 446
369 877
369 619
369 872
369 437
369 977
369 537
369 589
369 801
369 658
369 906
369 555
369 631
369 924
369 994
369 688
369 587
370 603
370 724
370 399
370 719
370 508
370 483
370 952
370 820
370 777
370 447
370 667
370 831
370 972
370 636
370 748
370 909
370 939
370 792
370 553
370 634
370 411
371 707
371 673
371 377
371 925
371 486
371 910
371 995
371 719
371 733
371 633
371 961
371 973
372 746
372 917
372 373
372 561
372 659
372 551
372 460
372 951
372 539
372 665
372 728
372 885
372 763
372 847
373 419
373 425
373 869
373 816
373 759
373 507
373 516
373 472
373 636
373 615
373 712
373 747
374 898
374 772
374 514
374 807
374 851
374 501
374 805
374 607
374 654
375 554
375 939
375 589
375 881
375 519
375 626
375 472
375 617
375 989
375 953
375 429
375 483
375 952
375 675
376 497
376 764
376 545
376 521
376 976
376 883
376 683
376 665
376 850
376 924
376 726
376 745
376 422
376 816
376 779
376 910
376 468
377 431
377 594
377 810
377 718
377 536
377 832
377 917
377 492
377 484
377 584
378 971
378 710
378 782
378 985
378 980
378 644
378 456
378 810
378 627
378 891
378 846
378 624
378 503
378 860
378 744
378 487
378 597
378 926
378 672
379 996
379 398
379 990
379 553
379 721
379 808
379 833
379 437
379 707
379 786
379 713
379 391
379 679
379 823
380 707
380 831
380 922
380 749
380 554
380 650
380 456
380 492
380 964
380 907
380 406
380 493
380 471
380 908
380 398
380 982
380 790
380 966
381 398
381 595
381 468
381 608
381 471
381 496
381 443
381 497
381 551
381 837
381 487
381 388
381 692
381 977
381 813
381 535
381 915
381 763
381 538
381 628
381 534
381 983
382 432
382 638
382 847
382 583
382 692
382 442
382 756
382 662
382 835
382 933
382 478
382 515
382 423
382 611
382 570
382 885
382 536
383 440
383 653
383 799
383 428
383 931
383 932
383 551
383 938
383 528
383 505
383 758
383 927
383 802
383 755
383 618
383 703
383 427
384 616
384 449
384 426
384 574
384 437
384 925
384 578
384 764
384 546
384 904
384 717
384 509
384 459
384 854
384 876
384 996
385 991
385 821
385 456
385 993
385 730
385 759
385 517
385 906
385 980
385 834
385 795
385 904
385 504
385 782
385 984
385 420
385 909
385 764
385 544
385 621
385 704
385 854
386 940
386 479
386 531
386 964
386 802
386 934
386 472
386 843
386 915
386 835
386 911
386 549
386 810
386 453
386 914
386 767
386 988
386 762
386 670
386 923
386 816
387 531
387 818
387 494
387 545
387 886
387 426
387 892
387 573
387 773
387 447
387 885
387 554
387 698
387 838
388 722
388 643
388 972
388 512
388 522
388 704
388 619
388 432
388 563
388 807
388 426
388 636
388 818
388 788
388 644
388 682
389 641
389 856
389 891
389 493
389 625
389 534
389 741
389 940
389 739
389 978
389 727
389 979
389 513
390 879
390 809
390 991
390 969
390 608
390 927
390 900
390 485
390 936
390 775
390 406
390 704
390 935
391 703
391 702
391 452
391 499
391 716
391 755
391 877
391 985
391 862
391 470
391 473
391 709
391 856
392 609
392 913
392 889
392 997
392 995
392 894
392 944
392 998
392 664
392 553
392 561
392 823
392 982
392 533
392 401
392 878
393 896
393 983
393 842
393 982
393 495
393 938
393 624
393 396
393 398
393 992
393 820
393 805
393 738
393 542
393 418
393 675
393 777
393 972
393 640
394 994
394 998
394 742
394 772
394 821
394 431
394 827
394 744
394 728
394 532
394 943
395 681
395 529
395 628
395 630
395 748
395 784
395 631
395 694
395 591
395 850
395 703
395 757
395 530
395 415
395 523
395 580
395 556
395 575
396 532
396 561
396 594
396 404
396 617
396 624
396 669
396 474
396 851
396 632
396 932
396 412
396 430
396 601
396 715
396 724
396 439
397 941
397 590
397 880
397 976
397 582
397 531
397 644
397 661
397 574
397 656
397 986
397 689
398 781
398 813
398 732
398 415
398 426
398 604
398 734
398 424
398 802
398 453
399 942
399 805
399 541
399 655
399 844
399 634
399 749
399 712
399 652
399 866
399 782
399 466
399 444
399 860
399 903
399 940
399 753
399 963
399 658
400 734
400 709
400 475
400 603
400 442
400 862
400 813
400 790
400 453
400 641
400 553
400 892
401 818
401 611
401 786
401 890
401 482
401 745
401 880
401 980
401 488
401 827
401 445
401 502
401 518
401 891
402 881
402 528
402 946
402 607
402 899
402 733
402 821
402 536
402 679
402 591
402 915
402 862
402 788
402 408
402 832
402 426
402 577
403 430
403 803
403 502
403 553
403 962
403 615
403 419
403 456
403 412
403 942
403 530
403 830
403 775
403 826
404 451
404 453
404 783
404 532
404 887
404 519
404 541
404 436
404 740
404 684
404 849
404 432
404 488
404 525
404 941
404 518
404 703
405 998
405 629
405 611
405 492
405 760
405 422
405 761
405 705
405 982
405 489
406 501
406 611
406 719
406 868
406 610
406 942
406 951
406 491
406 796
406 673
406 477
406 850
406 866
406 842
407 482
407 879
407 452
407 934
407 630
407 968
407 486
407 971
407 751
407 712
407 561
407 960
407 519
408 455
408 490
408 513
408 850
408 739
408 556
408 414
408 535
408 533
408 503
408 753
409 554
409 738
409 870
409 775
409 506
409 683
409 954
409 518
409 557
409 413
409 613
409 546
409 710
409 618
410 880
410 465
410 819
410 743
410 444
410 443
410 745
410 464
410 543
410 862
410 717
411 982
411 798
411 547
411 883
411 518
411 602
411 811
411 748
411 466
411 688
411 600
411 470
411 919
412 914
412 498
412 509
412 502
412 780
412 907
412 756
412 964
412 747
412 963
412 901
412 806
412 984
412 935
412 798
412 723
412 704
412 997
412 767
413 438
413 954
413 656
413 771
413 643
413 892
413 761
413 471
413 542
413 811
413 895
413 650
413 543
413 694
414 931
414 991
414 704
414 879
414 624
414 802
414 598
414 928
414 734
414 461
414 851
414 748
414 893
414 655
414 528
414 673
414 733
414 599
414 553
414 839
414 489
414 971
414 777
415 869
415 498
415 685
415 459
415 565
415 543
415 754
415 693
415 906
415 538
415 960
415 515
415 563
415 496
415 475
416 418
416 689
416 442
416 801
416 706
416 791
416 458
416 593
416 551
416 907
416 427
416 964
416 894
416 898
416 881
417 572
417 969
417 687
417 765
417 653
417 490
417 764
417 912
417 482
417 449
417 972
417 750
417 782
418 900
418 419
418 694
418 660
418 769
418 735
418 425
418 473
418 927
418 721
418 535
418 472
418 428
418 436
418 528
419 984
419 793
419 485
419 950
419 426
419 989
419 825
419 842
419 781
419 454
419 791
420 593
420 421
420 720
420 679
420 599
420 955
420 759
420 771
420 846
420 777
420 510
420 695
420 572
420 952
420 900
420 966
420 568
421 800
421 745
421 684
421 549
421 918
421 893
421 932
421 726
421 431
421 969
421 660
421 608
422 697
422 530
422 972
422 732
422 528
422 817
422 457
422 599
422 933
422 731
422 902
422 840
422 540
423 536
423 583
423 920
423 855
423 586
423 789
423 937
423 466
423 504
423 626
423 572
423 821
423 976
424 713
424 580
424 464
424 705
424 516
424 759
424 855
424 693
424 672
424 920
424 626
424 588
424 618
425 645
425 985
425 901
425 442
425 530
425 994
425 470
425 798
425 930
425 695
425 513
425 610
425 523
425 658
426 446
426 670
426 764
426 637
426 499
426 466
426 808
426 748
426 703
426 698
426 766
427 891
427 725
427 496
427 610
427 732
427 489
427 570
427 847
428 653
428 985
428 627
428 906
428 717
428 988
428 786
428 575
428 582
428 600
428 668
428 446
428 688
428 622
428 737
428 898
429 936
429 990
429 552
429 859
429 655
429 858
429 869
429 862
429 739
429 516
429 694
429 463
429 668
429 596
429 894
430 576
430 655
430 814
430 844
430 808
430 650
430 637
430 696
430 835
430 503
430 845
430 475
430 722
430 997
430 594
431 652
431 932
431 482
431 597
431 471
431 742
431 947
431 506
431 551
431 777
431 996
431 957
431 668
431 458
432 468
432 680
432 514
432 927
432 480
432 814
432 938
432 901
432 704
432 713
432 932
432 869
432 526
432 491
432 766
432 473
432 759
432 900
432 961
432 940
433 592
433 789
433 975
433 881
433 504
433 827
433 486
433 888
433 989
433 458
433 613
433 651
433 783
433 765
433 934
434 436
434 927
434 821
434 818
434 550
434 813
434 765
434 469
434 529
434 829
434 766
434 963
434 776
434 744
435 652
435 664
435 807
435 750
435 615
435 954
435 875
435 563
435 821
435 790
435 649
435 842
435 733
435 533
435 929
435 480
435 896
435 982
436 891
436 987
436 613
436 812
436 437
436 664
436 985
436 640
436 826
436 911
436 576
436 570
436 890
437 986
437 484
437 966
437 873
437 469
437 456
437 687
437 497
437 697
437 681
437 695
438 787
438 718
438 609
438 909
438 681
438 548
438 936
438 544
438 950
438 608
438 524
438 653
439 714
439 625
439 590
439 951
439 541
439 928
439 488
439 876
439 447
439 771
439 976
440 512
440 977
440 619
440 626
440 761
440 781
440 540
440 906
440 845
441 575
441 647
441 987
441 467
441 806
441 521
441 859
441 874
441 856
442 779
442 683
442 453
442 458
442 485
442 690
442 957
442 560
442 701
442 916
442 501
442 763
442 955
442 753
442 936
442 942
442 902
443 451
443 594
443 538
443 776
443 566
443 607
443 533
443 700
443 638
443 833
443 761
443 798
443 663
443 827
443 536
443 803
444 468
444 618
444 612
444 581
444 496
444 842
444 866
444 756
444 963
444 821
444 808
444 601
444 957
445 566
445 488
445 977
445 983
445 811
445 453
445 645
445 514
445 536
445 725
445 446
445 917
445 945
445 678
446 587
446 980
446 585
446 644
446 638
446 824
446 897
446 526
446 842
446 783
446 553
446 797
446 767
446 677
447 680
447 490
447 534
447 854
447 594
447 504
447 541
447 935
448 785
448 601
448 546
448 855
448 459
448 522
449 696
449 453
449 734
449 723
449 454
449 740
449 688
449 543
449 662
449 747
449 537
449 883
450 720
450 872
450 980
450 567
450 897
450 558
450 815
450 838
450 795
451 805
451 837
451 575
451 586
451 756
451 500
451 746
451 768
451 505
452 715
452 662
452 964
452 458
452 934
452 722
452 892
452 807
452 549
452 891
452 666
452 682
452 935
452 823
452 641
453 605
453 960
453 840
453 574
453 650
453 965
453 657
453 877
453 864
453 885
453 674
453 828
453 875
453 752
453 641
453 651
453 855
454 789
454 558
454 606
454 807
454 496
454 759
454 623
454 779
454 768
454 517
454 469
454 666
454 953
454 995
455 716
455 557
455 542
455 624
455 747
455 480
455 464
455 784
455 769
455 719
456 729
456 632
456 491
456 625
456 834
456 936
456 775
456 626
456 659
456 532
456 917
457 762
457 913
457 672
457 514
457 901
457 939
457 845
457 725
457 483
457 463
457 781
457 967
457 858
457 507
457 584
458 811
458 557
458 504
458 943
458 499
458 848
458 654
458 612
458 760
458 906
459 826
459 773
459 996
459 783
459 662
459 810
459 680
459 637
459 963
459 549
459 625
459 901
459 847
459 726
459 509
459 978
459 499
459 641
460 960
460 605
460 967
460 726
460 501
460 774
460 463
460 583
460 910
461 525
461 728
461 594
461 963
461 516
461 744
461 570
461 750
461 483
462 915
462 839
462 950
462 469
462 771
462 560
462 984
462 565
462 908
462 801
462 995
462 831
462 497
462 886
463 763
463 861
463 544
463 914
463 498
463 602
463 915
463 627
463 546
463 496
463 909
463 787
463 468
463 901
463 678
463 559
464 878
464 918
464 742
464 806
464 864
464 485
464 808
464 927
465 502
465 665
465 541
465 703
465 963
465 636
465 551
465 492
465 629
465 632
465 980
465 961
465 772
465 702
465 648
465 717
465 529
465 819
465 811
465 524
465 640
466 546
466 523
466 930
466 690
466 538
466 535
466 988
466 766
466 961
466 704
466 720
466 814
466 992
466 902
466 955
466 792
467 679
467 567
467 999
467 555
467 759
467 658
467 798
468 553
468 974
468 572
468 932
468 892
468 723
468 484
468 809
468 817
469 527
469 745
469 589
469 932
469 583
469 783
469 736
469 851
469 490
469 668
470 548
470 900
470 984
470 529
470 875
470 936
470 754
470 802
470 922
470 621
470 600
470 853
470 575
470 632
470 954
470 535
471 560
471 507
471 479
471 874
471 557
471 548
471 538
471 547
471 591
471 715
472 903
472 880
472 551
472 644
472 960
472 929
472 997
472 542
472 704
472 548
472 791
472 831
472 796
472 992
472 802
472 916
472 923
473 617
473 547
473 677
473 491
473 992
473 593
473 810
473 808
473 902
473 709
473 662
473 828
474 534
474 826
474 950
474 560
474 505
474 531
474 914
474 939
474 996
474 620
474 714
474 945
475 573
475 498
475 566
475 781
475 615
475 999
475 670
475 881
476 500
476 593
476 667
476 840
476 541
476 571
476 850
476 504
476 949
476 547
476 641
476 972
477 718
477 934
477 704
477 966
477 751
477 976
477 842
477 719
478 843
478 648
478 609
478 956
478 752
478 489
478 548
478 706
478 766
478 500
478 940
478 493
478 815
479 491
479 806
479 526
479 615
479 991
479 695
479 826
479 913
479 848
479 700
479 838
479 962
480 997
480 695
480 720
480 729
480 873
480 518
480 784
480 738
480 515
481 744
481 623
481 793
481 878
481 750
481 649
481 865
481 839
481 884
481 775
481 843
481 617
481 819
482 568
482 671
482 697
482 678
482 628
482 605
482 755
482 831
482 939
482 915
482 968
482 954
482 984
482 483
483 581
483 827
483 850
483 540
483 673
483 597
483 798
483 509
483 724
484 830
484 529
484 681
484 755
484 655
484 944
484 553
484 700
484 946
484 694
484 552
485 600
485 878
485 491
485 858
485 905
485 654
485 642
485 806
485 802
485 945
485 953
485 773
485 564
486 682
486 970
486 557
486 843
486 883
486 781
486 685
486 976
486 641
486 958
486 885
486 995
486 695
486 911
487 951
487 700
487 551
487 899
487 670
487 647
487 579
487 815
487 783
487 558
487 925
487 811
487 974
487 653
487 665
487 895
488 797
488 918
488 644
488 598
488 640
488 964
488 700
488 892
488 543
488 933
488 922
489 691
489 545
489 585
489 786
489 929
489 792
489 651
489 801
489 807
489 606
489 513
489 510
489 873
489 544
489 972
489 933
489 581
490 961
490 681
490 847
490 888
490 648
490 854
490 701
490 975
490 613
490 516
490 576
490 717
490 567
491 608
491 889
491 520
491 891
491 531
491 559
491 707
491 652
491 896
491 847
491 797
491 813
492 902
492 796
492 746
492 894
492 913
492 525
492 651
492 756
492 945
492 782
492 518
492 880
492 678
492 506
493 494
493 929
493 584
493 545
493 578
493 541
494 860
494 920
494 554
494 898
494 671
494 532
494 889
494 969
494 683
494 503
494 783
494 747
495 897
495 783
495 958
495 712
495 943
495 579
495 639
495 913
495 678
495 918
495 695
495 649
496 951
496 659
496 760
496 646
496 891
496 632
496 782
496 674
496 591
496 892
496 805
496 517
496 527
496 986
497 922
497 993
497 503
497 890
497 943
497 629
497 679
497 934
497 772
497 849
497 599
497 964
497 724
497 764
497 878
498 941
498 751
498 974
498 549
498 855
498 609
498 697
498 979
498 989
498 635
498 812
498 548
498 959
498 704
499 781
499 598
499 542
499 560
499 819
499 764
499 914
499 753
499 964
500 924
500 919
500 723
500 837
500 608
500 769
500 988
500 760
500 987
500 718
500 941
500 958
500 730
501 646
501 546
501 784
501 940
501 824
501 800
501 618
502 710
502 656
502 702
502 759
502 892
502 585
502 727
502 685
502 967
502 913
502 872
502 821
503 894
503 916
503 817
503 867
503 662
503 590
503 966
503 704
503 800
504 755
504 950
504 802
504 948
504 609
504 511
504 788
504 747
504 620
504 523
504 827
505 799
505 596
505 963
505 804
505 834
505 859
505 933
505 932
505 548
505 780
505 887
505 957
506 561
506 799
506 930
506 577
506 722
506 786
506 696
506 652
506 993
506 677
506 729
507 516
507 988
507 726
507 529
507 914
508 831
508 859
508 620
508 760
508 633
508 715
508 605
508 848
508 782
508 726
508 594
508 964
508 679
508 824
508 691
508 766
508 802
509 861
509 628
509 925
509 660
509 516
509 578
509 933
509 804
509 850
510 775
510 708
510 981
510 748
510 730
510 517
510 839
510 953
510 594
510 541
511 808
511 916
511 577
511 998
511 641
511 600
511 699
511 561
511 721
511 878
511 959
511 527
512 977
512 696
512 617
512 900
512 791
512 521
512 794
512 815
512 623
512 652
512 755
512 632
512 724
513 809
513 817
513 732
513 887
513 647
513 688
513 625
513 977
513 704
513 778
513 709
514 816
514 726
514 721
514 731
514 666
514 537
514 843
514 801
514 743
514 821
514 925
514 906
514 536
515 564
515 521
515 785
515 829
515 594
515 791
515 901
515 898
515 794
516 590
516 674
516 792
516 887
516 931
516 606
516 913
516 857
516 988
516 588
516 720
516 553
516 685
517 989
517 658
517 923
517 593
517 912
517 911
517 850
517 529
517 602
517 885
517 834
517 539
518 748
518 657
518 886
518 620
518 856
518 661
519 560
519 558
519 902
519 994
519 868
519 691
519 522
519 787
520 724
520 652
520 843
520 788
520 901
520 717
520 991
520 731
520 756
520 604
520 859
520 761
520 532
520 701
520 952
520 947
520 854
520 767
520 853
521 977
521 636
521 970
521 808
521 981
521 807
521 719
521 725
521 721
521 896
521 577
521 537
521 522
521 838
521 582
521 744
522 861
522 926
522 658
522 608
522 772
522 770
522 834
522 829
522 594
522 720
522 673
522 541
522 572
522 978
522 843
522 896
523 921
523 784
523 741
523 756
523 647
523 845
523 786
523 835
524 991
524 908
524 705
524 632
524 545
524 797
524 874
525 733
525 794
525 996
525 856
525 810
525 986
525 809
525 593
525 824
525 933
525 642
525 979
525 626
526 670
526 734
526 919
526 978
526 946
526 951
526 736
526 633
526 563
526 721
526 638
526 985
526 557
526 779
527 956
527 528
527 729
527 886
527 921
527 789
527 989
527 990
527 903
527 948
527 855
528 638
528 893
528 916
528 688
528 925
528 755
528 870
528 991
528 746
529 838
529 932
529 813
529 850
529 664
529 603
529 922
529 996
529 670
529 889
530 807
530 951
530 799
530 886
530 648
530 786
530 794
530 622
530 820
530 862
530 851
530 580
530 819
530 883
530 989
530 928
530 715
531 809
531 543
531 571
531 684
531 689
531 607
531 997
531 609
531 823
531 642
531 874
531 605
531 924
531 541
531 911
532 563
532 743
532 777
532 536
532 647
532 811
532 842
532 778
532 697
532 897
532 841
533 906
533 607
533 700
533 666
533 976
533 650
534 712
534 840
534 869
534 928
534 796
534 863
534 953
534 915
534 754
534 611
534 914
534 720
534 542
534 690
534 983
535 718
535 841
535 634
535 662
535 555
535 938
535 954
535 665
535 980
536 623
536 891
536 910
536 764
536 918
536 736
536 793
536 645
536 956
536 834
537 851
537 836
537 609
537 773
537 816
537 953
537 540
537 970
537 637
537 572
537 663
537 626
537 874
537 570
538 864
538 621
538 571
538 595
538 562
538 642
538 956
538 568
538 751
538 959
539 776
539 656
539 723
539 727
539 582
539 793
539 739
539 616
539 929
539 907
540 805
540 655
540 878
540 836
540 775
540 862
540 725
540 751
540 837
540 816
541 882
541 579
541 914
541 932
541 562
541 641
542 617
542 638
542 552
542 923
542 828
542 710
542 858
542 897
542 758
542 693
542 855
542 958
543 993
543 949
543 970
543 630
543 792
543 591
543 932
543 814
543 715
543 754
543 862
543 953
543 759
543 585
543 622
543 974
544 931
544 649
544 764
544 964
544 804
544 548
544 695
544 573
545 582
545 923
545 715
545 912
545 998
545 555
545 732
545 651
545 670
545 736
545 846
545 721
545 882
546 684
546 988
546 942
546 763
546 675
546 883
546 898
546 905
546 647
547 791
547 738
547 785
547 892
547 947
547 615
547 983
548 807
548 776
548 801
548 902
548 862
548 855
548 579
548 624
548 654
548 618
548 940
548 748
548 552
548 854
548 803
549 878
549 806
549 818
549 726
549 957
549 559
549 863
549 977
549 886
550 922
550 620
550 692
550 778
550 738
550 719
550 992
550 905
550 764
551 696
551 675
551 789
551 754
551 618
551 778
551 888
551 728
551 612
551 855
552 668
552 720
552 741
552 589
552 922
552 991
552 986
552 980
552 632
553 625
553 971
553 594
553 758
553 874
553 941
553 754
553 666
553 683
553 751
553 566
553 561
554 782
554 741
554 743
554 774
554 663
554 914
554 588
554 866
554 821
554 639
554 953
554 665
555 997
555 977
555 893
555 866
555 788
555 736
555 644
555 686
555 831
555 824
555 617
555 994
555 659
556 972
556 741
556 833
556 578
556 785
556 642
556 985
556 571
556 817
556 944
556 873
556 791
556 572
556 759
556 970
556 949
556 936
557 871
557 786
557 761
557 987
557 691
558 608
558 757
558 825
558 952
558 728
558 962
558 895
558 748
558 734
558 984
558 633
558 709
558 856
559 845
559 901
559 745
559 569
559 799
559 567
559 846
559 612
560 570
560 685
560 630
560 732
560 618
561 690
561 715
561 624
561 833
561 595
561 868
561 996
561 854
561 791
561 808
561 758
562 855
562 804
562 620
562 612
562 937
562 603
562 885
563 719
563 964
563 958
563 633
563 925
564 685
564 639
564 606
564 899
564 933
564 834
564 915
564 977
564 967
564 788
564 951
564 799
565 802
565 661
565 884
565 825
565 992
565 894
565 596
565 909
566 926
566 617
566 729
566 921
566 643
566 886
566 625
567 869
567 981
567 588
567 773
567 673
567 771
567 841
567 989
568 631
568 815
568 755
568 823
568 674
568 769
568 723
568 665
568 865
568 830
569 583
569 757
569 655
569 936
569 818
569 865
569 920
569 628
569 970
570 960
570 573
570 798
570 717
570 808
570 904
570 695
570 938
570 809
570 788
570 642
570 980
571 862
571 811
571 610
571 686
571 723
571 793
571 683
571 681
571 698
571 589
571 714
572 799
572 902
572 765
572 681
572 666
572 662
572 684
572 752
572 623
572 744
572 891
573 706
573 818
573 765
573 843
573 745
573 764
573 959
573 934
573 665
573 625
573 645
574 955
574 621
574 840
574 783
574 771
574 942
574 606
574 685
574 780
574 782
574 900
574 754
574 719
575 917
575 605
575 854
575 739
575 624
575 670
575 710
575 843
576 620
576 641
576 646
576 928
576 922
576 780
577 920
577 692
577 940
577 969
577 831
577 597
577 647
577 851
577 738
578 908
578 659
578 604
578 895
578 651
578 960
578 824
578 674
578 943
578 963
578 804
578 760
578 888
579 984
579 889
579 589
579 767
579 752
579 612
579 787
579 680
580 838
580 997
580 974
580 581
580 912
580 883
580 773
580 597
580 911
580 657
580 905
580 945
581 962
581 807
581 627
581 896
581 758
582 928
582 974
582 714
582 677
582 583
582 847
582 765
582 595
582 997
582 824
582 948
583 597
583 876
583 999
583 586
583 622
583 883
583 698
583 908
583 697
583 742
584 677
584 764
584 873
584 947
584 929
584 969
584 880
585 917
585 970
585 638
585 624
585 901
585 928
585 793
585 776
585 803
586 948
586 640
586 845
586 797
586 873
586 607
586 849
586 653
586 967
586 634
586 994
586 766
587 996
587 908
587 727
587 997
587 614
587 890
587 675
588 652
588 805
588 806
588 983
588 682
588 841
588 893
588 734
588 937
588 887
589 860
589 660
589 615
589 679
589 646
589 857
589 933
589 927
589 847
589 726
589 658
589 818
590 888
590 812
590 699
590 990
590 674
590 985
590 994
590 741
590 860
590 782
590 996
590 911
591 985
591 989
591 641
591 620
591 892
591 788
591 615
591 627
591 776
591 771
591 799
592 847
592 681
592 676
592 662
592 606
592 903
592 686
592 974
592 871
592 944
593 718
593 876
593 640
593 837
593 983
593 863
593 700
593 898
594 958
594 643
594 754
594 860
594 640
594 981
594 803
594 654
595 811
595 989
595 704
595 865
595 986
595 633
595 636
595 859
595 786
596 974
596 975
596 905
596 953
596 601
596 664
597 714
598 718
598 763
598 808
598 613
598 971
598 847
598 984
598 759
598 896
598 856
598 724
599 632
599 951
599 921
599 929
599 882
599 631
599 685
599 991
599 952
599 734
599 616
599 655
600 730
600 703
600 626
600 606
600 650
600 929
600 966
600 881
600 919
600 819
600 667
600 788
601 678
601 758
601 853
601 902
601 672
601 948
601 709
601 874
601 750
601 755
601 838
601 732
601 681
601 943
601 662
601 674
602 964
602 986
602 627
602 799
602 970
602 825
602 764
602 740
602 677
602 789
602 718
602 692
602 984
603 661
603 725
603 735
603 869
603 903
603 898
604 652
604 721
604 717
604 844
604 888
604 703
604 757
604 978
604 755
605 795
605 628
605 626
605 632
605 703
605 792
605 691
605 789
606 712
606 923
606 886
606 700
607 618
607 997
607 788
607 872
607 932
607 956
607 722
607 840
607 947
607 746
607 961
607 986
607 734
607 667
607 973
607 750
607 889
607 741
608 684
608 857
608 765
608 796
608 841
608 909
608 914
609 665
609 855
609 809
609 644
609 991
609 787
610 757
610 949
610 670
610 737
610 735
610 898
610 874
610 977
610 981
610 704
610 833
610 901
610 836
610 739
610 616
610 726
610 692
610 752
611 862
611 626
611 941
611 825
611 889
611 942
611 739
611 738
612 623
612 675
612 660
612 899
612 808
612 750
612 948
612 748
612 663
612 855
612 768
612 871
612 771
612 891
613 988
613 894
613 913
613 775
613 928
613 952
614 800
614 628
614 916
614 957
614 979
614 771
614 756
614 726
614 741
614 777
615 778
615 894
615 797
615 828
615 994
615 744
615 937
615 817
616 637
616 903
616 683
616 800
616 815
616 892
616 777
616 639
616 722
616 789
616 985
616 882
616 652
616 875
617 789
617 949
617 696
617 897
617 738
617 842
617 740
617 867
617 629
617 708
617 693
618 736
618 838
618 625
618 677
618 984
618 782
618 912
618 848
618 793
618 784
619 728
619 990
619 883
619 764
619 776
619 813
619 674
619 981
619 635
620 787
620 707
620 991
620 939
620 944
620 998
620 980
620 724
620 918
620 765
620 714
621 924
621 851
621 901
621 827
621 970
621 702
621 897
621 978
621 764
621 628
621 798
621 835
621 904
621 958
621 814
621 729
621 685
622 946
622 670
622 683
622 706
622 981
622 770
622 938
623 870
623 638
623 750
623 938
623 884
623 631
623 891
623 695
623 833
623 940
623 689
623 737
623 735
624 709
624 706
624 628
624 986
624 765
624 906
624 818
624 902
624 727
624 859
624 808
624 860
624 852
625 957
625 944
625 765
625 734
625 884
625 671
625 703
625 782
625 644
625 636
625 947
625 711
625 818
626 650
626 785
626 850
626 701
626 912
626 798
626 714
627 788
627 872
627 695
627 694
627 860
627 778
627 900
627 756
627 733
627 779
628 952
628 814
628 637
628 942
628 820
628 910
628 778
628 874
628 817
628 768
629 862
629 766
629 727
629 633
629 749
629 922
629 970
629 975
629 691
629 956
629 863
629 728
630 941
630 738
630 971
630 866
630 874
630 858
630 833
630 976
630 658
630 687
630 985
630 796
631 808
631 686
631 634
631 989
631 633
631 999
631 919
631 996
631 879
631 846
631 845
632 638
632 793
632 893
632 671
632 972
632 939
632 804
632 919
632 818
633 829
633 665
633 990
633 979
633 774
633 690
633 969
633 711
634 921
634 922
634 756
634 962
634 839
634 789
634 840
634 984
634 818
634 894
634 766
634 998
634 691
635 882
635 878
635 969
635 988
635 789
635 792
635 666
635 951
636 705
636 955
636 809
636 833
636 746
636 781
636 889
637 916
637 790
637 764
637 941
637 734
637 970
637 738
637 736
637 670
637 660
638 963
639 989
639 834
639 858
639 921
640 966
640 801
640 674
640 860
640 773
640 771
640 876
640 861
640 831
641 886
641 726
641 928
641 808
641 661
641 832
641 860
641 759
642 836
642 805
642 908
642 718
642 678
642 786
642 819
643 721
643 783
643 786
643 740
643 988
643 804
643 649
643 889
643 788
643 992
643 994
643 981
644 902
644 680
644 791
644 746
644 750
644 762
644 828
644 993
644 742
644 699
645 953
645 688
645 667
645 914
645 677
645 691
645 850
645 869
645 918
645 656
645 987
645 957
646 994
646 708
646 675
646 750
646 996
646 780
646 805
646 694
646 921
646 940
647 800
647 951
647 878
647 805
647 764
647 865
647 861
647 724
647 732
647 774
648 969
648 759
648 948
648 679
648 868
648 945
648 931
648 811
648 734
648 923
648 773
648 823
649 740
649 806
649 984
649 732
649 651
649 837
649 932
649 844
649 784
649 654
650 866
650 926
650 922
650 691
650 727
650 765
650 880
650 919
651 727
651 717
651 983
652 780
652 706
652 770
652 764
652 655
652 996
652 843
652 932
652 847
652 802
653 668
653 715
653 755
653 963
653 834
653 739
654 978
654 760
654 821
654 720
654 954
654 750
654 752
654 757
654 811
654 732
655 831
655 778
655 957
655 747
655 862
655 873
655 795
655 712
656 928
656 709
656 940
656 737
656 998
656 979
656 912
657 811
657 763
657 885
657 902
657 709
657 803
657 665
657 904
657 733
657 722
657 884
658 885
658 758
658 832
658 771
658 974
658 815
658 746
658 882
658 898
658 879
659 995
659 953
659 822
659 846
659 912
659 684
659 881
659 787
660 945
660 724
660 931
660 836
660 680
660 894
660 956
660 744
660 715
661 771
661 701
661 915
661 725
661 772
661 698
661 886
661 672
662 899
662 964
662 679
662 924
662 729
662 814
662 851
662 962
662 706
663 873
663 684
663 736
663 669
664 875
664 832
664 718
664 887
664 949
664 891
664 999
665 769
665 715
665 831
665 744
665 907
665 771
665 682
666 809
666 906
666 812
666 940
666 723
666 961
666 986
666 804
666 769
666 952
666 747
667 685
667 988
667 814
667 920
667 671
667 681
668 683
668 712
668 990
668 890
668 968
668 797
668 896
668 907
668 807
669 986
669 971
669 803
669 840
669 836
669 720
669 857
669 932
669 888
670 716
670 985
670 916
670 837
671 942
671 992
671 721
671 861
671 961
671 868
672 971
672 792
672 837
672 921
672 740
672 969
672 994
672 718
672 930
672 846
672 724
673 716
673 815
673 779
673 917
673 753
673 719
673 820
673 818
674 743
674 936
674 787
674 758
675 714
675 950
675 710
675 759
675 829
675 995
675 893
676 787
676 760
676 775
676 725
676 754
676 929
677 731
677 791
677 915
677 706
677 991
677 718
677 978
677 836
678 882
678 728
678 796
678 693
678 984
678 730
678 967
679 854
679 772
679 693
679 736
679 707
679 977
679 922
679 826
679 860
679 833
679 819
680 734
680 862
680 736
680 698
680 746
680 749
680 684
681 958
681 903
681 876
681 767
681 741
681 966
681 704
681 887
682 689
682 898
682 707
682 687
682 958
682 830
682 827
682 805
682 862
682 970
683 835
683 990
683 712
683 970
683 711
683 805
683 881
684 830
684 694
684 819
684 990
684 864
685 806
685 999
685 701
685 897
685 793
685 939
685 918
685 926
685 734
686 968
686 913
686 726
686 944
687 796
687 712
687 795
687 820
687 842
687 846
688 770
688 883
688 913
688 874
688 797
689 955
689 706
689 959
689 896
689 760
689 771
689 907
689 694
689 704
690 761
690 891
690 865
690 979
690 785
690 890
690 958
690 723
691 877
691 919
691 918
691 734
691 795
691 806
691 872
691 960
691 758
691 907
692 770
692 928
692 701
692 976
692 751
692 925
692 889
692 927
692 958
693 827
693 762
693 886
693 782
693 720
693 709
693 829
693 878
694 934
694 811
694 765
694 778
694 950
695 701
695 873
695 942
695 976
695 758
695 723
695 848
695 953
695 984
696 958
696 897
696 735
696 888
696 936
696 727
696 723
697 706
697 807
697 930
697 837
697 876
697 838
697 813
698 993
698 760
698 997
698 906
698 725
698 892
698 706
698 708
699 745
699 870
699 943
699 844
699 931
699 756
699 743
700 823
700 747
700 919
700 867
700 758
700 984
700 730
700 768
700 793
701 785
701 841
701 929
701 719
701 979
701 941
701 856
702 719
702 917
702 741
702 891
702 868
702 707
702 763
702 971
702 934
702 974
703 710
703 927
703 914
703 874
703 827
703 961
703 850
703 980
703 799
704 718
704 866
704 884
704 706
704 834
705 926
705 765
705 972
705 766
706 915
706 796
706 762
706 805
706 980
706 976
706 948
706 975
706 845
706 834
707 801
707 832
707 855
707 771
708 785
708 758
708 910
708 776
708 849
709 952
709 859
709 960
709 935
710 726
710 895
710 868
710 839
710 909
710 759
710 855
710 908
711 920
711 988
711 944
711 939
712 992
712 855
712 905
712 965
712 977
712 809
712 812
712 732
712 832
713 738
713 962
713 731
713 936
713 828
713 993
713 895
713 834
713 913
714 875
714 723
714 788
714 907
714 893
714 903
714 914
714 840
715 973
715 947
715 930
715 758
715 830
715 963
715 755
715 878
715 836
715 917
716 831
716 924
716 972
717 805
717 901
717 945
717 737
717 759
717 906
718 964
718 872
718 933
718 841
718 829
718 982
718 972
718 765
719 788
719 878
719 850
719 800
720 804
720 878
720 768
720 937
720 920
720 863
720 955
720 826
721 912
721 866
721 871
721 875
721 782
721 889
721 752
722 888
722 979
722 834
723 963
723 898
723 958
723 993
723 733
723 860
723 799
723 821
723 979
723 905
724 791
724 877
725 811
725 935
725 941
725 843
725 732
725 943
725 932
725 817
725 856
725 774
726 802
726 774
726 882
726 974
726 789
726 965
727 818
727 730
727 959
727 846
727 891
727 975
727 937
727 763
727 728
728 737
728 985
728 899
728 941
728 882
728 940
729 998
729 799
729 737
729 785
730 745
730 865
730 989
730 837
730 742
730 815
730 994
731 851
731 745
731 977
731 805
732 964
732 989
732 929
732 901
732 878
732 780
732 939
732 857
732 801
733 922
733 818
733 864
733 769
733 959
733 978
733 858
733 873
733 755
733 889
734 885
734 908
734 860
734 846
734 757
734 735
735 850
735 914
735 982
735 874
735 813
735 845
735 946
736 766
737 922
737 901
737 821
737 874
737 799
738 899
738 876
738 778
738 985
738 761
738 794
738 852
738 824
738 753
738 759
738 788
738 922
738 828
739 939
739 813
739 980
739 793
740 993
740 789
741 995
741 796
741 764
742 904
742 936
742 788
742 947
743 991
743 971
743 763
743 751
743 864
744 836
744 816
744 965
745 874
745 910
745 829
745 778
745 965
746 791
746 865
746 789
746 919
746 805
746 765
746 777
747 998
747 932
747 807
747 797
747 837
747 793
747 950
748 964
748 928
748 982
749 920
749 898
749 917
749 870
750 815
750 791
750 983
750 789
750 980
750 935
750 870
750 934
750 876
751 957
751 821
751 830
751 985
751 802
751 893
751 814
752 925
752 945
752 794
752 976
753 969
753 963
753 815
753 957
753 896
753 763
753 802
753 832
753 941
753 823
753 877
753 915
753 785
754 808
754 961
754 801
755 964
755 883
756 826
756 877
756 785
756 863
756 927
757 962
758 970
758 944
758 863
758 844
758 959
758 949
759 773
759 782
759 955
759 989
759 908
760 766
760 873
761 848
761 913
761 810
761 785
761 932
761 767
761 947
761 997
762 987
763 994
763 947
763 958
764 802
764 938
764 935
764 860
765 891
765 948
765 894
765 925
765 950
765 946
765 901
765 784
766 897
766 788
766 945
766 799
766 986
766 795
766 868
766 950
767 934
767 942
767 796
767 847
767 848
767 867
767 804
768 849
768 886
768 882
768 865
768 829
768 854
769 974
769 861
769 894
769 808
769 916
769 848
769 889
769 860
770 937
770 822
770 908
770 891
770 969
770 873
770 852
771 812
771 984
771 805
771 879
771 832
771 902
771 811
771 928
772 804
772 895
772 954
772 999
772 846
773 954
773 907
773 798
773 901
773 914
773 957
774 883
774 830
774 791
774 931
774 981
774 788
774 895
775 928
775 793
775 924
775 864
776 971
776 930
776 978
776 794
776 886
777 815
777 863
777 805
777 951
777 991
777 935
777 862
778 994
778 916
778 808
778 968
779 957
779 857
779 956
779 934
780 886
780 826
781 993
781 834
781 935
781 791
781 832
782 783
782 957
782 807
782 876
782 924
782 862
782 993
782 846
782 908
782 793
783 925
783 963
783 791
783 920
784 850
784 810
784 949
785 964
785 895
785 793
786 825
786 939
786 876
787 802
787 811
787 843
787 827
788 800
788 898
788 979
788 925
788 848
788 969
788 806
789 886
789 924
789 906
789 967
789 997
789 903
789 887
790 889
790 999
790 881
790 896
790 810
791 825
791 858
791 972
791 890
791 950
791 964
792 922
792 917
792 862
793 833
793 878
794 869
794 986
794 846
795 875
795 797
795 811
795 943
795 914
795 955
796 871
796 986
796 901
796 936
796 884
797 993
797 803
797 805
797 922
797 808
797 845
797 995
798 819
798 956
798 860
798 891
798 970
799 910
799 822
799 829
799 946
799 845
799 992
799 995
800 807
801 858
801 893
801 805
801 972
802 826
802 817
802 985
803 981
803 924
803 975
803 971
803 894
803 988
803 979
804 815
804 943
804 830
804 984
804 822
804 996
804 837
805 974
805 848
805 932
806 828
806 882
806 836
806 875
806 878
806 871
807 966
807 974
808 960
808 859
808 856
810 957
810 869
810 941
810 966
810 930
810 876
810 989
810 975
810 827
810 867
810 960
811 854
811 906
811 864
811 844
811 875
811 947
811 863
811 949
812 827
812 955
812 960
813 970
813 899
813 949
813 867
813 952
813 872
813 999
814 893
815 894
815 917
815 851
815 872
816 839
816 838
816 884
816 905
816 899
816 938
816 818
817 907
817 939
817 859
817 970
817 886
817 955
817 992
817 946
818 940
818 894
818 889
818 874
818 903
818 910
819 973
819 863
819 821
820 982
820 841
820 851
820 870
820 970
821 935
821 887
821 827
821 963
821 972
822 940
822 943
822 985
822 910
822 844
823 878
823 992
823 839
823 923
824 897
824 888
824 950
824 881
824 845
825 928
825 886
825 944
825 902
826 899
826 978
826 912
826 938
827 882
827 969
828 944
828 957
828 837
829 875
829 913
829 884
830 988
830 846
830 945
830 839
830 993
830 866
830 888
831 902
831 940
831 944
831 888
831 856
832 904
832 839
832 981
832 911
833 966
833 893
834 980
834 909
834 846
834 892
835 933
835 934
835 870
836 885
836 942
836 939
836 952
836 976
837 850
838 905
838 845
838 963
838 975
838 954
838 848
838 853
839 921
839 879
839 973
840 938
840 863
840 973
840 940
841 917
841 908
842 860
842 963
843 871
843 952
843 973
843 844
843 941
843 992
844 928
844 881
845 871
845 998
845 928
845 975
845 878
846 981
846 894
846 902
846 979
846 854
847 865
847 965
847 912
848 955
848 867
848 977
849 868
849 914
849 933
849 975
849 982
849 876
849 992
850 869
850 964
850 922
851 949
851 959
851 930
851 995
851 927
852 972
852 948
852 945
852 953
853 884
853 979
853 890
853 901
854 923
854 856
855 890
855 925
855 973
855 974
856 908
857 989
857 944
857 880
857 884
857 972
858 958
858 883
858 894
858 909
859 896
859 908
860 917
860 893
860 952
861 942
861 930
862 981
862 956
862 927
863 884
863 925
863 993
863 901
863 905
863 875
863 887
864 967
864 865
864 870
864 906
864 948
864 875
864 974
865 994
865 964
865 950
866 875
866 882
867 910
868 877
868 926
869 949
869 941
870 997
870 921
870 960
870 881
871 904
871 988
872 937
872 890
873 908
873 901
873 912
873 977
874 929
874 959
874 977
874 899
875 969
875 990
875 936
876 900
876 941
876 896
876 935
876 921
876 923
877 959
877 923
877 878
879 917
879 949
879 973
879 912
880 906
880 984
880 936
880 973
880 942
880 943
881 908
881 970
881 972
881 967
882 893
882 934
882 950
883 892
883 977
883 998
884 999
885 927
886 902
886 990
886 991
886 995
887 977
887 982
888 926
888 952
888 985
888 902
889 937
889 970
889 895
889 985
890 933
890 975
890 993
890 914
891 951
891 933
891 919
891 980
892 950
893 994
893 894
893 950
894 937
894 914
894 943
894 899
894 944
895 901
895 945
895 985
895 936
895 986
896 992
896 955
897 992
900 908
900 969
900 957
902 942
903 985
903 955
904 961
904 940
905 974
905 980
906 936
908 999
908 928
909 923
909 981
909 958
909 970
909 939
910 922
910 921
911 923
911 981
912 964
912 938
912 944
913 960
914 962
915 943
916 996
916 999
916 937
917 993
917 985
918 996
918 969
918 929
919 948
919 997
920 976
920 942
920 990
921 999
921 954
922 961
922 980
922 979
922 973
923 941
923 953
923 987
924 973
925 937
925 954
926 931
926 935
927 956
928 997
928 931
928 955
928 944
929 941
929 956
931 942
932 948
933 972
933 968
934 954
936 995
936 977
936 960
936 972
937 944
937 952
937 962
938 973
938 954
939 956
940 966
941 971
942 995
943 956
944 999
944 971
945 993
945 979
946 974
947 951
947 968
948 956
948 976
950 965
951 955
951 959
953 974
953 971
954 969
957 988
957 977
960 978
960 980
963 972
963 990
965 977
967 997
968 971
969 979
970 972
970 982
975 991
975 984
976 985
978 990
984 993
991 993
992 993
