VERTICES = 100
EDGES = 200
0 96
0 55
0 71
0 67
1 60
1 27
1 39
2 20
2 50
2 98
2 91
2 97
2 33
2 92
3 59
3 7
3 34
3 25
3 71
4 78
4 60
5 31
5 37
5 14
5 89
5 41
5 70
5 71
6 72
6 70
6 99
6 47
6 49
7 68
7 50
7 25
8 42
8 12
8 93
8 68
9 61
9 72
9 27
9 29
9 91
9 20
10 47
10 58
10 75
10 70
10 91
10 35
11 70
11 77
12 26
12 34
12 54
12 97
12 55
12 23
13 63
14 33
14 87
14 55
15 48
15 51
16 47
16 98
16 52
16 61
16 49
17 55
17 56
17 47
17 84
17 31
18 68
18 71
19 25
19 70
19 69
19 38
19 36
19 67
19 98
21 96
21 31
22 32
23 88
25 81
25 44
25 70
25 93
25 86
25 54
25 68
26 54
26 85
26 77
27 72
27 84
27 66
27 65
27 85
28 53
28 65
28 70
29 36
29 54
30 51
31 69
31 70
31 55
32 66
32 58
33 79
34 55
35 85
35 45
35 59
37 90
37 48
38 67
38 92
39 43
39 58
39 69
40 64
40 78
40 60
40 84
40 79
41 69
42 73
42 80
43 70
43 87
43 69
43 76
44 76
44 85
44 92
44 91
45 78
45 84
45 87
46 79
46 97
47 85
47 48
47 81
47 54
48 71
48 67
49 54
50 69
50 93
53 96
54 90
55 74
57 58
58 96
58 60
58 93
58 74
60 87
61 91
62 86
63 84
63 88
64 95
65 67
65 75
67 96
67 92
67 73
68 77
68 73
69 84
69 83
70 90
70 75
71 89
72 80
73 84
73 97
73 82
74 87
74 94
78 87
79 87
81 85
82 92
84 93
86 90
88 89
92 97
94 96
94 97
95 97
