VERTICES = 100
EDGES = 300
0 59
0 43
0 4
0 24
0 63
0 56
0 71
1 88
1 15
1 14
1 72
1 19
1 53
1 58
1 32
1 47
1 8
1 55
1 92
2 57
2 73
2 22
2 20
2 67
2 9
2 50
3 48
3 18
3 83
3 6
4 17
4 34
4 82
4 26
4 60
4 87
4 71
5 82
5 20
6 22
6 97
6 32
6 88
7 88
7 8
7 19
7 54
7 94
7 12
8 21
8 91
8 24
9 11
9 78
9 37
9 51
9 17
10 57
10 51
10 21
10 98
11 33
11 16
12 51
12 80
12 31
12 92
12 22
12 66
12 30
13 15
13 28
13 54
13 56
14 77
14 99
14 68
15 31
15 66
15 93
15 24
16 63
16 40
16 80
16 83
16 27
16 96
16 37
16 42
17 70
17 19
18 59
18 33
18 81
19 45
19 77
19 98
19 25
19 54
19 99
19 85
19 63
20 82
20 27
20 77
20 73
20 52
20 36
21 96
21 79
21 49
22 86
22 50
22 62
22 55
22 59
22 57
23 83
23 52
23 45
23 27
23 95
24 35
24 61
24 34
24 27
24 66
24 75
24 30
25 69
25 92
25 48
25 80
25 85
25 49
26 97
26 49
26 53
26 80
26 63
27 89
27 49
27 42
27 56
27 48
28 84
28 47
29 97
29 77
29 87
30 48
30 31
30 47
30 93
30 90
31 69
31 70
31 83
31 71
32 49
32 62
32 44
32 67
32 95
33 36
33 78
33 86
33 59
34 75
34 59
34 94
34 51
35 48
35 61
35 89
36 64
36 89
36 77
37 43
37 80
37 79
37 71
37 97
38 99
38 70
38 61
39 58
39 63
39 96
39 72
39 46
40 93
40 42
40 52
41 68
41 81
41 97
42 52
42 50
42 89
42 53
42 56
43 54
43 49
43 86
44 58
44 62
45 90
45 92
45 84
45 95
46 94
46 55
46 96
46 54
46 53
46 85
47 48
47 63
47 60
47 87
47 61
47 72
48 90
48 50
48 70
49 79
49 81
49 64
50 54
50 97
50 87
51 92
51 77
51 81
51 76
51 58
52 87
52 56
54 86
54 71
55 94
56 81
56 97
57 70
57 61
57 66
57 74
57 60
58 87
58 68
58 90
59 70
59 67
61 95
61 63
62 87
62 92
62 86
62 78
63 76
63 93
63 88
63 92
64 68
64 78
64 80
65 83
65 93
66 83
66 86
67 88
67 75
67 86
68 91
71 96
72 93
72 81
73 76
74 95
74 97
74 81
75 99
75 76
76 93
77 86
78 81
78 90
78 88
80 99
80 97
82 86
83 96
83 92
84 96
85 91
85 87
88 92
89 95
95 98
