VERTICES = 100
EDGES = 400
0 82
0 63
0 97
0 5
1 15
1 77
1 97
1 82
1 78
1 51
1 79
1 99
2 50
2 14
2 49
2 45
2 63
2 82
2 35
2 97
3 64
3 46
3 45
3 81
3 42
3 70
3 98
3 25
4 82
4 56
5 33
5 11
5 23
5 25
5 98
5 47
5 89
5 81
6 44
6 66
6 59
6 73
6 83
6 8
6 75
7 52
7 66
7 74
7 72
7 54
7 50
7 17
7 75
7 85
7 97
8 83
8 95
8 54
8 76
8 46
8 10
8 66
8 18
8 82
8 85
9 68
9 17
9 78
9 88
9 33
9 20
9 57
9 97
10 30
10 72
10 46
10 12
10 63
11 39
11 47
11 31
11 24
11 59
11 13
11 12
11 79
12 34
12 59
12 88
12 43
12 73
12 71
12 60
12 99
12 36
12 42
12 52
12 64
12 24
12 98
12 84
12 63
13 66
13 55
13 47
13 68
13 27
13 70
13 61
13 22
13 31
14 20
14 87
14 84
14 70
14 53
14 37
15 95
15 18
15 85
15 80
15 20
15 70
15 82
15 90
16 21
16 20
16 95
16 98
16 72
17 69
17 65
17 56
18 36
18 21
18 30
18 56
19 88
19 75
19 47
20 30
20 24
20 69
20 70
20 81
20 66
20 50
20 27
20 71
20 67
20 32
21 82
21 99
21 45
21 83
21 79
21 37
21 80
21 90
21 72
21 53
22 25
22 55
22 57
22 76
23 65
23 41
23 84
23 60
23 71
23 77
23 87
23 26
24 32
24 77
24 94
24 33
24 36
24 99
25 46
25 51
25 88
25 35
25 38
25 27
25 76
25 78
26 37
26 94
26 27
26 30
27 85
27 53
27 55
27 67
27 97
28 63
28 39
28 78
29 70
29 73
29 54
29 44
29 75
29 94
30 62
30 80
30 87
30 69
30 52
30 88
31 68
31 76
31 36
31 66
31 63
32 98
32 95
32 41
32 61
32 66
32 38
32 56
33 65
33 83
33 96
33 90
33 71
33 60
33 58
33 48
33 51
34 36
34 56
35 53
35 59
35 66
35 75
35 43
35 50
35 54
35 83
36 70
36 93
36 99
36 55
36 88
36 44
36 95
36 98
37 85
37 84
37 56
37 44
37 72
37 58
38 75
39 84
39 45
40 81
40 42
40 41
41 52
41 44
41 66
41 81
42 78
42 68
42 72
43 47
43 96
43 48
43 80
43 90
43 74
44 97
44 68
44 53
44 69
44 48
44 45
45 56
45 69
45 55
46 68
46 48
46 87
46 72
46 55
46 54
47 62
47 67
47 92
47 96
47 55
47 64
47 98
47 54
47 73
48 95
48 56
48 75
48 80
49 87
49 97
49 95
50 89
50 52
51 86
51 61
51 75
52 77
52 61
53 69
53 63
53 57
53 59
53 81
54 66
55 70
56 83
56 88
57 77
57 65
57 80
57 87
58 95
58 77
59 84
59 80
59 95
59 70
60 95
60 96
60 66
61 92
61 89
61 68
62 96
62 79
62 76
63 69
63 70
63 77
63 93
64 75
64 91
64 83
64 76
64 69
65 98
66 73
67 97
67 96
67 82
67 84
70 87
70 90
72 81
72 84
73 79
73 96
73 98
74 98
74 78
74 97
75 76
75 82
75 96
75 79
76 92
76 90
76 83
77 94
77 78
78 95
78 79
78 91
79 82
80 86
81 87
81 89
82 95
82 98
83 96
83 99
84 93
85 97
86 96
86 94
87 96
88 94
89 94
89 93
89 96
90 98
92 99
95 97
95 99
97 99
