VERTICES = 100
EDGES = 500
0 22
0 28
0 23
0 92
0 26
0 30
0 70
0 96
0 32
0 38
0 74
1 95
1 82
1 83
1 45
1 65
1 44
1 77
1 4
1 53
1 91
1 86
2 87
2 89
2 59
2 84
2 22
2 99
2 17
2 4
2 64
2 6
2 73
2 11
2 93
3 92
3 96
3 68
3 39
3 30
3 73
3 93
3 43
3 21
3 25
3 90
3 77
3 16
4 98
4 23
4 54
4 16
4 17
4 72
4 70
4 29
4 26
4 5
4 11
5 38
5 13
5 15
5 18
5 79
5 10
5 32
5 35
6 97
6 71
6 57
6 32
6 54
6 86
6 45
6 37
6 62
6 27
7 17
7 31
7 69
7 88
7 72
7 87
7 41
7 76
7 77
7 70
7 90
7 58
8 17
8 20
8 52
8 19
8 13
8 88
9 83
9 59
9 74
9 41
9 45
9 70
9 11
9 82
9 98
9 56
9 67
9 14
9 17
10 21
10 35
10 53
10 33
10 86
10 31
10 82
11 24
11 89
11 36
11 55
11 84
11 74
11 26
11 71
11 37
11 82
11 34
11 53
11 25
11 48
12 46
12 77
12 14
12 27
12 21
12 71
12 31
12 91
12 56
12 69
12 58
12 80
13 90
13 23
13 82
13 70
13 64
13 56
13 41
13 47
14 69
14 22
14 81
14 75
14 89
14 63
14 50
14 29
14 19
14 68
14 48
15 63
15 21
15 70
15 52
15 37
15 43
15 98
15 76
15 94
16 91
16 97
16 56
16 88
16 99
16 57
16 43
16 47
16 37
17 60
17 38
17 78
17 75
17 25
17 82
17 36
18 59
18 31
18 22
18 60
18 88
18 39
18 51
18 90
19 84
19 71
19 90
19 39
19 45
19 74
19 20
19 36
19 37
20 80
20 91
20 53
20 68
21 60
21 91
21 70
21 55
21 65
21 97
22 58
22 83
22 51
22 30
22 33
22 46
22 48
22 97
22 55
22 49
22 61
22 27
23 78
23 46
23 85
23 29
23 68
23 84
23 25
23 31
23 75
24 62
24 71
24 40
24 78
24 85
24 82
25 89
25 74
25 54
25 75
25 67
25 84
25 76
25 28
25 80
25 46
25 68
26 74
26 85
26 43
27 61
27 77
27 72
27 81
27 99
27 88
27 62
27 52
28 91
28 32
28 86
28 47
28 35
28 31
28 74
29 93
29 43
29 55
29 30
29 90
29 56
30 57
30 58
30 31
30 62
30 33
30 42
30 66
30 94
31 88
31 98
31 41
31 35
31 67
32 92
32 69
32 59
32 46
32 39
32 71
32 51
32 40
32 89
32 98
32 97
32 70
33 41
33 38
33 84
33 97
33 73
34 84
34 56
34 39
34 89
34 74
34 95
35 54
35 63
35 37
35 73
35 61
36 41
36 38
36 91
36 59
36 87
36 40
36 72
36 62
37 40
37 79
37 50
37 51
37 72
37 61
37 95
38 69
38 54
38 50
39 51
39 58
39 42
39 79
39 55
39 85
40 67
40 70
40 65
40 56
40 71
40 88
40 52
40 53
41 42
42 85
42 44
42 61
42 83
43 66
43 63
43 46
44 72
44 54
44 59
45 55
45 59
45 87
45 51
45 47
45 89
45 62
46 93
46 62
46 53
46 92
47 89
47 59
47 84
47 79
48 93
48 80
48 66
48 69
49 63
49 81
49 88
49 94
50 76
50 90
50 85
50 61
50 83
50 52
50 81
51 57
51 58
51 56
51 75
52 71
52 69
52 61
53 97
53 54
53 70
53 86
53 65
53 73
53 78
54 69
54 78
55 57
55 67
55 84
55 71
56 95
56 94
56 72
57 77
57 95
57 68
58 72
58 78
58 84
58 87
58 86
58 64
58 98
59 88
59 73
59 62
59 99
60 81
60 87
60 92
60 74
60 88
60 61
60 86
60 84
61 73
62 65
62 64
63 81
63 72
64 73
64 66
64 86
64 69
64 98
65 73
65 72
65 87
65 93
65 69
65 85
65 96
66 85
66 72
66 95
66 88
66 99
67 80
67 74
67 97
68 79
69 96
69 72
69 77
69 89
70 94
70 96
72 74
72 82
73 80
74 95
74 75
74 78
75 81
75 96
75 77
75 87
76 88
76 94
76 80
76 77
77 88
77 87
78 84
79 86
79 85
80 92
80 87
82 90
82 94
84 93
85 96
85 87
85 89
86 89
87 97
89 91
89 95
90 93
91 98
94 95
94 97
