VERTICES = 100
EDGES = 600
0 29
0 78
0 65
0 81
0 21
0 77
0 49
0 91
0 90
1 68
1 53
1 24
1 77
1 97
1 89
1 33
1 35
1 15
1 90
2 65
2 23
2 56
2 40
2 41
2 42
2 44
2 51
2 94
2 60
2 96
2 78
2 54
2 62
3 35
3 79
3 8
3 15
3 12
3 84
3 33
3 80
4 27
4 56
4 63
4 26
4 16
4 61
4 78
4 30
4 45
4 79
4 10
4 94
4 65
5 25
5 6
5 18
5 58
5 63
5 50
5 57
5 92
5 15
5 99
5 81
5 75
6 65
6 62
6 85
6 77
6 95
6 26
6 79
6 71
6 37
6 69
6 35
6 73
6 21
7 22
7 85
7 79
7 9
7 28
7 13
7 65
7 18
7 82
7 32
7 94
8 54
8 99
8 38
8 40
8 48
8 52
8 12
9 96
9 35
9 20
9 43
9 70
9 53
9 85
9 60
9 26
9 47
9 17
9 77
9 31
9 61
9 22
10 20
10 18
10 13
10 24
10 78
10 63
10 42
10 83
10 43
10 47
10 41
10 91
11 73
11 20
11 96
11 22
11 75
11 83
11 54
11 97
11 32
11 52
11 62
12 88
12 78
12 31
12 17
12 99
12 43
12 16
12 27
12 87
13 97
13 92
13 83
13 27
13 55
13 49
13 71
13 68
13 38
13 86
13 37
14 54
14 24
14 89
14 50
14 49
14 25
14 45
14 70
14 79
14 73
14 56
14 30
15 26
15 91
15 95
15 21
15 69
15 75
15 40
15 38
16 96
16 54
16 21
16 90
16 40
16 42
16 59
16 69
16 22
16 35
16 87
17 82
17 79
17 60
17 58
17 57
17 74
18 20
18 32
18 35
18 64
18 72
18 34
18 94
18 92
18 30
18 84
18 36
18 80
19 75
19 70
19 23
19 66
19 57
19 65
19 68
19 53
19 76
19 27
20 45
20 84
20 92
20 43
20 44
20 31
20 27
20 51
20 76
20 58
20 41
20 83
20 54
21 71
21 75
21 67
21 56
21 63
21 47
21 50
22 53
22 51
22 44
22 34
22 68
22 31
22 50
23 97
23 75
23 73
23 60
23 24
23 91
23 53
23 37
24 85
24 65
24 79
24 75
24 81
24 69
24 55
24 83
24 70
24 34
24 76
24 90
25 41
25 72
25 49
25 99
25 37
25 29
25 40
25 70
25 44
25 36
25 61
25 69
25 95
25 53
26 34
26 99
26 36
26 75
26 35
26 32
26 65
27 66
27 65
27 88
27 72
27 44
27 39
27 71
27 96
27 77
27 30
27 63
27 57
27 64
27 55
27 42
27 52
27 45
28 68
28 70
28 29
28 44
28 55
28 42
28 87
28 71
29 38
29 97
29 50
29 66
29 79
29 33
30 40
30 49
30 83
30 62
30 31
30 38
30 52
30 86
30 66
31 45
31 38
31 55
31 69
31 83
31 64
31 81
31 73
31 67
32 58
32 64
32 45
32 77
32 93
32 99
32 66
32 96
32 53
33 34
33 80
33 77
33 79
33 84
33 94
33 63
33 47
33 60
34 56
34 59
34 99
34 61
35 97
35 40
35 45
35 93
35 77
36 50
36 43
36 39
36 86
36 88
36 82
37 38
37 82
37 74
37 66
37 60
37 88
37 55
37 59
37 52
38 79
38 78
38 41
38 87
38 66
38 83
38 86
38 93
38 80
39 72
39 63
39 83
39 90
39 61
40 50
40 58
40 43
40 63
40 42
40 41
40 88
40 78
40 95
40 87
41 92
41 97
41 51
41 74
41 94
41 63
41 80
41 96
42 47
42 74
42 88
42 92
42 43
42 45
42 54
42 89
42 62
42 94
43 89
43 87
43 58
43 50
44 98
44 56
44 82
44 68
45 69
45 52
45 60
45 94
46 80
46 77
46 92
46 70
47 96
47 48
47 77
47 82
47 95
47 92
48 62
48 57
48 74
48 77
48 81
48 51
49 50
49 88
49 86
50 61
50 68
50 52
50 58
50 84
50 77
50 86
50 76
50 80
51 68
51 89
51 62
51 81
51 65
52 85
52 91
52 57
53 98
53 94
53 66
53 95
53 62
53 69
53 65
53 89
53 90
53 59
53 56
54 90
54 92
55 72
55 56
55 95
55 81
55 85
56 58
56 57
56 87
57 74
57 73
57 75
57 77
57 61
58 94
59 89
59 87
59 70
59 91
59 82
59 73
60 76
60 91
60 93
60 98
60 84
60 82
61 99
61 63
61 68
61 97
61 93
62 80
62 77
62 82
63 81
63 92
63 93
63 69
64 97
64 93
64 80
64 84
64 91
64 95
65 81
65 92
65 88
66 73
66 83
66 98
66 92
66 76
66 72
66 79
67 72
67 84
67 68
68 90
68 73
68 69
68 74
68 98
69 77
69 95
69 73
69 72
69 85
70 98
70 90
70 91
70 79
70 72
70 97
70 92
70 71
70 96
71 90
71 75
71 93
71 82
71 78
71 83
72 80
72 79
72 85
72 78
72 86
72 82
73 83
73 86
73 74
73 91
73 93
73 77
74 79
74 84
74 89
74 95
75 85
75 76
76 99
76 93
76 97
77 79
77 82
78 92
79 86
79 87
79 90
80 96
81 86
81 95
82 98
82 91
83 92
83 91
86 91
86 99
87 97
89 91
90 91
91 92
93 95
98 99
