VERTICES = 100
EDGES = 700
0 73
0 30
0 14
0 48
0 64
0 55
0 5
0 3
0 18
0 86
0 53
0 80
0 21
0 27
0 52
0 2
0 62
1 38
1 15
1 93
1 49
1 75
1 67
1 91
1 14
1 10
1 36
1 42
1 12
1 6
1 22
1 40
1 90
2 41
2 52
2 65
2 9
2 15
2 11
2 76
2 77
2 22
2 36
2 71
2 27
2 75
2 58
2 67
2 3
2 21
3 26
3 56
3 77
3 59
3 45
3 95
3 25
4 90
4 36
4 32
4 6
4 65
4 58
4 46
4 29
4 11
4 95
4 17
4 64
4 87
4 16
4 40
4 31
5 84
5 96
5 28
5 47
5 20
5 30
5 39
5 24
5 73
5 51
5 68
5 38
5 16
5 21
6 97
6 96
6 63
6 56
6 42
6 69
6 77
6 73
6 90
6 80
6 16
6 18
6 93
7 46
7 18
7 40
7 85
7 37
7 57
7 92
8 9
8 28
8 13
8 89
8 70
8 77
8 53
8 36
8 23
8 62
8 27
8 87
8 16
8 46
8 22
8 81
9 42
9 68
9 99
9 28
9 32
9 95
9 67
9 98
9 37
9 86
10 59
10 85
10 23
10 63
10 99
10 87
10 89
10 69
10 46
10 26
10 36
10 35
10 62
11 77
11 84
11 92
11 40
11 13
11 21
11 61
11 99
11 70
11 68
11 29
11 65
11 25
12 63
12 68
12 47
12 93
12 42
12 95
12 58
12 91
12 96
12 18
12 23
12 35
12 76
13 82
13 95
13 31
13 99
13 61
13 32
13 70
13 62
13 98
13 23
13 25
13 69
13 56
14 86
14 89
14 61
14 74
14 32
14 98
14 68
14 37
14 62
14 41
14 25
14 72
15 83
15 58
15 43
15 46
15 92
15 37
15 78
15 57
15 63
16 89
16 90
16 66
16 51
16 24
16 44
16 50
16 19
16 18
16 92
16 64
17 21
17 43
17 23
17 93
17 98
17 36
17 87
17 89
17 49
17 65
18 67
18 49
18 55
18 78
18 77
18 88
18 39
18 28
18 41
18 97
18 72
18 82
18 62
18 95
19 91
19 44
19 90
19 93
19 70
19 33
19 40
19 78
19 23
19 53
19 25
19 27
19 84
19 69
19 54
20 53
20 83
20 81
20 28
20 37
20 63
20 96
20 52
20 42
20 73
20 87
21 70
21 41
21 90
21 28
21 43
21 64
21 25
21 82
22 39
22 67
22 74
22 86
22 35
22 37
22 87
22 30
23 51
23 72
23 38
23 87
23 25
23 55
23 83
23 27
23 66
23 88
23 57
23 65
23 74
24 65
24 68
24 50
24 98
24 30
24 36
24 84
24 83
24 66
24 63
24 29
25 66
25 86
25 77
25 80
25 71
25 30
25 53
25 79
25 42
25 61
25 38
25 46
26 69
26 42
26 50
26 99
26 43
26 36
26 67
26 48
26 63
26 28
26 41
26 98
27 29
27 78
27 46
27 39
27 70
27 31
27 75
27 59
27 96
27 67
27 79
27 73
27 33
28 31
28 36
28 89
28 47
28 50
28 86
28 69
28 64
28 57
28 77
29 87
29 38
29 80
29 46
29 92
29 81
29 71
29 39
29 45
29 73
29 65
29 42
29 66
29 94
29 98
29 93
29 77
30 53
30 88
30 35
30 96
30 87
30 40
30 98
30 58
30 86
30 42
30 92
30 74
30 80
30 38
31 43
31 99
31 84
31 57
31 89
31 34
31 35
31 74
31 50
32 97
32 83
32 64
32 51
32 40
32 55
32 47
33 68
33 67
33 75
33 82
33 99
33 85
33 98
33 95
33 34
33 41
33 96
33 40
34 58
34 47
34 42
34 64
34 62
34 60
34 72
34 96
34 77
35 55
35 45
35 92
35 74
35 44
35 76
35 39
35 66
35 95
35 94
35 90
35 37
36 40
36 99
36 74
36 38
36 53
36 89
36 86
37 53
37 79
37 88
38 73
38 52
38 97
38 87
38 79
38 57
38 67
38 58
38 49
38 43
39 71
39 94
39 79
39 60
39 45
39 57
39 47
40 60
40 97
40 47
40 57
40 87
40 74
40 83
40 65
40 77
40 93
41 48
41 52
41 46
41 77
41 66
41 87
41 95
42 49
42 58
42 89
42 66
42 54
42 44
43 46
43 67
43 93
43 97
43 98
43 53
43 88
43 47
44 55
44 76
44 61
44 51
44 69
44 92
44 65
45 79
45 49
45 71
45 90
45 81
45 96
45 93
45 94
46 82
46 88
46 49
46 95
46 74
46 50
46 55
46 75
47 60
47 93
47 73
47 85
47 89
47 64
47 49
47 95
47 48
47 91
48 64
48 92
48 67
48 57
48 58
49 52
49 81
49 67
49 91
49 85
49 53
49 76
50 82
50 98
50 92
50 60
51 76
51 53
51 86
51 81
52 75
52 93
52 78
52 57
52 58
52 64
52 68
52 86
53 78
53 76
53 67
53 95
53 83
53 65
53 69
53 98
53 94
54 73
54 59
54 65
54 79
54 78
54 92
55 72
55 59
55 70
55 96
55 73
55 63
56 89
56 92
56 61
56 94
56 76
56 71
56 74
56 85
57 60
57 85
57 97
57 59
57 86
58 69
58 70
58 78
58 93
58 83
58 94
59 97
59 87
59 92
59 71
59 69
59 93
59 91
59 85
59 60
60 74
60 96
60 77
60 70
60 91
60 93
60 73
60 81
61 97
61 94
61 63
61 62
61 64
61 96
61 75
62 83
63 79
63 96
63 90
63 88
63 89
64 94
64 68
64 83
64 75
64 67
64 77
65 82
65 73
65 88
65 70
66 89
66 68
66 70
66 73
66 80
67 73
67 89
67 76
68 93
68 80
68 69
68 82
68 99
69 94
69 73
69 95
70 95
70 80
70 90
71 80
71 96
71 93
72 74
72 94
72 81
72 84
72 90
72 73
73 91
74 89
74 87
74 88
74 75
74 96
74 78
75 90
75 91
75 95
75 80
75 98
75 92
76 88
76 93
77 92
78 90
78 95
79 92
79 86
79 83
79 97
79 90
80 95
80 87
81 89
81 86
83 90
83 96
83 98
83 85
83 87
84 96
85 99
85 87
86 95
89 92
89 96
92 99
