VERTICES = 100
EDGES = 800
0 12
0 67
0 20
0 29
0 51
0 73
0 27
0 3
0 4
0 88
0 22
0 19
0 8
0 91
0 76
0 92
0 16
0 72
0 13
0 5
0 70
0 63
1 24
1 19
1 72
1 36
1 18
1 32
1 79
1 46
1 96
1 43
1 20
2 89
2 74
2 5
2 65
2 58
2 77
2 50
2 38
2 97
2 36
2 69
2 37
2 6
2 39
2 3
2 48
2 98
2 82
2 81
2 13
2 84
3 91
3 60
3 58
3 21
3 86
3 55
3 31
3 49
3 28
4 23
4 76
4 34
4 53
4 35
4 9
4 82
4 98
4 24
4 79
4 40
4 25
4 44
4 84
4 81
4 50
5 46
5 85
5 69
5 81
5 50
5 45
5 44
5 86
5 71
5 79
5 67
5 66
5 23
5 55
5 37
5 51
6 53
6 17
6 92
6 33
6 52
6 39
6 87
6 60
6 22
6 82
6 37
6 9
6 89
6 64
6 43
6 96
6 49
6 74
6 32
6 56
7 22
7 17
7 96
7 11
7 68
7 29
7 47
7 42
7 66
8 12
8 91
8 99
8 61
8 83
8 28
8 93
8 60
8 22
8 25
8 11
8 88
8 10
8 72
8 40
8 80
8 76
8 46
8 48
9 92
9 79
9 70
9 66
9 20
9 73
9 87
9 71
9 16
9 38
10 29
10 48
10 28
10 99
10 55
10 85
10 71
10 70
10 39
10 50
11 85
11 81
11 58
11 84
11 92
11 27
11 56
11 24
11 14
11 25
12 76
12 95
12 48
12 39
12 90
12 83
12 86
12 38
12 89
12 41
12 99
12 73
12 27
12 24
12 21
12 81
12 31
13 74
13 92
13 75
13 87
13 58
13 97
13 47
13 39
13 71
13 41
13 38
13 44
13 63
13 86
14 25
14 33
14 57
14 19
14 84
14 55
14 61
14 46
14 36
14 58
14 82
15 61
15 19
15 99
15 98
15 43
15 83
15 47
15 66
15 72
15 38
15 24
15 29
16 25
16 78
16 43
16 91
16 23
16 67
16 56
16 26
16 83
16 31
16 24
17 88
17 98
17 26
17 60
17 23
17 79
17 65
17 97
17 90
17 41
17 57
17 42
17 49
17 28
17 48
17 89
17 70
17 68
18 62
18 78
18 79
18 82
18 70
18 63
18 44
18 51
18 45
18 38
18 85
18 35
18 90
18 87
18 88
18 99
18 31
19 89
19 68
19 47
19 97
19 31
19 95
19 21
19 64
19 25
19 65
19 23
19 48
19 84
20 72
20 80
20 33
20 22
20 71
20 36
20 59
20 63
20 93
20 87
20 24
20 37
20 89
20 79
20 86
20 96
20 40
21 73
21 70
21 80
21 90
21 93
21 82
21 75
21 96
21 54
21 32
21 40
22 75
22 44
22 97
22 78
22 54
23 98
23 93
23 66
23 35
23 47
23 53
23 42
23 39
23 78
23 37
23 84
23 52
23 79
23 73
24 37
24 63
24 69
24 68
24 47
24 62
24 85
24 35
24 61
24 82
25 96
25 31
25 99
25 39
25 70
25 92
26 75
26 55
26 78
26 61
26 79
26 91
26 97
26 34
26 68
26 58
27 58
27 70
27 48
27 85
27 86
27 40
27 60
27 37
27 75
27 44
28 45
28 40
28 39
28 57
28 65
28 30
28 85
28 72
28 96
28 42
28 43
28 52
28 66
29 92
29 51
29 42
29 39
29 69
29 81
29 93
29 82
29 95
29 96
30 87
30 82
30 63
30 96
30 86
30 67
30 55
30 79
30 54
30 49
30 42
31 92
31 60
31 97
31 50
31 66
31 93
31 70
31 91
31 33
31 32
31 47
31 72
31 78
31 74
32 55
32 98
32 76
32 83
32 89
32 56
32 66
32 87
32 58
32 35
33 74
33 46
33 52
33 68
33 48
33 84
33 56
33 59
33 96
33 86
34 85
34 62
34 45
34 61
34 51
34 75
34 67
34 71
34 93
34 99
34 66
34 83
34 96
35 78
35 60
35 59
35 80
35 63
35 36
35 43
35 39
35 67
35 91
35 83
35 94
35 92
36 94
36 77
36 84
36 58
36 64
36 80
36 69
36 88
36 67
36 71
36 37
36 91
37 46
37 61
37 74
37 79
37 93
37 76
37 66
37 39
37 58
37 50
38 79
38 63
38 86
38 39
38 96
38 92
38 66
38 44
38 68
39 98
39 77
39 71
39 86
39 55
39 97
39 81
39 70
39 61
40 65
40 72
40 75
40 77
40 73
40 41
40 53
40 87
40 88
40 69
40 96
40 86
40 63
41 97
41 99
41 82
41 54
41 85
41 48
41 90
41 60
41 42
42 79
42 72
42 83
42 63
42 64
43 87
43 56
43 74
43 59
43 67
43 47
43 85
43 48
43 51
43 71
44 66
44 86
44 79
44 77
44 73
44 53
45 95
45 78
45 79
45 73
45 75
45 61
45 84
45 47
45 53
45 58
45 83
45 89
45 85
46 53
46 49
46 52
46 51
46 91
46 54
46 83
46 92
46 77
46 85
46 79
46 73
46 87
47 73
47 97
47 51
47 72
47 68
47 91
47 95
47 89
48 55
48 73
48 91
48 60
48 49
48 99
48 67
48 74
48 65
48 93
49 95
49 54
49 97
49 93
49 88
49 68
49 79
49 84
49 58
49 78
49 55
50 87
50 75
50 55
51 95
51 79
51 52
51 73
51 76
51 99
51 55
52 99
52 57
52 69
52 87
52 55
52 73
53 85
53 62
53 87
54 75
54 59
54 88
54 82
54 96
54 62
54 90
54 66
55 70
55 77
55 59
56 97
56 90
56 77
56 84
56 86
56 79
57 69
57 91
57 62
57 89
57 74
57 92
57 79
57 95
57 78
57 77
57 86
57 59
57 82
57 65
58 62
58 60
58 65
58 72
58 68
58 63
58 64
59 79
59 96
59 74
59 80
59 93
59 95
59 63
59 89
60 84
60 97
60 75
60 83
60 95
60 86
60 80
61 97
61 89
61 92
61 64
61 94
61 80
62 97
62 91
62 92
62 86
62 68
62 72
63 78
63 76
63 88
63 70
63 96
63 84
64 86
64 67
64 74
64 96
64 72
64 68
64 91
65 67
65 96
65 79
65 86
65 72
66 67
66 98
66 79
66 71
67 72
67 69
67 89
67 98
67 81
67 83
68 82
68 83
68 78
68 70
68 90
68 89
68 71
69 75
69 97
69 91
69 70
69 94
69 92
70 99
70 83
70 81
70 82
70 96
71 90
71 88
71 96
71 78
71 76
72 75
72 94
72 98
72 73
73 83
73 76
73 89
73 85
74 77
74 81
75 93
75 86
75 83
76 91
76 95
76 93
76 78
76 85
76 77
76 82
77 95
77 81
77 97
77 88
78 82
78 93
78 91
78 80
79 84
79 97
79 87
79 83
79 82
80 95
80 92
80 96
81 82
82 99
82 85
82 90
83 89
83 96
83 91
83 94
84 97
84 88
85 86
85 97
86 92
86 91
86 89
86 97
87 88
88 95
88 90
89 96
89 90
91 96
92 99
93 94
93 98
95 97
96 98
97 98
