VERTICES = 100
EDGES = 900
0 54
0 65
0 52
0 62
0 78
0 33
0 39
0 3
0 38
0 47
0 29
0 67
1 23
1 11
1 17
1 60
1 76
1 95
1 42
1 56
1 53
1 92
1 44
1 32
1 18
1 86
2 38
2 67
2 91
2 39
2 53
2 90
2 31
2 45
2 83
2 81
2 62
2 92
2 56
2 70
2 10
2 44
2 24
2 33
2 7
3 94
3 61
3 20
3 79
3 60
3 30
3 83
3 27
3 65
3 24
3 56
3 84
3 36
3 34
3 16
3 43
3 39
4 54
4 81
4 33
4 8
4 82
4 49
4 50
4 97
4 92
4 18
4 72
4 52
4 7
5 61
5 55
5 9
5 80
5 11
5 51
5 47
5 49
5 90
5 45
5 27
5 97
5 17
5 94
5 35
5 65
5 14
5 26
5 50
6 29
6 32
6 68
6 63
6 30
6 95
6 87
6 92
6 50
6 67
6 60
6 52
6 28
6 90
6 10
6 58
6 70
6 43
7 60
7 63
7 8
7 78
7 57
7 80
7 55
7 30
7 71
7 44
7 68
7 18
7 83
7 64
7 38
7 19
7 67
8 85
8 78
8 75
8 62
8 34
8 67
8 23
8 21
8 96
8 39
8 76
8 43
8 80
8 29
8 64
8 45
8 28
8 89
8 65
8 41
9 88
9 24
9 15
9 12
9 43
9 35
9 38
9 57
9 81
9 95
9 54
9 97
9 82
9 98
9 52
10 14
10 15
10 56
10 80
10 13
10 81
10 46
10 94
10 51
10 97
10 55
10 79
10 85
10 72
10 12
10 20
10 41
10 37
10 17
10 89
10 98
10 25
11 34
11 60
11 38
11 48
11 45
11 32
11 16
11 25
11 15
11 88
11 29
11 30
11 63
11 21
12 35
12 81
12 87
12 19
12 62
12 94
12 38
12 34
12 17
12 31
12 89
12 37
12 23
12 40
12 82
12 21
12 54
12 76
12 45
12 83
12 86
12 95
13 77
13 34
13 16
13 45
13 57
13 36
13 68
13 39
13 56
13 21
13 78
13 96
13 92
13 99
14 54
14 92
14 71
14 62
14 34
14 18
14 65
14 35
14 51
14 36
14 48
14 90
14 95
14 50
15 65
15 87
15 80
15 52
15 83
15 30
15 94
15 59
15 37
15 86
15 76
15 68
15 98
15 50
15 38
15 16
15 97
15 35
16 51
16 73
16 41
16 18
16 58
16 42
16 91
16 90
16 45
16 54
16 20
16 97
16 33
16 94
16 89
16 75
16 23
16 26
16 74
17 50
17 61
17 85
17 94
17 19
17 84
17 65
17 89
17 57
17 91
17 55
17 25
17 81
17 31
18 54
18 39
18 79
18 31
18 92
18 64
18 81
18 69
18 94
18 72
18 63
18 30
18 84
18 85
18 67
19 90
19 77
19 84
19 76
19 51
19 42
19 63
19 36
19 52
19 97
19 34
19 88
19 30
19 72
19 57
20 49
20 40
20 33
20 96
20 60
20 95
20 50
20 93
20 30
20 21
20 81
20 83
20 89
20 98
20 32
20 71
20 78
21 52
21 48
21 73
21 66
21 78
21 84
21 28
21 37
21 44
21 88
21 29
21 59
21 98
21 61
21 35
21 43
21 51
22 98
22 65
22 61
22 28
22 62
22 36
22 66
22 80
22 44
23 27
23 56
23 76
23 34
23 64
23 70
23 36
23 62
23 65
23 80
23 38
23 94
23 48
23 49
23 79
23 46
24 81
24 54
24 44
24 57
24 59
24 52
24 56
24 38
24 97
24 53
24 70
24 35
24 86
24 66
25 69
25 47
25 26
25 35
25 83
25 82
25 80
25 64
25 84
25 88
26 38
26 47
26 94
26 75
26 63
26 31
26 57
26 59
26 46
26 76
26 32
26 95
26 56
27 92
27 41
27 43
27 32
27 47
27 53
27 50
27 85
27 90
27 91
28 84
28 75
28 46
28 89
28 72
28 54
28 37
29 47
29 82
29 67
29 41
29 99
29 65
29 66
29 40
29 73
29 78
29 76
29 63
30 94
30 56
30 71
30 44
30 88
30 59
30 67
30 86
30 51
30 64
30 60
30 31
31 46
31 57
31 39
31 60
31 94
31 62
31 98
31 68
31 51
31 42
31 97
32 58
32 57
32 85
32 47
32 75
32 49
32 74
32 59
32 44
32 88
33 97
33 74
33 89
33 94
33 36
33 56
33 90
33 34
33 95
33 40
33 98
33 37
33 88
34 36
34 93
34 99
34 77
34 63
34 58
34 41
34 70
34 79
34 48
34 60
34 88
34 68
34 92
34 84
34 54
34 35
35 45
35 48
35 81
35 36
35 77
35 84
35 50
35 51
35 75
35 97
35 80
35 42
36 62
36 95
36 94
36 71
36 74
36 55
36 48
37 91
37 65
37 85
37 77
37 48
37 58
37 75
38 84
38 44
38 51
38 68
38 85
38 74
38 54
38 93
38 53
39 60
39 74
39 72
39 57
39 82
39 50
39 62
39 61
39 63
39 96
39 51
40 98
40 43
40 89
40 95
40 56
40 86
40 41
40 58
41 84
41 81
41 54
41 97
41 85
41 70
41 80
41 76
41 55
41 67
41 99
41 49
41 82
42 50
42 88
42 56
42 91
42 65
42 85
42 98
42 89
42 45
42 82
43 45
43 78
43 50
43 73
43 52
43 97
43 84
43 77
43 53
43 82
43 44
43 58
44 78
44 62
44 75
44 69
44 72
44 52
44 92
44 73
44 87
44 58
44 86
45 50
45 64
45 98
45 74
45 78
45 59
46 86
46 90
46 85
46 72
46 52
46 53
47 65
47 85
47 93
47 75
47 62
47 66
47 80
47 64
47 70
47 87
47 48
47 96
48 69
48 60
48 88
48 95
48 79
48 99
48 84
48 72
48 82
48 77
48 74
48 49
49 65
49 80
49 78
49 56
49 84
49 92
49 53
49 87
49 81
49 51
49 69
49 85
50 51
50 75
50 54
50 76
50 79
50 83
50 81
50 71
50 86
50 96
50 92
50 98
51 57
51 59
51 86
51 66
51 90
51 73
51 87
51 76
52 88
52 72
53 75
53 99
53 63
53 82
54 91
54 89
54 83
54 68
54 87
54 76
54 99
54 73
54 66
54 93
54 80
55 64
55 61
55 91
55 90
55 94
55 85
56 93
56 87
56 64
56 84
56 62
56 82
56 76
56 59
56 91
56 67
56 98
57 58
57 63
57 86
57 74
57 83
57 88
58 61
58 97
58 68
58 89
58 98
58 62
58 99
58 59
58 66
58 92
58 81
59 99
59 64
59 79
59 63
59 73
59 81
59 87
59 97
59 72
59 75
60 81
60 68
60 65
60 98
60 99
60 95
61 92
61 87
61 74
61 77
61 78
61 97
61 63
61 62
62 63
62 67
62 75
62 76
62 87
62 92
63 70
63 92
63 64
63 98
63 96
63 65
64 75
64 92
64 80
65 88
65 80
65 87
66 90
66 93
66 88
66 68
66 97
66 67
66 75
66 99
66 77
67 97
67 70
67 84
67 95
67 87
67 80
67 77
67 91
67 78
68 98
68 96
68 79
68 74
68 69
68 85
68 99
68 75
68 78
69 73
69 95
69 90
69 70
70 71
70 96
70 82
70 85
71 85
71 93
71 90
71 96
71 77
71 80
71 72
71 99
72 77
72 95
72 78
72 89
72 90
72 99
72 96
73 80
73 75
73 78
73 76
73 87
73 88
73 97
73 95
74 87
74 76
74 86
74 79
75 76
75 82
76 83
76 85
76 79
77 79
77 95
77 87
77 88
77 94
77 89
78 85
78 96
78 89
78 93
78 90
78 84
79 85
79 81
79 91
80 90
80 89
80 88
81 84
81 99
81 82
81 96
82 96
82 91
83 91
83 87
83 96
84 89
84 85
84 93
85 92
85 94
86 99
86 94
86 88
87 93
87 89
87 96
88 95
88 94
88 92
88 91
88 98
89 98
90 96
90 92
90 93
91 94
91 97
94 99
95 97
96 97
96 99
