VERTICES = 100
EDGES = 1000
0 11
0 71
0 16
0 8
0 39
0 10
0 58
0 42
0 99
0 63
0 65
0 85
0 50
0 40
0 75
0 13
0 80
0 66
0 48
0 55
0 98
0 56
0 82
0 45
1 32
1 16
1 84
1 77
1 10
1 44
1 68
1 92
1 37
1 21
1 99
1 72
1 18
1 19
1 57
1 64
1 28
1 63
1 89
1 34
2 69
2 46
2 93
2 61
2 87
2 7
2 89
2 21
2 20
2 94
2 19
2 47
2 56
2 90
2 99
2 16
2 28
2 35
2 12
2 62
2 77
2 27
2 44
2 80
2 24
2 22
3 56
3 65
3 64
3 80
3 32
3 62
3 96
3 11
3 72
3 94
3 57
3 63
3 24
3 46
3 93
3 44
3 7
3 12
3 74
4 62
4 57
4 63
4 82
4 25
4 69
4 92
4 68
4 66
4 44
4 40
4 91
4 31
4 99
4 48
4 54
4 87
4 23
4 8
4 97
4 51
5 17
5 9
5 20
5 55
5 13
5 14
5 81
5 94
5 78
5 73
5 27
5 32
5 58
5 40
5 66
5 25
5 38
5 80
5 41
5 72
5 91
6 28
6 37
6 20
6 73
6 62
6 74
6 68
6 85
6 33
6 23
6 14
6 87
6 54
6 21
6 48
6 34
7 72
7 13
7 88
7 62
7 34
7 86
7 35
7 56
7 83
7 89
7 14
7 25
7 41
7 22
7 87
7 24
7 77
7 73
7 82
8 84
8 42
8 32
8 25
8 80
8 26
8 98
8 39
8 93
8 90
8 16
8 55
8 9
8 58
8 94
8 95
8 74
8 64
8 51
8 61
9 69
9 63
9 37
9 57
9 19
9 71
9 40
9 83
9 34
9 73
9 31
9 17
9 80
9 27
9 36
10 81
10 15
10 47
10 32
10 91
10 17
10 13
10 68
10 55
10 50
10 72
10 63
10 27
10 45
10 34
10 79
10 52
10 62
10 99
10 53
10 23
10 12
10 64
10 28
10 61
10 93
11 44
11 26
11 29
11 91
11 58
11 85
11 67
11 80
11 18
11 45
11 57
11 76
11 61
11 14
11 20
11 83
11 70
11 89
11 54
12 73
12 27
12 90
12 14
12 68
12 75
12 48
12 99
12 13
12 20
12 17
12 33
12 85
12 19
12 84
12 50
12 98
12 52
13 82
13 61
13 49
13 60
13 99
13 16
13 96
13 29
13 98
13 53
13 65
13 21
13 71
13 20
14 77
14 75
14 89
14 95
14 42
14 45
14 48
14 29
14 39
14 58
14 32
14 36
14 93
15 56
15 97
15 43
15 18
15 45
15 99
15 49
15 26
15 19
15 46
15 92
15 89
15 21
15 66
15 80
15 48
15 94
16 94
16 26
16 19
16 47
16 84
16 48
16 90
16 46
16 73
16 54
16 24
17 64
17 88
17 34
17 84
17 96
17 26
17 51
17 89
17 93
17 69
17 19
17 72
17 71
17 77
17 58
17 27
18 86
18 42
18 94
18 85
18 83
18 62
18 36
18 87
18 61
19 55
19 40
19 23
19 98
19 81
19 44
19 41
19 73
19 58
19 30
19 45
19 56
19 32
19 88
20 99
20 32
20 88
20 79
20 72
20 73
20 62
20 65
20 60
20 91
20 59
20 49
20 35
20 28
20 29
20 36
21 44
21 69
21 67
21 64
21 71
21 81
21 99
21 82
21 30
21 41
21 26
21 46
21 43
21 88
21 58
21 84
21 34
21 91
22 53
22 23
22 82
22 68
22 38
22 66
22 58
22 69
22 43
22 91
22 79
22 86
22 48
23 81
23 79
23 97
23 87
23 62
23 38
23 37
23 67
23 90
23 25
23 35
23 42
23 49
23 83
23 88
23 86
24 52
24 60
24 69
24 55
24 82
24 61
24 57
24 98
24 35
24 28
24 77
25 99
25 94
25 29
25 78
25 53
25 40
25 97
25 28
25 50
25 76
25 60
25 85
25 30
26 66
26 88
26 92
26 65
26 77
26 30
26 57
26 28
26 68
26 36
26 94
26 79
26 59
26 78
26 58
26 76
26 44
26 82
27 43
27 57
27 88
27 72
27 48
27 39
27 29
27 53
27 78
27 81
27 86
27 76
27 52
27 71
28 55
28 40
28 84
28 69
28 68
28 45
28 49
28 75
28 94
28 93
28 76
28 64
28 39
28 81
28 43
28 33
28 79
28 97
29 53
29 51
29 55
29 59
29 52
29 73
29 79
29 72
29 34
29 58
29 64
29 31
29 89
30 87
30 76
30 82
30 71
30 94
30 91
30 54
30 49
30 77
30 88
30 53
30 59
30 80
30 86
31 91
31 62
31 51
31 88
31 39
31 74
32 73
32 62
32 63
32 35
32 91
32 50
32 56
32 36
32 49
33 61
33 67
33 60
33 87
33 78
33 45
33 56
33 77
33 47
33 54
33 72
33 73
34 81
34 38
34 37
34 87
34 89
34 72
34 95
34 92
34 64
34 91
34 59
34 71
34 74
34 48
35 97
35 38
35 67
35 47
35 44
35 71
35 66
35 49
35 94
35 46
35 89
35 69
35 78
35 54
36 79
36 59
36 98
36 74
36 44
36 75
36 93
36 68
36 40
36 49
36 61
37 96
37 84
37 92
37 45
37 87
37 90
37 98
37 65
37 60
37 89
37 83
37 94
37 64
37 52
37 68
38 65
38 47
38 99
38 72
38 64
38 80
38 52
38 83
38 87
38 62
38 46
38 94
38 48
39 51
39 49
39 97
39 88
39 50
39 92
39 41
39 99
39 61
39 47
39 90
39 95
39 60
40 42
40 76
40 93
40 98
40 77
40 95
40 75
40 90
40 63
40 69
41 99
41 54
41 68
41 81
41 75
41 87
41 46
41 50
41 80
41 84
41 51
41 82
41 77
41 63
42 76
42 69
42 88
42 64
42 58
42 43
42 61
42 54
43 90
43 53
43 46
43 56
43 50
43 79
44 94
44 45
44 79
44 92
44 60
44 57
44 52
44 78
44 51
44 63
45 90
45 70
45 74
45 63
45 65
45 64
45 91
45 68
45 73
46 76
46 53
46 64
46 79
46 54
46 55
46 88
46 59
46 75
46 48
46 50
46 78
46 74
46 89
47 98
47 71
47 82
47 62
47 49
47 89
47 97
47 80
47 76
47 73
47 90
48 89
48 63
48 85
48 60
48 67
48 56
48 64
48 81
48 69
48 49
48 70
49 65
49 74
49 98
49 82
49 50
49 88
49 83
50 53
50 62
50 86
50 98
50 57
50 56
50 85
50 55
50 80
50 67
50 87
51 69
51 70
51 80
51 89
51 79
51 84
51 91
51 57
51 93
51 74
52 72
52 61
52 94
52 80
52 74
52 92
52 68
52 55
52 89
52 81
52 79
52 87
52 71
53 97
53 55
53 93
53 92
53 98
53 89
53 83
53 74
53 79
53 54
54 74
54 76
54 99
54 67
54 82
54 66
54 60
54 97
54 98
54 96
54 95
55 93
55 56
55 85
55 62
55 91
55 65
55 81
55 83
56 94
56 76
56 70
56 72
56 74
56 91
56 95
56 66
56 84
56 87
57 59
57 86
57 95
57 84
57 63
57 68
57 61
57 74
57 94
57 71
57 66
57 69
57 82
58 98
58 82
58 60
58 71
58 81
58 87
58 89
58 91
58 59
58 83
58 80
58 63
58 72
59 72
59 78
59 64
59 76
59 77
59 98
60 80
60 63
60 65
60 93
60 89
60 62
60 66
60 77
60 95
60 75
61 66
61 80
61 63
61 85
61 82
61 83
61 97
61 88
62 63
62 74
62 88
62 87
62 70
63 96
63 74
63 93
63 99
63 69
63 90
63 81
63 94
63 85
64 80
64 74
64 73
64 77
64 94
64 66
64 67
64 76
64 79
64 88
65 97
65 90
65 84
65 96
65 82
65 77
65 81
65 72
65 99
65 86
66 83
66 70
66 74
66 91
66 78
66 71
67 87
67 71
67 79
67 69
67 73
67 74
67 75
67 99
68 95
68 82
68 80
68 71
68 99
69 98
69 99
69 90
69 81
69 83
69 78
69 71
69 86
69 84
69 95
70 77
70 84
70 95
71 99
71 97
71 81
71 77
71 98
72 89
72 90
72 84
72 94
72 86
72 88
73 97
73 80
73 83
73 99
73 96
73 82
73 77
73 93
74 84
74 95
75 78
75 89
75 90
75 76
75 91
76 91
76 78
76 98
76 90
76 99
76 92
76 83
76 77
76 81
77 88
78 91
78 88
78 98
78 81
78 79
78 80
79 88
79 85
80 95
80 97
80 89
80 86
80 96
81 86
81 99
81 83
82 97
82 85
83 95
83 93
83 92
83 91
84 98
84 88
85 98
85 92
86 92
86 94
87 91
87 93
87 92
88 91
89 99
89 94
89 93
89 96
89 97
90 92
91 96
92 96
93 96
93 98
94 96
95 98
95 99
95 96
