VERTICES = 100
EDGES = 1100
0 22
0 36
0 17
0 52
0 21
0 19
0 50
0 68
0 3
0 24
0 90
0 12
0 91
0 40
0 98
0 80
0 42
0 53
0 30
0 61
0 89
1 70
1 49
1 47
1 74
1 52
1 89
1 42
1 22
1 29
1 98
1 79
1 6
1 56
1 20
1 62
1 14
1 35
1 27
1 46
1 33
1 76
1 80
1 68
1 72
2 88
2 98
2 73
2 34
2 82
2 7
2 38
2 81
2 80
2 37
2 57
2 33
2 77
2 15
2 3
2 61
2 53
2 92
2 58
2 14
2 9
2 42
2 23
2 43
2 76
3 62
3 82
3 12
3 70
3 92
3 72
3 55
3 93
3 54
3 18
3 24
3 42
3 59
3 65
3 27
3 45
3 32
3 25
3 5
4 97
4 39
4 20
4 44
4 51
4 34
4 37
4 5
4 6
4 52
4 38
4 24
4 14
4 61
4 63
4 82
4 95
4 59
4 71
5 87
5 70
5 15
5 65
5 73
5 9
5 78
5 72
5 51
5 28
5 86
5 82
5 50
5 18
5 6
5 80
5 90
5 56
5 7
6 51
6 54
6 28
6 78
6 69
6 88
6 31
6 83
6 80
6 13
6 65
6 53
6 74
7 19
7 75
7 83
7 12
7 43
7 38
7 73
7 56
7 26
7 44
7 8
7 49
7 97
7 34
7 46
7 67
7 60
8 84
8 69
8 86
8 61
8 58
8 11
8 47
8 46
8 70
8 88
8 19
8 49
8 52
8 77
8 10
8 28
8 37
8 12
8 64
8 78
9 90
9 19
9 14
9 74
9 88
9 32
9 77
9 55
9 11
9 80
9 59
9 46
9 62
9 16
9 72
9 29
9 39
9 30
9 27
9 18
9 15
10 86
10 11
10 89
10 24
10 77
10 52
10 94
10 35
10 76
10 60
10 91
10 20
10 45
10 79
10 22
10 32
10 67
10 26
10 29
10 37
11 88
11 71
11 39
11 95
11 81
11 54
11 75
11 73
11 33
11 99
11 41
11 72
11 20
11 50
11 56
11 21
11 12
11 85
11 36
11 24
11 76
11 38
11 44
12 79
12 47
12 88
12 50
12 35
12 76
12 31
12 89
12 71
12 41
12 30
12 78
12 94
12 75
12 26
12 40
12 37
12 46
12 68
12 58
13 45
13 36
13 70
13 88
13 77
13 61
13 20
13 74
13 66
13 41
13 95
13 32
13 63
13 71
13 91
13 81
13 72
13 50
13 79
13 15
13 78
14 83
14 65
14 44
14 15
14 16
14 34
14 42
14 26
14 33
14 45
14 64
14 39
14 72
14 99
14 51
14 66
14 81
14 20
14 59
14 43
14 31
15 36
15 74
15 60
15 49
15 25
15 89
15 20
15 98
15 23
15 90
15 95
15 67
15 44
15 75
15 94
15 43
15 70
15 35
16 91
16 88
16 65
16 24
16 62
16 77
16 82
16 83
16 44
16 87
16 49
16 28
16 98
16 86
16 71
16 94
16 66
16 60
17 54
17 82
17 98
17 89
17 21
17 35
17 37
17 99
17 36
17 93
17 77
17 32
17 31
18 29
18 90
18 32
18 19
18 63
18 35
18 96
18 88
18 49
18 20
18 94
18 93
18 48
18 27
18 47
18 56
18 45
18 68
19 23
19 73
19 63
19 80
19 36
19 44
19 53
19 97
19 41
19 42
19 60
19 85
19 92
19 40
19 88
19 66
19 48
20 72
20 93
20 22
20 21
20 24
20 74
20 45
20 64
20 26
20 81
20 25
20 82
20 27
20 41
20 85
20 47
21 47
21 88
21 49
21 31
21 22
21 44
21 82
21 61
21 97
21 77
21 86
21 64
21 98
22 99
22 67
22 72
22 44
22 42
22 57
22 90
22 61
22 24
22 92
22 55
22 65
22 41
22 40
22 48
22 56
22 47
23 94
23 85
23 36
23 71
23 69
23 83
23 86
23 82
23 49
23 78
23 79
23 91
23 40
23 42
23 37
23 38
23 47
23 34
24 49
24 62
24 47
24 74
24 88
24 98
24 72
24 33
24 55
24 58
24 63
24 97
24 91
24 30
25 66
25 74
25 33
25 58
25 54
25 93
25 76
25 78
25 83
25 89
25 43
25 56
26 54
26 99
26 56
26 57
26 80
26 60
26 33
26 39
26 94
26 42
26 51
26 98
26 55
26 40
26 45
26 35
26 31
27 97
27 83
27 57
27 90
27 37
27 39
27 41
27 89
27 65
27 63
27 76
27 96
27 78
27 38
27 32
28 69
28 62
28 97
28 30
28 36
28 70
28 68
28 76
28 59
28 44
28 75
28 66
28 37
28 71
28 94
28 74
29 84
29 87
29 73
29 92
29 37
29 43
29 76
29 90
29 48
29 41
29 49
29 56
29 82
29 36
29 64
29 35
30 83
30 52
30 53
30 87
30 82
30 75
30 78
30 96
30 50
30 74
30 64
30 72
30 51
30 89
30 35
30 69
30 86
30 32
30 59
31 90
31 33
31 92
31 83
31 79
31 68
31 53
31 55
31 63
31 43
31 69
31 56
32 41
32 76
32 72
32 64
32 95
32 58
32 47
32 68
32 54
32 36
32 88
32 92
32 84
32 94
32 90
32 53
32 49
32 44
32 48
32 74
32 73
32 59
33 84
33 96
33 41
33 94
33 68
33 62
33 78
33 60
33 80
33 93
33 77
33 65
33 39
33 58
33 54
33 43
33 97
33 95
33 44
33 86
33 47
33 75
33 79
34 77
34 48
34 74
34 56
34 50
34 61
34 64
34 35
34 84
34 78
34 54
34 38
34 49
34 65
34 52
34 41
34 62
34 68
34 42
34 40
35 88
35 46
35 36
35 57
35 44
35 54
35 38
35 75
35 93
35 81
35 60
35 97
35 66
35 67
35 86
35 74
36 69
36 52
36 73
36 50
36 87
36 76
36 54
36 85
36 77
36 78
36 65
36 49
36 90
36 83
36 37
36 86
36 99
37 66
37 44
37 41
37 42
37 74
37 93
37 92
37 90
37 47
37 79
37 91
37 87
37 69
37 53
37 83
37 63
38 80
38 96
38 85
38 66
38 70
38 44
38 98
38 54
38 45
38 60
38 51
38 95
38 83
39 45
39 40
39 41
39 93
39 86
39 69
39 52
39 75
39 44
39 79
39 51
39 72
39 46
39 87
39 82
39 42
39 84
40 52
40 62
40 46
40 89
40 61
40 92
40 72
40 84
40 58
40 44
40 70
40 75
41 93
41 44
41 60
41 64
41 99
41 61
41 65
41 68
41 72
42 64
42 73
42 94
42 78
42 72
42 57
42 48
42 70
43 73
43 95
43 94
43 75
43 68
43 64
43 83
43 84
43 71
43 56
43 58
43 50
43 93
43 82
44 92
44 49
44 84
44 93
44 69
44 53
44 76
44 81
44 54
44 85
44 67
44 83
45 50
45 85
45 75
45 64
45 57
45 71
45 92
45 84
45 74
46 54
46 92
46 82
46 64
46 87
46 72
46 70
47 76
47 58
47 68
47 52
47 88
47 80
47 61
47 81
47 71
47 70
47 56
47 75
47 66
48 90
48 96
48 91
48 52
48 81
48 62
48 54
48 49
48 61
48 89
48 73
48 66
48 72
48 83
48 60
49 91
49 96
49 50
49 83
49 79
49 61
49 99
49 82
50 84
50 72
50 70
50 55
50 75
50 59
50 81
50 96
50 82
50 86
50 94
50 65
51 74
51 64
51 72
51 56
51 97
51 78
51 55
51 54
51 57
51 69
51 52
52 98
52 78
52 92
52 70
52 80
52 79
52 90
52 91
52 73
52 88
53 96
53 71
53 69
53 94
53 60
53 57
53 80
53 59
53 99
53 98
53 75
53 85
54 88
54 70
54 83
54 68
54 92
54 60
54 91
54 90
55 77
55 98
55 95
55 82
55 87
55 69
55 84
55 61
56 98
56 67
56 74
56 85
56 61
56 92
56 83
56 88
57 76
57 99
57 83
57 88
57 78
57 95
57 61
57 64
57 72
57 92
57 91
57 75
57 79
58 80
58 98
58 95
58 91
58 96
58 99
58 89
58 63
58 97
58 81
58 62
58 90
59 91
59 71
59 65
59 79
60 76
60 68
60 91
60 96
60 88
60 74
60 62
60 81
61 99
61 69
61 71
61 86
61 90
61 77
61 80
61 83
61 91
62 67
62 92
62 70
62 74
62 98
62 84
62 91
62 85
62 86
62 80
62 87
63 83
63 64
63 71
63 78
63 65
63 97
63 70
64 88
64 67
64 85
64 66
64 84
64 75
64 89
64 82
64 91
64 76
65 83
65 88
65 82
65 75
65 94
65 97
66 99
66 94
66 81
66 93
66 87
66 75
67 80
67 82
67 88
67 75
67 86
67 79
67 73
67 68
67 83
67 91
68 89
68 75
68 76
68 72
69 96
69 84
69 88
69 92
69 98
69 70
69 80
69 82
70 73
70 83
70 90
70 71
70 76
70 72
70 87
70 85
70 84
70 77
71 92
71 82
71 88
71 72
71 94
71 96
71 89
72 92
72 94
72 98
72 80
72 88
72 82
72 75
73 83
73 85
73 77
73 93
73 94
73 91
74 81
74 95
74 93
74 79
75 85
75 92
75 77
75 78
75 89
75 84
76 98
76 83
76 96
76 90
76 93
76 81
76 77
76 85
76 97
77 79
77 84
77 96
77 86
77 95
77 80
78 92
79 98
79 92
79 89
79 94
79 99
80 84
80 85
80 82
80 86
80 89
80 98
81 96
81 89
82 94
82 84
82 91
83 85
83 92
83 89
84 95
84 88
85 96
85 97
86 92
86 94
86 96
87 97
87 92
87 98
88 97
88 90
88 99
89 90
89 98
89 95
90 97
91 93
91 97
91 99
92 97
93 96
93 95
93 99
97 98
