VERTICES = 100
EDGES = 1200
0 19
0 15
0 42
0 74
0 82
0 43
0 61
0 66
0 67
0 54
0 69
0 65
0 24
0 93
0 78
0 26
0 5
0 6
0 83
0 27
0 91
0 13
1 71
1 69
1 39
1 24
1 22
1 27
1 45
1 59
1 89
1 60
1 26
1 75
1 78
1 68
1 48
1 33
1 51
1 64
1 3
1 66
1 14
2 76
2 41
2 64
2 3
2 59
2 67
2 89
2 47
2 7
2 10
2 48
2 39
2 54
2 5
2 86
2 62
2 97
2 21
2 72
2 52
2 25
2 23
2 73
2 15
2 74
2 33
3 19
3 65
3 49
3 92
3 64
3 74
3 71
3 42
3 70
3 87
3 94
3 62
3 4
3 21
3 15
3 66
3 7
3 23
3 59
3 36
3 95
3 32
3 6
4 36
4 93
4 78
4 11
4 72
4 26
4 12
4 45
4 73
4 21
4 91
4 70
4 57
4 87
4 34
4 18
4 66
4 80
4 92
4 94
4 63
4 58
4 68
4 77
4 40
5 56
5 32
5 53
5 78
5 40
5 72
5 20
5 44
5 84
5 49
5 89
5 87
5 24
5 75
5 76
5 19
5 43
5 14
5 62
5 66
5 65
5 39
5 52
5 69
5 73
5 97
6 51
6 72
6 33
6 62
6 28
6 65
6 80
6 14
6 34
6 26
6 11
6 94
6 59
6 55
6 9
6 45
6 13
6 30
6 25
6 24
6 44
6 70
7 27
7 18
7 80
7 71
7 41
7 43
7 23
7 9
7 69
7 61
7 17
7 38
7 16
7 13
7 87
7 95
7 97
7 49
7 22
7 88
7 63
7 30
7 82
7 83
7 98
7 8
8 83
8 96
8 45
8 89
8 81
8 55
8 9
8 77
8 99
8 56
8 27
8 50
8 37
8 98
8 24
8 46
8 66
8 16
8 74
9 74
9 35
9 36
9 86
9 53
9 23
9 24
9 27
9 65
9 48
9 57
9 95
9 25
9 49
9 44
9 20
9 46
9 30
9 54
9 56
9 21
9 43
10 43
10 59
10 28
10 53
10 32
10 72
10 70
10 48
10 71
10 66
10 50
10 47
10 49
10 88
10 73
10 55
10 56
10 33
11 98
11 31
11 78
11 21
11 95
11 70
11 58
11 29
11 67
11 62
11 26
11 89
11 39
11 28
11 87
11 19
11 51
11 49
11 35
11 82
11 53
12 71
12 98
12 50
12 69
12 76
12 97
12 93
12 30
12 17
12 22
12 82
12 81
12 68
12 86
12 61
12 89
12 91
12 33
12 78
12 95
12 32
12 66
12 52
12 23
12 70
12 64
12 39
12 87
12 83
12 24
13 21
13 26
13 34
13 28
13 93
13 25
13 27
13 65
13 18
13 96
13 92
13 61
13 71
13 66
13 95
13 43
13 90
14 71
14 46
14 60
14 52
14 49
14 26
14 40
14 94
14 64
14 73
14 59
14 70
14 79
14 20
14 99
14 33
15 94
15 95
15 81
15 23
15 18
15 50
15 53
15 69
15 48
15 41
15 25
15 88
15 96
15 77
15 82
15 91
15 31
15 60
15 24
15 37
15 79
15 65
15 19
15 87
15 55
16 59
16 67
16 83
16 25
16 21
16 78
16 29
16 64
16 91
16 50
16 97
16 89
16 93
17 78
17 69
17 54
17 92
17 96
17 62
17 75
17 46
17 41
17 38
17 56
17 72
17 89
17 94
17 90
17 67
17 22
17 99
17 24
17 74
17 93
17 79
17 45
18 73
18 36
18 75
18 83
18 34
18 56
18 74
18 30
18 46
18 66
18 84
18 20
18 55
18 61
18 23
19 43
19 48
19 25
19 33
19 50
19 56
19 67
19 95
19 36
19 51
19 97
19 71
19 90
19 52
19 86
19 24
19 79
20 65
20 21
20 97
20 41
20 57
20 47
20 74
20 92
20 29
20 88
21 65
21 78
21 43
21 41
21 70
21 52
21 25
21 66
21 63
21 59
21 69
21 48
21 40
21 93
21 46
21 67
22 23
22 44
22 25
22 74
22 88
22 85
22 27
22 31
22 97
22 47
22 35
22 89
22 53
23 71
23 87
23 40
23 25
23 91
23 74
23 64
23 61
23 34
23 79
23 32
23 77
23 29
23 52
23 85
23 33
23 37
23 58
23 68
23 70
23 42
24 88
24 60
24 41
24 92
24 90
24 97
24 32
24 83
24 27
24 93
24 45
24 34
24 91
24 86
24 75
24 47
24 64
24 71
24 98
25 86
25 96
25 87
25 27
25 98
25 48
25 55
25 66
25 80
25 70
25 85
25 69
25 63
25 34
25 31
25 97
25 33
25 49
25 73
25 30
26 33
26 30
26 84
26 28
26 29
26 47
26 87
26 74
26 44
26 77
26 97
26 89
26 48
26 83
26 65
26 58
26 46
26 72
26 94
26 86
26 95
26 82
26 55
27 86
27 93
27 67
27 52
27 63
27 65
27 91
27 75
27 72
27 88
27 96
27 40
27 95
27 30
27 99
27 79
27 46
27 74
27 35
28 88
28 71
28 34
28 90
28 44
28 96
28 45
28 85
28 65
28 57
28 64
28 52
28 82
28 92
28 79
28 80
29 49
29 78
29 95
29 35
29 60
29 67
29 59
29 73
29 68
29 83
29 77
29 36
29 39
29 37
29 46
30 83
30 32
30 37
30 58
30 84
30 51
30 44
30 78
30 93
30 34
30 33
30 91
30 48
30 94
30 90
30 81
30 59
30 68
30 56
31 65
31 73
31 76
31 39
31 94
31 59
31 35
31 45
31 64
31 81
31 93
31 70
31 72
31 44
31 42
31 98
31 53
31 78
31 38
31 34
32 84
32 98
32 72
32 91
32 37
32 33
32 46
32 74
32 92
32 59
32 51
32 69
32 79
32 45
32 66
32 87
32 88
32 73
32 44
32 39
33 95
33 87
33 84
33 94
33 44
33 64
33 96
33 69
33 62
33 52
33 99
33 71
33 82
33 47
33 67
33 50
33 45
33 51
33 80
34 73
34 46
34 70
34 92
34 40
34 35
34 81
34 44
34 75
34 69
34 67
34 45
34 79
34 87
34 74
34 82
34 83
35 71
35 59
35 47
35 82
35 98
35 39
35 57
35 81
35 68
35 62
35 76
35 67
35 87
35 51
35 78
35 92
35 72
36 87
36 47
36 95
36 84
36 71
36 99
36 86
36 54
36 67
36 37
36 58
36 48
36 92
36 50
37 47
37 39
37 67
37 89
37 94
37 82
37 90
37 73
37 71
37 96
37 80
37 55
37 83
37 54
37 58
37 77
37 92
37 79
37 40
38 39
38 78
38 41
38 53
38 82
38 67
38 63
38 73
38 96
39 66
39 97
39 90
39 96
39 60
39 45
39 86
39 55
39 94
39 75
39 80
39 93
40 99
40 85
40 80
40 68
40 57
40 49
40 88
40 60
40 46
40 91
40 79
40 92
40 76
40 96
40 47
40 73
41 96
41 66
41 75
41 48
41 82
41 91
41 54
41 87
41 62
41 51
41 59
41 72
41 60
41 67
41 84
42 78
42 70
42 87
42 86
42 82
42 56
42 94
42 72
42 79
42 54
42 88
42 47
42 68
43 78
43 88
43 53
43 58
43 50
43 79
43 64
43 97
43 69
43 90
43 65
43 80
43 89
43 85
43 67
43 93
43 71
43 48
43 56
44 85
44 45
44 66
44 65
44 86
44 93
44 78
44 47
44 69
44 97
44 57
44 80
44 71
44 91
44 60
44 87
44 96
45 80
45 99
45 54
45 65
45 53
45 60
45 77
45 55
45 70
45 97
45 76
45 81
45 86
45 82
45 98
45 61
45 73
45 64
45 88
46 54
46 90
46 89
46 79
46 72
46 86
46 95
46 52
46 51
46 70
46 48
46 57
46 56
46 87
46 53
47 95
47 86
47 70
47 50
47 67
47 66
47 61
47 48
47 81
48 93
48 72
48 75
48 53
48 56
48 97
48 96
48 78
48 50
48 69
49 73
49 55
49 76
49 96
49 67
49 99
49 87
49 70
49 63
49 66
49 69
49 79
49 68
50 54
50 61
50 64
50 51
50 62
50 56
50 85
50 80
50 81
50 63
50 79
51 62
51 54
51 55
51 99
51 95
51 83
52 69
52 86
52 71
52 66
52 84
52 70
52 62
52 87
52 54
52 95
52 58
52 76
52 82
52 92
52 83
52 80
52 98
52 99
53 78
53 86
53 96
53 92
53 61
53 68
53 88
53 72
53 55
53 57
53 60
54 85
54 80
54 71
54 69
54 55
54 63
54 56
54 86
54 68
54 89
54 87
54 84
54 91
54 73
55 83
55 79
55 61
55 92
55 64
55 86
55 99
55 62
55 91
55 73
56 91
56 67
56 68
56 75
56 87
57 70
57 74
57 90
57 58
57 79
57 63
57 60
57 94
57 99
57 98
58 87
58 60
58 99
58 97
58 89
58 91
59 66
59 96
59 81
59 91
59 74
59 69
59 80
59 83
60 92
60 73
60 72
60 62
60 97
60 66
61 65
61 99
61 83
61 67
61 88
61 73
61 75
61 82
61 85
61 68
62 98
62 88
62 86
62 99
62 84
62 76
63 90
63 82
63 99
63 75
64 68
64 81
64 70
64 89
64 66
64 92
64 77
64 82
64 97
64 98
64 88
64 72
65 97
65 92
65 96
65 82
66 84
66 67
66 71
66 72
66 86
66 99
66 79
66 69
66 70
66 91
66 92
67 70
67 82
67 96
67 99
67 83
67 76
67 87
68 74
68 73
68 69
68 84
68 87
68 92
69 88
69 96
69 86
69 85
69 70
69 72
69 87
69 82
69 94
69 90
70 96
70 89
70 76
70 82
70 91
70 93
70 92
70 86
70 98
70 99
71 90
71 97
71 72
71 79
71 88
71 96
72 96
72 88
72 84
72 92
72 87
72 91
72 77
73 98
73 85
73 92
73 89
73 91
73 82
74 76
74 89
74 91
74 81
74 92
74 95
74 97
74 80
74 78
74 98
75 77
75 91
75 97
75 81
75 86
76 88
76 96
76 87
76 80
77 79
77 99
77 89
77 86
77 94
77 92
78 96
78 93
78 98
78 87
79 89
79 90
79 97
79 84
79 94
79 86
80 98
80 87
80 93
80 94
81 99
81 96
81 89
81 82
81 94
82 96
82 85
83 96
83 85
83 89
83 99
83 93
83 84
84 95
84 88
84 96
84 91
84 92
84 94
84 90
85 88
86 88
86 90
86 99
86 89
87 98
87 95
87 99
87 91
88 94
88 96
89 98
89 91
89 90
90 92
91 97
91 93
93 99
93 97
94 97
94 99
94 98
95 98
95 96
96 98
97 99
