VERTICES = 100
EDGES = 1300
0 17
0 48
0 10
0 91
0 97
0 55
0 82
0 42
0 80
0 36
0 44
0 69
0 87
0 66
0 99
0 18
0 93
0 33
0 26
0 34
0 11
0 88
0 77
0 45
0 74
0 2
0 19
0 90
0 70
0 76
0 58
0 13
0 23
1 5
1 63
1 52
1 99
1 79
1 89
1 97
1 25
1 94
1 15
1 61
1 45
1 39
1 95
1 82
1 47
1 3
1 67
1 69
1 14
1 49
1 66
1 96
1 11
1 23
1 62
1 53
1 24
1 8
1 32
2 14
2 88
2 81
2 60
2 13
2 68
2 30
2 52
2 77
2 19
2 3
2 41
2 53
2 39
2 72
2 67
2 25
2 55
2 9
2 83
2 49
2 73
2 78
2 93
3 32
3 67
3 75
3 33
3 8
3 80
3 84
3 39
3 6
3 59
3 96
3 62
3 60
3 94
3 69
3 52
3 76
3 66
3 64
3 81
3 7
3 63
3 21
3 79
3 17
3 53
3 97
3 91
3 50
3 42
3 15
4 60
4 37
4 58
4 71
4 40
4 61
4 36
4 65
4 91
4 69
4 82
4 35
4 32
4 11
4 49
4 44
4 81
4 99
4 15
4 47
4 39
4 30
4 74
4 34
4 55
5 8
5 51
5 68
5 29
5 66
5 82
5 97
5 24
5 43
5 28
5 36
5 14
5 58
5 17
5 88
5 93
5 96
5 22
5 23
5 54
5 83
5 84
5 72
5 47
5 80
5 98
5 89
5 81
5 64
6 22
6 84
6 99
6 85
6 36
6 54
6 63
6 13
6 95
6 57
6 93
6 16
6 74
6 88
6 32
6 47
6 83
6 41
6 40
7 92
7 99
7 36
7 17
7 11
7 96
7 29
7 19
7 63
7 84
7 66
7 54
7 78
7 71
7 77
7 31
7 25
7 93
7 12
7 56
7 81
7 20
7 41
7 16
7 83
7 30
7 60
7 76
7 28
7 62
7 72
7 90
7 32
7 86
8 78
8 93
8 18
8 48
8 69
8 83
8 66
8 29
8 94
8 42
8 14
8 63
8 85
8 24
8 22
8 89
8 70
8 84
8 57
8 13
8 60
8 97
8 36
9 77
9 71
9 87
9 64
9 67
9 94
9 62
9 53
9 43
9 18
9 40
9 61
9 50
9 55
9 34
9 16
9 35
9 54
9 66
9 52
9 22
9 23
9 99
9 72
10 32
10 52
10 95
10 39
10 26
10 92
10 85
10 71
10 87
10 61
10 57
10 56
10 46
10 37
10 89
10 91
10 97
10 27
10 40
10 96
10 55
10 59
10 82
10 78
11 18
11 13
11 45
11 95
11 48
11 69
11 64
11 14
11 67
11 36
11 52
11 65
11 59
11 55
11 75
11 34
11 90
11 91
12 99
12 84
12 71
12 30
12 59
12 87
12 17
12 76
12 73
12 56
12 28
12 36
12 50
12 13
12 46
12 61
13 37
13 40
13 15
13 50
13 47
13 89
13 63
13 88
13 42
13 81
13 45
13 16
13 94
13 56
13 60
13 57
13 59
13 39
13 26
13 92
13 74
13 78
14 31
14 89
14 71
14 24
14 40
14 53
14 50
14 87
14 48
14 76
14 46
14 30
14 98
14 32
14 35
14 95
14 15
14 64
14 88
15 83
15 21
15 18
15 61
15 89
15 54
15 52
15 50
15 75
15 82
15 42
15 68
15 78
15 98
15 19
15 51
15 60
15 39
15 85
15 16
15 66
15 33
15 99
15 48
15 56
16 36
16 93
16 76
16 77
16 48
16 68
16 51
16 35
16 52
16 39
16 86
16 19
16 79
16 96
16 57
16 24
16 53
16 44
16 97
16 91
16 56
17 22
17 26
17 28
17 62
17 51
17 98
17 96
17 37
17 49
17 43
17 36
17 68
17 64
17 95
17 75
17 30
17 53
17 55
17 63
17 27
17 81
17 65
17 29
17 58
17 97
17 52
17 87
18 76
18 86
18 67
18 85
18 58
18 69
18 89
18 56
18 33
18 77
18 47
18 48
18 43
18 50
18 40
18 35
18 52
19 39
19 43
19 46
19 37
19 95
19 87
19 63
19 35
19 62
19 86
19 29
19 27
19 56
19 92
19 53
19 52
19 36
19 68
19 83
19 55
19 41
19 67
19 97
19 81
19 85
19 54
20 64
20 98
20 47
20 99
20 57
20 31
20 81
20 23
20 43
20 36
20 75
20 86
20 30
20 48
20 27
20 83
20 78
20 71
20 22
21 32
21 76
21 75
21 87
21 27
21 63
21 65
21 30
21 94
21 92
21 28
21 42
21 99
21 24
22 45
22 48
22 28
22 73
22 80
22 26
22 27
22 92
22 60
22 33
22 40
22 65
22 72
22 30
22 87
22 66
22 24
22 70
22 76
22 36
22 94
22 89
22 97
22 83
23 93
23 74
23 96
23 34
23 26
23 78
23 85
23 75
23 90
23 35
23 95
23 28
23 52
23 76
23 50
23 53
23 72
23 47
23 80
24 32
24 98
24 52
24 81
24 87
24 90
24 89
24 65
24 33
24 96
24 75
24 92
24 55
24 61
24 83
24 34
24 86
24 88
25 71
25 72
25 95
25 36
25 41
25 94
25 76
25 77
25 31
25 79
25 54
25 67
25 99
25 63
25 85
25 83
25 80
25 34
25 90
25 86
26 39
26 37
26 71
26 46
26 91
26 44
26 84
26 58
26 78
26 79
26 81
26 75
26 48
26 32
26 85
27 89
27 58
27 43
27 56
27 91
27 60
27 97
27 90
27 78
27 98
27 28
27 64
27 48
27 54
27 61
27 93
27 41
28 46
28 58
28 36
28 91
28 57
28 47
28 61
28 96
28 32
28 39
28 38
28 43
28 72
28 89
28 98
28 87
28 49
28 62
28 71
28 73
28 88
28 75
28 60
28 99
29 64
29 41
29 94
29 59
29 36
29 51
29 46
29 77
29 60
29 87
29 82
29 32
30 96
30 95
30 74
30 84
30 36
30 40
30 70
30 62
30 42
30 75
30 43
30 64
30 82
30 87
30 72
30 39
30 58
30 56
30 94
31 35
31 98
31 34
31 50
31 84
31 52
31 44
31 91
31 42
31 56
31 38
31 45
31 88
31 37
31 67
31 89
32 91
32 57
32 35
32 59
32 48
32 93
32 52
32 36
32 68
32 71
32 81
32 77
32 64
32 49
32 87
32 42
32 50
32 63
32 37
32 33
32 86
32 38
32 55
32 88
32 66
32 54
33 46
33 55
33 60
33 86
33 88
33 73
33 36
33 59
33 57
33 58
33 50
33 48
33 89
33 62
33 79
33 76
33 93
34 80
34 88
34 70
34 61
34 43
34 93
34 51
34 44
34 76
34 40
34 48
34 35
35 61
35 59
35 93
35 88
35 96
35 47
35 48
35 86
35 68
35 73
35 42
35 69
35 78
35 70
35 75
35 39
35 91
36 86
36 84
36 73
36 89
36 43
36 51
36 41
36 38
36 98
36 90
36 62
36 96
36 75
36 64
36 54
36 68
37 74
37 44
37 38
37 56
37 79
37 88
37 54
37 53
37 87
37 75
37 68
37 42
37 50
37 52
37 86
37 46
37 67
37 45
38 39
38 46
38 43
38 75
38 93
38 68
38 72
38 87
38 92
38 76
38 85
38 98
39 93
39 56
39 96
39 98
39 89
39 88
39 86
39 45
39 51
39 66
39 69
39 95
39 67
39 80
39 54
40 92
40 84
40 50
40 74
40 69
40 99
40 42
40 56
40 51
40 54
40 46
40 53
40 44
40 91
41 79
41 58
41 81
41 43
41 98
41 51
41 97
41 94
41 89
41 46
41 70
41 68
41 44
41 64
42 46
42 84
42 74
42 57
42 91
42 47
42 59
42 63
42 50
42 85
42 78
42 76
42 43
42 81
42 94
42 82
42 99
43 68
43 88
43 49
43 87
43 60
43 46
43 86
43 72
43 90
43 54
43 70
43 84
43 79
43 77
44 81
44 97
44 50
44 63
44 65
44 47
44 55
44 68
44 80
44 48
44 58
44 74
44 87
44 84
44 52
44 59
44 78
44 95
44 75
45 49
45 68
45 47
45 58
45 62
45 96
45 74
45 79
45 90
45 95
45 63
45 83
45 65
45 75
45 81
46 70
46 95
46 71
46 97
46 80
46 90
46 50
46 48
46 59
46 79
47 97
47 69
47 55
47 82
47 98
47 54
47 77
47 50
47 86
47 91
47 74
47 90
47 92
47 83
48 97
48 66
48 92
48 59
48 74
48 68
48 93
48 88
48 82
48 65
48 73
48 80
48 83
48 49
48 51
49 81
49 60
49 92
49 95
49 66
49 91
50 76
50 54
50 85
50 57
50 68
50 53
50 67
50 98
50 63
50 93
50 82
50 89
50 83
51 67
51 54
51 80
51 96
51 77
51 92
51 85
51 69
51 82
51 81
51 72
51 70
51 79
51 66
51 86
51 74
51 90
52 68
52 93
52 85
52 57
52 91
52 56
52 90
52 94
52 82
52 67
52 87
53 86
53 77
53 57
53 69
53 72
53 63
53 56
53 60
53 91
53 62
53 81
54 92
54 57
54 91
54 60
54 69
54 82
54 81
54 83
54 85
54 75
54 79
54 59
55 75
55 66
55 77
55 80
55 96
55 84
55 81
55 73
55 94
55 67
55 99
55 58
55 71
55 78
56 80
56 85
56 93
56 71
56 91
56 90
56 89
56 83
56 77
57 82
57 89
57 71
57 86
57 78
57 62
57 85
57 72
57 58
57 59
57 87
58 86
58 98
58 95
58 84
58 96
58 69
58 83
58 74
58 87
58 99
58 61
58 77
58 67
58 81
59 88
59 98
59 84
59 74
59 80
59 97
59 94
59 63
59 93
59 96
59 95
60 96
60 91
60 95
60 65
60 75
60 87
60 69
61 74
61 85
61 88
61 84
61 76
61 97
61 77
61 93
61 65
61 95
61 89
61 72
62 72
62 82
62 96
62 94
62 79
62 73
62 85
62 81
62 89
62 98
62 83
63 86
63 75
63 82
63 68
63 70
63 81
63 85
63 83
63 77
64 98
64 76
64 70
64 88
64 92
64 81
64 65
65 66
65 67
65 95
65 78
65 90
65 96
65 75
65 91
65 69
66 94
66 97
66 80
66 86
66 74
66 84
66 89
66 91
66 67
66 77
66 88
66 76
66 87
67 83
67 80
67 78
67 69
67 75
67 68
67 94
68 70
68 85
68 98
68 75
68 93
68 74
68 95
68 81
68 88
68 96
68 71
68 90
68 99
68 83
69 79
69 99
69 81
69 93
69 98
70 78
70 71
70 75
70 87
70 80
70 81
70 95
71 77
71 92
71 94
71 87
71 83
71 73
71 72
71 88
72 96
72 87
72 89
72 83
72 78
73 85
73 76
73 87
73 82
73 97
74 88
74 99
74 85
74 86
74 76
74 93
74 75
74 98
75 81
75 91
75 98
75 85
75 92
75 84
76 83
76 85
76 98
76 93
77 92
77 96
77 87
77 84
78 83
78 85
79 92
79 96
79 99
79 91
80 81
80 85
80 86
80 96
80 82
80 98
80 94
80 95
81 90
81 94
81 97
81 98
81 82
81 95
82 88
82 96
82 84
82 97
83 88
83 93
84 97
84 87
84 99
84 95
84 94
84 86
85 87
85 86
85 98
86 92
86 98
86 99
87 89
87 98
87 94
87 96
87 92
87 97
88 95
88 94
88 89
88 91
89 97
89 98
90 94
90 92
91 95
91 96
91 97
91 98
91 94
92 96
92 98
92 93
93 95
