VERTICES = 100
EDGES = 1400
0 64
0 77
0 45
0 29
0 11
0 44
0 22
0 12
0 99
0 79
0 96
0 27
0 73
0 93
0 5
0 9
0 86
0 71
0 10
0 49
0 7
0 8
0 91
0 42
0 65
0 97
0 75
1 32
1 24
1 23
1 71
1 29
1 92
1 20
1 56
1 3
1 26
1 16
1 89
1 88
1 85
1 22
1 35
1 83
1 25
1 72
1 30
1 80
1 39
1 12
1 8
1 91
1 4
1 76
1 57
1 50
1 5
1 36
1 45
1 15
1 17
1 49
2 68
2 32
2 19
2 38
2 81
2 69
2 93
2 64
2 96
2 21
2 92
2 12
2 46
2 91
2 35
2 99
2 50
2 42
2 86
2 34
2 43
2 28
2 78
2 58
2 18
2 48
2 97
2 9
2 76
2 83
2 54
3 16
3 49
3 20
3 52
3 96
3 98
3 59
3 44
3 73
3 65
3 19
3 34
3 81
3 77
3 6
3 38
3 74
3 35
3 51
3 8
3 86
3 67
3 88
3 62
3 97
3 9
3 61
3 18
3 45
3 41
4 95
4 99
4 13
4 81
4 46
4 57
4 86
4 36
4 11
4 52
4 18
4 56
4 50
4 82
4 68
4 29
4 64
4 66
4 40
4 76
4 14
4 69
4 98
4 74
4 62
5 35
5 60
5 38
5 13
5 45
5 23
5 6
5 55
5 90
5 97
5 96
5 26
5 29
5 99
5 94
5 10
5 75
5 65
5 33
5 12
5 62
5 56
5 9
5 15
5 22
5 93
5 73
5 36
6 34
6 60
6 49
6 38
6 91
6 33
6 11
6 21
6 62
6 16
6 99
6 46
6 75
6 51
6 79
6 84
6 73
6 19
6 42
6 88
6 83
6 87
6 65
6 53
6 95
6 71
6 93
7 75
7 30
7 77
7 32
7 9
7 83
7 91
7 59
7 8
7 49
7 20
7 24
7 44
7 43
7 21
7 69
7 84
7 89
7 61
7 31
7 72
7 47
7 11
7 60
8 82
8 83
8 48
8 42
8 29
8 74
8 26
8 45
8 52
8 39
8 30
8 96
8 35
8 71
8 69
8 54
8 84
8 63
8 93
8 94
8 88
9 54
9 36
9 43
9 38
9 53
9 97
9 31
9 89
9 96
9 74
9 44
9 60
9 47
9 73
9 19
9 99
9 63
9 98
9 91
9 45
9 68
9 49
9 71
9 27
9 77
9 11
9 64
9 30
9 92
10 41
10 98
10 54
10 23
10 81
10 42
10 32
10 18
10 50
10 90
10 44
10 73
10 13
10 14
10 93
10 68
10 39
10 86
10 48
10 71
10 20
10 61
10 84
11 69
11 40
11 38
11 48
11 72
11 83
11 16
11 88
11 66
11 33
11 71
11 78
11 44
11 22
11 35
11 29
11 32
11 46
11 82
11 97
11 95
12 76
12 57
12 13
12 38
12 64
12 75
12 70
12 72
12 21
12 42
12 51
12 28
12 30
12 31
12 80
12 50
12 96
12 47
12 54
12 35
12 98
12 37
12 23
12 89
13 46
13 83
13 14
13 27
13 24
13 61
13 78
13 41
13 32
13 49
13 72
13 84
13 94
13 39
13 37
13 62
13 26
13 18
13 38
13 36
13 52
13 53
13 98
13 89
13 92
13 59
13 19
13 75
13 47
13 44
14 55
14 65
14 24
14 17
14 36
14 63
14 38
14 41
14 84
14 53
14 99
14 66
14 20
14 29
14 77
14 72
14 50
14 88
14 54
14 96
14 49
14 35
14 68
15 76
15 23
15 79
15 66
15 65
15 77
15 49
15 33
15 99
15 64
15 63
15 93
15 53
15 67
15 85
15 61
15 31
15 92
16 18
16 42
16 51
16 85
16 52
16 21
16 36
16 39
16 17
16 30
16 62
16 26
16 81
16 78
16 65
16 32
16 94
16 72
16 71
16 27
16 31
16 77
16 91
16 67
16 20
16 56
16 50
16 37
17 90
17 64
17 68
17 43
17 35
17 62
17 30
17 28
17 18
17 83
17 39
17 77
17 81
17 78
17 79
17 27
17 95
17 50
17 22
17 46
17 75
17 89
17 25
17 20
17 63
17 47
17 85
17 76
18 41
18 28
18 83
18 20
18 67
18 66
18 71
18 35
18 22
18 26
18 80
18 21
18 32
18 78
18 86
18 63
18 93
18 43
18 58
18 79
18 64
18 42
18 76
19 30
19 22
19 37
19 98
19 58
19 75
19 87
19 78
19 25
19 47
19 26
19 45
19 32
19 70
19 88
19 85
19 69
19 68
19 63
19 46
19 67
19 83
20 94
20 68
20 41
20 71
20 61
20 21
20 82
20 79
20 84
20 34
20 62
20 25
20 54
20 56
20 91
20 40
20 83
20 33
20 29
20 59
21 24
21 87
21 96
21 38
21 44
21 59
21 94
21 70
21 48
21 52
21 91
21 97
21 75
21 81
21 56
21 54
22 87
22 32
22 99
22 96
22 42
22 61
22 54
22 43
22 94
22 49
22 40
22 95
22 83
22 60
22 66
22 98
22 25
22 48
22 41
22 30
22 77
22 31
22 58
22 56
23 66
23 32
23 67
23 42
23 94
23 27
23 79
23 69
23 35
23 41
23 30
23 95
23 29
23 75
23 70
23 58
23 60
23 51
23 96
23 50
23 73
23 25
23 34
23 33
23 83
23 81
23 90
24 89
24 83
24 35
24 74
24 63
24 69
24 38
24 87
24 39
24 91
24 82
24 67
24 92
24 56
24 84
24 32
24 90
24 88
24 43
24 42
24 65
24 60
24 93
24 79
24 59
25 43
25 73
25 47
25 70
25 54
25 78
25 76
25 65
25 52
25 81
25 39
25 74
25 26
25 84
25 62
25 99
25 57
25 71
26 49
26 56
26 88
26 36
26 52
26 53
26 72
26 45
26 98
26 74
26 67
26 99
26 57
26 54
26 44
26 85
26 91
26 28
26 64
26 80
26 71
27 90
27 37
27 91
27 84
27 36
27 81
27 71
27 77
27 86
27 69
27 68
27 29
27 28
27 94
27 31
27 63
27 78
27 50
27 32
27 59
27 76
27 99
27 82
27 87
27 74
27 40
27 72
27 48
27 66
28 39
28 33
28 60
28 47
28 73
28 56
28 54
28 66
28 50
28 52
28 35
28 40
28 77
28 67
29 83
29 73
29 66
29 71
29 93
29 95
29 98
29 79
29 51
29 41
29 47
29 84
29 64
29 78
29 42
29 46
29 87
29 77
30 40
30 50
30 96
30 99
30 79
30 33
30 63
30 58
30 39
30 56
30 34
30 69
30 44
30 95
30 90
30 52
30 86
30 76
30 66
30 81
30 65
30 46
30 75
30 42
31 40
31 62
31 89
31 58
31 52
31 60
31 49
31 63
31 77
31 86
31 61
31 47
31 55
32 89
32 72
32 54
32 65
32 71
32 69
32 44
32 63
32 76
32 86
32 51
32 93
32 37
32 52
32 70
32 41
32 47
32 98
32 53
32 48
32 82
33 75
33 37
33 96
33 98
33 92
33 81
33 84
33 55
33 42
33 35
33 49
33 43
33 63
33 66
33 52
33 71
33 54
34 73
34 53
34 93
34 77
34 37
34 41
34 67
34 69
34 74
34 86
34 79
34 65
34 56
34 39
34 96
34 52
34 70
34 36
34 57
34 61
34 66
34 35
34 40
34 58
34 48
35 73
35 49
35 60
35 68
35 92
35 41
35 43
35 90
35 83
35 46
35 94
35 59
35 97
35 99
36 87
36 59
36 82
36 53
36 46
36 42
36 86
36 38
36 40
36 99
36 52
36 43
36 96
36 72
36 81
36 55
36 79
36 71
36 89
36 64
37 47
37 86
37 99
37 64
37 62
37 41
37 38
37 40
37 78
37 61
37 66
37 49
37 54
37 68
38 53
38 65
38 67
38 63
38 75
38 97
38 80
38 96
38 57
38 39
38 56
38 68
38 77
38 49
38 98
38 76
38 41
38 42
38 46
39 77
39 43
39 41
39 51
39 89
39 69
39 81
39 72
39 87
39 86
39 58
39 88
39 46
40 70
40 63
40 56
40 41
40 95
40 87
40 90
40 53
40 73
40 50
40 98
40 69
40 89
40 71
40 65
40 96
40 68
40 97
40 93
40 47
41 53
41 86
41 75
41 96
41 95
41 71
41 57
41 52
41 55
41 92
41 66
41 50
41 70
41 54
41 76
41 65
42 58
42 92
42 76
42 84
42 83
42 66
42 56
42 48
42 52
42 95
42 97
42 90
42 69
42 59
43 45
43 66
43 49
43 62
43 59
43 44
43 67
43 87
43 91
43 71
43 92
43 75
43 97
44 68
44 55
44 60
44 83
44 86
44 79
44 92
44 48
44 71
44 85
44 81
44 82
44 53
44 57
44 66
44 96
44 74
44 97
45 89
45 62
45 74
45 64
45 55
45 47
45 78
45 73
45 49
46 87
46 73
46 75
46 96
46 88
46 79
46 53
46 63
46 61
46 57
46 80
46 97
46 99
46 51
46 49
47 77
47 89
47 68
47 79
47 57
47 91
47 62
47 84
47 87
47 90
47 58
47 81
47 93
47 95
47 88
47 65
47 85
48 50
48 79
48 94
48 81
48 61
48 96
48 77
48 58
48 91
48 87
48 57
48 51
48 54
48 60
48 80
48 89
48 71
48 62
48 85
49 70
49 84
49 85
49 82
49 72
49 83
49 69
49 62
49 53
49 94
50 93
50 78
50 64
50 85
50 96
50 69
50 63
50 55
50 66
50 88
50 81
50 90
50 91
51 78
51 73
51 95
51 80
51 81
51 52
51 56
51 82
51 94
52 71
52 99
52 58
52 69
52 75
52 93
52 91
52 61
52 53
52 59
52 79
52 78
52 60
52 81
52 62
52 67
52 92
53 93
53 87
53 76
53 98
53 55
53 86
53 72
53 92
53 60
53 91
53 78
54 74
54 71
54 87
54 68
54 79
54 82
54 96
54 81
54 95
54 99
54 64
54 65
54 97
54 62
54 93
54 90
55 72
55 64
55 84
55 62
55 93
55 82
55 95
55 57
55 80
56 61
56 84
56 80
56 64
56 94
56 60
56 98
56 71
56 76
57 94
57 91
57 82
57 64
57 74
57 73
57 65
57 61
58 79
58 83
58 90
58 85
58 78
58 92
58 69
58 88
58 97
59 72
59 63
59 61
59 98
59 60
59 89
59 82
59 88
59 65
59 85
59 81
59 87
59 76
60 73
60 80
60 62
60 90
60 71
60 72
60 69
60 87
60 75
60 95
60 66
60 70
60 92
60 88
61 64
61 66
61 95
61 63
61 91
61 67
61 96
61 72
61 74
61 79
61 80
61 85
61 68
61 76
62 99
62 92
62 97
62 66
62 81
62 73
62 84
62 79
62 93
62 87
62 72
63 93
63 67
63 97
63 94
63 72
63 91
63 96
64 88
64 84
64 74
64 94
64 92
64 87
64 78
64 86
64 93
65 91
65 86
65 80
65 78
65 71
65 75
65 94
65 93
65 92
65 98
65 69
66 78
66 71
66 69
66 80
66 84
66 98
66 81
66 85
66 95
66 67
66 75
67 76
67 81
67 98
67 89
67 71
67 94
67 74
67 87
68 83
68 77
68 82
68 92
68 99
68 97
69 91
69 76
69 81
69 71
69 80
70 92
70 71
70 96
70 72
70 90
70 79
70 73
70 88
70 74
71 76
71 98
71 92
71 96
71 75
71 84
71 97
71 89
71 72
71 83
72 82
72 98
72 92
72 99
72 74
72 77
72 88
72 93
73 81
73 88
73 79
73 93
74 88
74 87
74 82
74 77
74 79
74 81
74 75
74 78
75 93
75 76
75 81
75 84
76 98
76 79
76 97
76 83
76 77
76 93
76 99
76 88
76 84
76 94
77 94
77 86
77 90
77 82
77 99
77 92
77 88
78 89
78 95
78 85
78 88
78 94
78 79
78 96
78 93
79 98
79 97
79 93
80 88
80 97
80 99
80 86
80 92
80 83
80 87
80 81
81 94
81 93
81 87
81 91
81 99
81 96
81 86
81 83
82 99
82 89
83 95
83 86
83 96
83 88
84 98
85 87
85 98
85 88
85 97
85 96
85 92
85 93
85 95
86 87
86 97
86 98
86 94
86 92
86 91
87 95
87 89
88 89
88 93
88 97
89 94
89 93
90 99
91 93
91 99
91 94
92 94
93 96
93 95
93 98
94 96
94 95
95 97
95 99
96 97
97 99
98 99
