VERTICES = 100
EDGES = 1500
0 28
0 44
0 75
0 39
0 7
0 90
0 94
0 80
0 13
0 72
0 67
0 46
0 23
0 34
0 40
0 97
0 93
0 89
0 95
0 79
0 51
0 33
0 82
0 70
0 49
0 12
0 84
0 14
0 63
1 17
1 97
1 57
1 32
1 60
1 98
1 92
1 40
1 14
1 96
1 72
1 44
1 2
1 29
1 69
1 15
1 63
1 55
1 43
1 71
1 59
1 58
1 86
1 83
1 47
1 21
1 90
1 61
1 13
1 87
2 61
2 75
2 58
2 73
2 99
2 65
2 41
2 26
2 31
2 45
2 93
2 54
2 10
2 30
2 6
2 56
2 24
2 47
2 55
2 48
2 29
2 32
2 71
2 86
2 37
2 60
2 95
2 16
2 46
2 13
2 40
3 47
3 46
3 55
3 53
3 73
3 23
3 7
3 77
3 29
3 76
3 70
3 10
3 40
3 83
3 98
3 58
3 13
3 26
3 37
3 92
3 44
3 81
3 30
3 79
3 88
3 54
3 86
3 89
3 12
3 9
4 25
4 38
4 93
4 84
4 92
4 61
4 16
4 85
4 26
4 95
4 79
4 29
4 28
4 82
4 58
4 70
4 91
4 44
4 43
4 66
4 86
4 30
4 76
4 24
4 80
4 9
4 6
4 78
4 62
4 47
5 36
5 39
5 35
5 92
5 99
5 32
5 65
5 41
5 83
5 49
5 44
5 70
5 97
5 37
5 84
5 62
5 21
5 78
5 12
5 94
5 33
5 13
5 7
5 45
5 48
5 82
5 91
5 85
5 50
6 88
6 18
6 62
6 86
6 90
6 95
6 16
6 45
6 74
6 24
6 49
6 80
6 94
6 72
6 31
6 21
6 19
6 17
6 46
6 61
6 44
6 77
7 79
7 91
7 55
7 82
7 84
7 76
7 96
7 47
7 56
7 71
7 75
7 21
7 77
7 16
7 8
7 70
7 11
7 15
7 50
7 17
7 46
7 43
7 42
8 56
8 26
8 52
8 33
8 51
8 50
8 73
8 15
8 45
8 74
8 89
8 84
8 66
8 90
8 23
8 81
8 96
8 79
8 18
8 98
8 69
8 82
8 71
8 92
8 94
8 10
8 42
8 80
9 20
9 93
9 91
9 66
9 82
9 96
9 22
9 67
9 29
9 78
9 98
9 30
9 90
9 95
9 54
9 18
9 17
9 28
9 73
9 40
9 15
9 13
9 70
9 88
9 33
9 46
10 16
10 77
10 55
10 35
10 91
10 68
10 40
10 58
10 83
10 39
10 44
10 57
10 25
10 32
10 70
10 49
10 85
10 41
10 95
11 26
11 92
11 64
11 32
11 63
11 15
11 76
11 28
11 84
11 74
11 33
11 65
11 22
11 21
11 87
11 56
11 94
11 18
11 24
11 95
11 99
11 88
11 37
11 91
11 98
11 51
11 80
11 90
11 57
11 83
11 60
12 24
12 69
12 33
12 26
12 49
12 15
12 80
12 13
12 61
12 29
12 62
12 81
12 65
12 94
12 57
12 28
12 98
12 77
12 44
12 58
12 27
12 89
12 85
12 36
12 74
12 37
12 51
12 35
12 17
12 88
12 82
12 90
13 19
13 76
13 47
13 33
13 91
13 68
13 44
13 67
13 71
13 16
13 70
13 31
13 29
13 73
13 87
13 45
13 51
13 30
13 57
13 15
13 64
13 98
13 61
13 43
13 72
13 17
13 27
13 60
13 48
14 43
14 78
14 50
14 36
14 49
14 18
14 69
14 87
14 32
14 83
14 28
14 16
14 73
14 39
14 90
14 77
14 92
14 51
14 42
14 31
14 80
14 65
14 98
14 66
14 64
14 95
15 37
15 49
15 83
15 46
15 20
15 61
15 54
15 86
15 91
15 31
15 27
15 74
15 25
15 52
15 41
15 60
15 65
15 98
15 76
15 29
15 21
15 72
15 79
15 88
15 94
15 19
15 34
15 80
16 49
16 53
16 38
16 27
16 66
16 84
16 20
16 30
16 65
16 94
16 60
16 46
16 40
16 91
16 93
16 95
16 44
16 43
16 69
16 39
16 59
16 51
16 70
16 52
16 45
16 50
16 71
16 56
16 18
17 32
17 51
17 78
17 41
17 66
17 97
17 31
17 69
17 63
17 91
17 34
17 19
17 46
17 22
17 20
17 36
18 54
18 50
18 92
18 84
18 72
18 36
18 40
18 25
18 29
18 51
18 55
18 30
18 56
18 70
18 88
18 86
18 44
18 43
18 89
18 73
18 64
18 83
18 74
18 42
18 58
19 47
19 76
19 63
19 59
19 27
19 43
19 23
19 45
19 92
19 98
19 81
19 41
19 39
19 31
20 99
20 78
20 69
20 46
20 94
20 56
20 65
20 33
20 66
20 55
20 32
20 35
20 61
20 48
20 60
20 90
20 58
20 47
20 50
20 21
20 30
20 59
20 38
20 79
21 38
21 24
21 88
21 44
21 80
21 25
21 30
21 83
21 92
21 81
21 51
21 66
21 22
21 68
21 47
21 67
21 77
21 45
21 91
21 90
21 72
21 29
21 63
21 36
22 75
22 59
22 89
22 82
22 29
22 99
22 74
22 42
22 61
22 47
22 31
22 23
22 49
22 92
22 25
22 30
22 79
22 63
22 78
22 40
22 58
22 54
22 83
22 67
22 80
22 68
22 96
23 28
23 41
23 59
23 75
23 77
23 55
23 87
23 79
23 95
23 66
23 85
23 39
23 34
23 31
23 93
23 80
23 57
23 97
23 71
23 40
23 90
23 35
23 24
23 81
24 86
24 28
24 68
24 39
24 27
24 70
24 32
24 64
24 47
24 50
24 74
24 61
24 37
24 29
24 25
24 42
24 62
24 35
24 81
24 65
24 33
24 73
24 52
25 81
25 77
25 37
25 62
25 97
25 60
25 74
25 30
25 44
25 84
25 39
25 79
25 83
25 46
25 73
25 47
25 67
25 72
25 68
25 33
25 78
25 42
25 32
25 90
25 98
25 50
26 63
26 81
26 85
26 65
26 35
26 95
26 93
26 80
26 54
26 82
26 66
26 41
26 58
26 99
26 67
26 97
26 51
26 88
27 93
27 62
27 50
27 58
27 96
27 54
27 91
27 73
27 64
27 81
27 44
27 37
27 97
27 77
27 95
27 43
27 30
27 53
28 30
28 94
28 65
28 40
28 60
28 69
28 66
28 95
28 56
28 51
28 42
28 34
28 91
28 76
28 92
28 32
28 79
28 85
28 36
28 90
28 54
28 89
28 77
29 91
29 56
29 81
29 87
29 88
29 30
29 34
29 40
29 67
29 58
29 45
29 99
29 84
29 73
29 65
29 41
29 97
29 89
29 55
29 66
29 60
30 66
30 80
30 99
30 78
30 53
30 34
30 91
30 75
30 46
30 77
30 32
30 96
30 73
30 72
30 87
30 45
30 44
30 62
30 64
30 43
30 37
30 31
30 82
30 95
30 58
30 33
31 55
31 44
31 61
31 83
31 99
31 79
31 73
31 38
31 68
31 35
31 93
31 76
31 90
31 84
31 54
31 49
31 46
31 41
31 64
31 62
31 70
31 36
31 82
31 69
31 53
32 81
32 89
32 69
32 47
32 94
32 79
32 88
32 65
32 43
32 83
32 75
32 86
32 51
32 37
32 50
32 34
32 92
32 42
32 99
32 33
32 63
32 44
33 78
33 79
33 38
33 66
33 39
33 45
33 56
33 91
33 67
33 75
33 87
33 84
33 82
33 94
33 63
33 72
33 90
33 98
33 88
33 57
34 99
34 87
34 45
34 92
34 47
34 88
34 94
34 84
34 72
34 39
34 43
34 70
34 56
34 49
34 98
34 71
34 74
34 38
34 86
34 81
34 55
34 61
35 88
35 73
35 82
35 67
35 62
35 46
35 38
35 61
35 86
35 55
35 53
35 76
35 64
35 49
35 94
35 97
35 91
35 95
35 89
35 44
35 81
36 76
36 82
36 80
36 75
36 46
36 71
36 55
36 78
36 50
36 89
36 79
36 91
36 90
36 67
36 86
36 40
36 56
36 95
36 61
36 66
36 39
36 83
36 70
36 51
37 38
37 56
37 40
37 81
37 53
37 94
37 60
37 70
37 75
37 58
37 84
37 68
37 67
37 91
37 74
37 64
37 92
37 90
37 47
37 69
37 57
38 89
38 73
38 66
38 72
38 45
38 79
38 95
38 56
38 60
38 65
38 90
38 64
38 78
38 77
38 39
38 99
38 54
38 75
39 55
39 69
39 89
39 63
39 42
39 93
39 65
39 59
39 60
39 97
39 61
39 80
39 53
39 57
39 46
39 87
40 87
40 45
40 95
40 99
40 91
40 48
40 55
40 96
40 49
40 79
40 70
40 77
40 76
40 43
40 42
40 58
40 46
40 50
40 51
40 71
40 93
41 82
41 50
41 56
41 77
41 67
41 93
41 81
41 43
41 42
41 48
41 54
41 55
41 80
41 75
42 87
42 60
42 73
42 74
42 83
42 89
42 65
42 48
42 82
42 67
42 58
42 70
42 85
42 97
42 96
42 90
42 79
43 44
43 45
43 63
43 69
43 70
43 54
43 64
43 89
43 92
43 76
43 96
44 67
44 62
44 98
44 47
44 56
44 89
44 77
44 65
44 46
44 99
44 53
44 96
44 57
44 76
44 72
45 61
45 91
45 67
45 73
45 56
45 52
45 54
45 64
45 46
45 47
45 69
45 55
45 79
45 75
45 63
45 83
45 49
46 64
46 60
46 63
46 58
46 79
46 76
46 83
46 56
46 77
46 57
46 65
47 69
47 93
47 70
47 49
47 80
47 94
47 48
47 81
47 82
47 90
47 64
47 57
47 78
47 50
47 99
47 61
47 89
48 91
48 61
48 86
48 60
48 71
48 52
48 79
48 83
48 59
48 75
48 77
49 88
49 51
49 56
49 91
49 75
49 57
49 80
49 55
49 62
49 67
49 92
49 96
49 83
49 73
49 74
50 55
50 75
50 70
50 61
50 98
50 81
50 63
50 56
50 54
50 88
50 79
50 51
50 95
50 76
50 85
50 57
51 97
51 63
51 71
51 65
51 94
51 74
51 88
51 87
51 93
51 78
51 77
51 86
51 82
51 91
52 58
52 94
52 71
52 63
52 64
52 56
52 72
52 88
52 78
52 59
52 99
52 69
52 57
52 70
52 54
52 82
52 85
52 81
52 96
53 99
53 71
53 98
53 77
53 70
53 64
53 78
53 66
53 63
53 57
54 95
54 67
54 91
54 73
54 88
54 69
54 72
54 97
54 81
54 66
54 79
54 77
54 70
54 82
54 87
54 58
55 63
55 72
55 95
55 81
55 99
55 73
55 67
55 77
55 75
55 56
55 97
55 89
55 61
55 80
55 86
56 82
56 94
56 68
56 81
56 72
56 66
56 59
56 87
56 89
56 88
56 93
56 91
56 57
57 67
57 86
57 82
57 97
57 62
57 64
57 61
57 70
57 77
57 69
57 75
57 60
57 78
57 92
58 59
58 60
58 91
58 97
58 99
58 72
58 80
58 86
58 61
58 64
58 88
59 70
59 66
59 65
59 94
59 83
59 63
59 97
59 93
59 89
59 82
59 79
59 86
59 61
60 73
60 98
60 81
60 96
60 99
60 86
60 62
60 67
60 84
60 94
60 61
60 78
61 74
61 84
61 80
61 68
61 86
61 94
61 76
61 97
61 87
61 95
61 73
61 75
61 89
62 64
62 72
62 91
62 79
62 85
62 87
62 82
62 99
62 77
62 88
62 65
62 73
62 66
62 90
62 69
63 94
63 83
63 73
63 79
63 66
63 92
63 98
63 95
63 76
64 75
64 87
64 94
64 70
64 89
64 72
64 71
64 68
64 82
64 77
65 90
65 92
65 78
65 69
65 97
65 71
66 76
66 99
66 74
66 98
66 91
66 82
66 67
66 73
67 97
67 99
67 89
67 85
67 70
67 91
67 80
67 73
68 80
68 75
68 79
68 95
68 78
68 92
69 95
69 72
69 90
69 77
69 73
69 82
69 98
69 87
69 85
69 91
70 76
70 75
70 90
70 87
70 88
70 96
71 99
71 96
71 75
71 93
71 81
71 98
71 84
71 77
71 72
71 88
71 73
72 99
72 89
72 82
72 74
72 80
72 86
72 98
73 82
73 83
73 86
73 85
73 91
74 88
74 84
74 96
74 83
74 81
74 97
74 85
74 77
74 92
74 99
74 86
75 84
75 95
75 83
75 96
75 88
75 87
75 86
75 92
75 82
75 85
76 96
76 80
76 90
76 79
76 89
77 82
77 84
77 95
77 78
77 88
77 98
78 79
78 82
78 85
78 95
78 81
78 89
78 86
78 92
78 80
79 84
79 97
79 90
79 89
79 85
79 98
80 92
80 85
80 96
80 83
80 99
80 97
80 95
81 98
81 86
81 88
81 87
81 92
82 98
82 87
82 96
82 93
82 89
82 84
83 92
83 89
83 96
83 90
83 87
83 86
83 91
83 93
84 97
84 98
84 95
84 90
84 89
84 96
85 97
85 91
85 99
85 89
85 86
86 97
86 91
86 98
86 92
87 96
87 91
87 95
87 99
88 89
88 96
88 95
88 90
89 95
89 91
89 98
89 94
89 97
90 92
90 97
91 98
91 93
92 97
92 95
92 96
93 95
93 98
93 96
94 98
94 97
97 99
