VERTICES = 100
EDGES = 1600
0 17
0 18
0 50
0 31
0 3
0 59
0 54
0 63
0 95
0 97
0 55
0 81
0 4
0 10
0 14
0 80
0 88
0 90
0 38
0 62
0 73
0 58
0 39
0 25
0 35
0 53
1 71
1 21
1 76
1 53
1 2
1 14
1 58
1 11
1 15
1 13
1 48
1 82
1 66
1 62
1 81
1 33
1 29
1 89
1 4
1 3
1 96
1 50
1 98
1 84
1 28
1 73
1 99
1 12
1 79
1 95
1 8
1 39
1 7
2 38
2 3
2 61
2 86
2 83
2 30
2 89
2 44
2 81
2 43
2 49
2 77
2 15
2 9
2 33
2 36
2 29
2 84
2 93
2 22
2 19
2 11
2 45
2 20
2 47
2 42
2 99
2 72
2 88
2 21
2 52
2 13
2 82
2 17
2 25
2 67
2 6
2 92
2 48
2 28
2 50
3 52
3 51
3 99
3 32
3 93
3 31
3 39
3 67
3 95
3 33
3 79
3 24
3 48
3 69
3 80
3 72
3 7
3 40
3 70
3 12
3 64
3 85
3 10
3 22
3 19
3 37
3 58
3 68
3 78
3 91
3 42
4 41
4 83
4 91
4 87
4 52
4 40
4 43
4 77
4 32
4 51
4 9
4 18
4 93
4 96
4 64
4 54
4 5
4 73
4 7
4 65
4 27
4 85
4 84
4 15
4 92
4 25
4 89
4 37
4 98
4 66
4 13
4 79
4 56
5 70
5 42
5 30
5 28
5 36
5 98
5 66
5 39
5 61
5 35
5 71
5 44
5 29
5 72
5 69
5 10
5 82
5 11
5 52
5 19
5 67
5 96
5 63
5 32
5 23
5 68
5 54
5 59
6 28
6 50
6 76
6 94
6 56
6 48
6 96
6 55
6 79
6 72
6 67
6 61
6 70
6 10
6 59
6 41
6 89
6 24
6 66
6 33
6 51
6 14
6 47
6 8
6 52
6 57
6 95
6 23
6 90
6 25
7 72
7 29
7 89
7 44
7 97
7 93
7 26
7 31
7 58
7 55
7 45
7 82
7 88
7 80
7 17
7 41
7 38
7 76
7 49
7 21
7 39
7 46
7 14
7 98
7 53
7 15
8 71
8 12
8 83
8 67
8 50
8 55
8 91
8 14
8 63
8 30
8 25
8 34
8 51
8 59
8 99
8 13
8 36
8 58
8 60
8 93
8 22
8 18
8 98
8 47
8 24
8 15
8 92
8 66
8 54
8 69
8 21
8 86
8 74
9 89
9 32
9 74
9 66
9 65
9 41
9 33
9 46
9 70
9 61
9 28
9 71
9 68
9 40
9 19
9 14
9 69
9 31
9 87
9 83
9 54
9 86
9 77
9 57
9 20
9 35
9 55
9 22
9 81
10 57
10 79
10 18
10 35
10 77
10 66
10 16
10 25
10 12
10 82
10 31
10 39
10 72
10 43
10 63
10 21
10 32
10 28
10 88
10 52
10 45
10 26
10 99
10 29
10 55
10 48
10 87
10 54
10 19
10 33
10 41
10 70
10 15
10 11
10 69
10 22
10 80
11 89
11 84
11 40
11 15
11 79
11 75
11 67
11 37
11 45
11 48
11 78
11 17
11 59
11 54
11 87
11 36
11 41
11 76
11 58
11 72
11 26
11 25
11 92
11 49
11 81
11 52
12 33
12 45
12 73
12 34
12 53
12 31
12 90
12 76
12 58
12 55
12 77
12 26
12 67
12 78
12 27
12 75
12 64
12 32
12 29
12 91
12 69
12 83
12 92
13 58
13 77
13 50
13 63
13 96
13 87
13 40
13 61
13 67
13 69
13 75
13 85
13 97
13 27
13 15
13 29
13 54
13 25
13 49
13 51
13 30
13 88
13 17
14 81
14 90
14 74
14 27
14 29
14 68
14 76
14 92
14 58
14 18
14 75
14 43
14 59
14 65
14 34
14 21
14 69
14 57
14 67
14 38
14 39
14 42
14 50
14 31
14 36
14 79
14 15
14 77
15 83
15 88
15 76
15 37
15 54
15 67
15 68
15 96
15 79
15 35
15 32
15 66
15 70
15 89
15 62
15 28
15 97
15 65
15 60
15 36
15 69
15 86
15 38
15 81
16 42
16 43
16 71
16 65
16 20
16 50
16 95
16 88
16 70
16 64
16 23
16 85
16 21
16 52
16 37
16 72
16 40
16 39
16 92
16 66
16 28
16 97
16 32
16 38
16 35
16 47
17 59
17 53
17 61
17 25
17 74
17 33
17 79
17 30
17 42
17 94
17 49
17 89
17 93
17 22
17 26
17 63
17 97
17 32
17 47
17 39
17 56
17 96
17 31
17 98
17 92
17 80
17 44
17 68
17 60
17 46
17 23
17 58
18 98
18 52
18 79
18 32
18 91
18 70
18 83
18 37
18 87
18 95
18 66
18 63
18 19
18 84
18 73
18 46
18 77
18 92
18 33
18 68
18 21
18 99
18 65
18 27
18 49
18 97
18 59
18 56
19 41
19 39
19 71
19 94
19 84
19 24
19 32
19 52
19 63
19 81
19 98
19 80
19 54
19 55
19 56
19 72
19 47
19 25
19 85
19 44
19 33
19 74
19 42
19 93
19 31
19 49
19 40
19 69
19 61
20 25
20 58
20 87
20 53
20 31
20 76
20 65
20 30
20 29
20 66
20 89
20 98
20 48
20 62
20 41
20 82
20 23
20 51
20 43
20 36
20 99
20 46
20 35
20 63
20 73
21 93
21 22
21 63
21 79
21 38
21 74
21 99
21 45
21 29
21 23
21 80
21 85
21 67
21 97
21 66
21 76
21 37
21 54
21 90
21 25
21 32
21 35
21 50
21 78
21 84
21 28
21 43
21 26
21 91
21 75
21 33
21 95
21 60
21 98
22 41
22 48
22 93
22 37
22 50
22 35
22 32
22 99
22 78
22 88
22 62
22 67
22 68
22 96
22 80
22 26
22 83
22 28
22 24
22 44
22 36
22 79
22 61
22 51
22 46
22 59
22 86
22 63
22 33
22 69
23 36
23 45
23 41
23 81
23 79
23 82
23 63
23 48
23 25
23 95
23 35
23 93
23 32
23 91
23 60
23 89
23 96
23 43
23 72
23 49
23 84
23 73
23 38
23 76
23 99
23 69
23 64
23 37
23 26
23 40
23 90
24 83
24 42
24 30
24 29
24 43
24 49
24 71
24 96
24 25
24 97
24 36
24 28
24 93
24 39
24 80
24 95
24 67
24 68
24 82
24 84
24 91
25 83
25 35
25 30
25 58
25 76
25 68
25 40
25 43
25 81
25 91
25 34
25 48
25 37
25 29
25 53
25 72
25 77
25 94
25 54
25 71
25 70
25 49
25 51
26 29
26 81
26 73
26 93
26 59
26 99
26 42
26 77
26 44
26 94
26 79
26 71
26 54
26 34
26 30
26 97
26 51
26 58
26 48
26 64
26 67
26 38
27 77
27 46
27 89
27 32
27 98
27 75
27 41
27 50
27 63
27 74
27 86
27 61
27 96
27 94
27 28
27 33
27 36
27 31
27 49
27 37
27 45
28 68
28 89
28 47
28 37
28 29
28 75
28 99
28 92
28 86
28 46
28 64
28 66
28 69
28 51
28 54
28 31
28 96
28 42
28 73
29 84
29 47
29 93
29 73
29 87
29 91
29 78
29 43
29 97
29 94
29 72
29 95
29 79
29 59
30 74
30 87
30 57
30 51
30 52
30 96
30 42
30 55
30 59
30 41
30 48
30 39
30 60
30 69
31 51
31 44
31 40
31 76
31 47
31 38
31 63
31 48
31 68
31 75
31 97
31 62
31 96
31 43
31 73
31 64
31 56
31 90
31 93
31 94
31 81
31 84
31 79
31 69
32 59
32 50
32 96
32 45
32 76
32 65
32 66
32 69
32 39
32 74
32 93
32 48
32 63
32 58
32 44
32 54
32 41
32 82
32 83
32 87
32 37
32 62
32 86
32 97
33 42
33 72
33 63
33 90
33 70
33 51
33 84
33 87
33 69
33 99
33 77
33 36
33 75
33 58
33 86
33 66
33 68
33 48
33 65
33 67
33 60
34 61
34 83
34 77
34 35
34 40
34 73
34 57
34 95
34 90
34 38
34 84
34 85
34 94
34 48
34 92
35 55
35 94
35 59
35 61
35 45
35 79
35 51
35 89
35 39
35 73
35 65
35 93
35 67
35 88
35 54
35 82
35 92
35 75
35 42
35 95
35 60
35 81
35 77
35 76
35 99
36 83
36 45
36 70
36 98
36 95
36 62
36 37
36 96
36 74
36 93
36 61
37 70
37 55
37 90
37 91
37 68
37 71
37 63
37 53
37 77
37 60
37 96
37 46
37 66
37 50
37 65
37 82
37 58
37 85
37 54
37 44
37 88
37 83
37 61
38 62
38 64
38 53
38 54
38 94
38 59
38 86
38 84
38 65
38 56
38 80
38 60
38 90
39 88
39 47
39 76
39 55
39 68
39 50
39 51
39 89
39 98
39 77
39 64
39 69
39 96
39 53
39 99
39 72
39 62
39 58
39 81
40 75
40 44
40 86
40 95
40 56
40 94
40 55
40 46
40 49
40 98
40 52
40 58
40 54
40 51
40 96
40 88
40 87
40 63
40 79
41 82
41 94
41 61
41 78
41 95
41 60
41 56
41 43
41 48
41 54
41 74
41 42
41 66
41 69
41 97
41 64
41 85
41 99
41 77
41 71
41 67
41 92
42 74
42 45
42 96
42 85
42 95
42 67
42 72
42 68
42 48
42 58
42 76
42 53
42 70
42 69
42 56
42 89
42 81
42 86
42 61
42 54
43 89
43 69
43 54
43 86
43 98
43 47
43 81
43 71
43 53
43 79
43 58
43 93
43 52
43 56
43 44
43 99
44 48
44 94
44 79
44 72
44 60
44 81
44 82
44 64
44 62
44 50
44 69
44 84
44 58
44 67
44 54
44 77
44 65
44 53
44 52
44 63
45 59
45 94
45 62
45 55
45 97
45 53
45 80
45 90
45 48
45 77
45 99
45 75
45 78
45 92
45 76
46 53
46 50
46 52
46 87
46 86
46 67
46 88
46 82
46 65
46 58
47 78
47 49
47 87
47 65
47 95
47 97
47 89
47 74
47 73
47 67
47 72
47 56
47 80
47 70
47 90
47 88
47 77
47 57
47 68
47 61
47 54
47 93
48 56
48 73
48 93
48 76
48 67
48 52
48 90
48 66
48 88
48 77
48 54
48 96
48 80
48 79
48 68
49 54
49 86
49 63
49 98
49 67
49 82
49 81
49 59
49 88
49 75
49 69
49 80
49 87
49 91
49 93
50 95
50 59
50 96
50 76
50 79
50 69
50 56
50 84
50 51
50 68
50 73
50 63
50 61
50 86
50 66
50 93
51 52
51 63
51 57
51 71
51 59
51 93
51 53
51 85
51 56
51 98
51 83
51 92
51 69
51 82
51 91
51 77
52 93
52 78
52 81
52 60
52 64
52 62
52 84
52 58
52 87
52 97
52 99
52 71
52 95
52 55
52 53
53 88
53 73
53 96
53 56
53 59
53 58
53 66
53 89
53 65
53 87
53 92
53 93
53 70
53 69
53 67
54 58
54 68
54 95
54 85
54 56
54 61
54 73
54 93
54 78
54 90
54 55
54 81
54 89
54 98
54 67
54 76
55 87
55 73
55 68
55 84
55 69
55 86
55 96
55 63
55 98
55 64
55 91
55 81
55 93
55 83
55 74
56 78
56 95
56 59
56 93
56 97
56 91
56 71
56 86
56 90
56 94
56 70
56 73
57 63
57 82
57 74
57 90
57 93
57 81
57 65
57 64
57 95
58 59
58 98
58 65
58 61
58 60
58 64
58 70
58 73
58 67
58 75
59 91
59 63
59 92
59 84
59 83
59 94
59 87
59 97
59 74
59 71
59 61
59 70
59 96
59 99
60 64
60 71
60 91
60 90
60 94
60 96
60 89
60 74
60 87
60 76
60 84
60 80
60 92
60 66
60 86
60 65
60 85
60 79
60 99
61 97
61 92
61 62
61 82
61 96
61 65
61 91
61 68
61 95
61 90
61 83
61 81
61 98
61 66
62 83
62 63
62 85
62 84
62 81
62 70
62 94
62 71
62 93
62 95
62 79
62 75
62 77
62 74
63 95
63 97
63 93
63 75
63 72
63 64
63 69
63 88
63 83
63 74
63 77
63 80
63 84
63 91
63 90
63 92
63 89
63 78
64 84
64 94
64 90
64 74
64 73
64 72
64 71
64 88
64 67
64 76
64 81
64 87
64 80
65 82
65 66
65 77
65 92
65 99
65 89
65 81
65 73
65 86
65 85
65 94
65 72
66 74
66 96
66 99
66 77
66 72
66 78
66 81
66 68
66 85
66 93
66 76
66 70
67 83
67 87
67 77
67 71
67 82
67 79
67 84
68 98
68 70
68 83
68 72
68 69
68 81
68 94
68 76
68 87
69 76
69 74
69 98
69 91
69 80
69 83
69 85
69 70
69 84
70 91
70 96
70 94
70 85
70 90
70 82
70 97
70 72
70 89
70 73
70 92
70 93
70 78
71 97
71 84
71 98
71 85
71 92
71 81
71 80
71 76
71 79
72 99
72 77
72 93
72 79
72 84
72 91
72 83
72 82
72 98
72 87
73 75
73 81
73 94
73 78
73 80
73 90
74 91
74 86
74 87
74 76
74 88
74 90
74 89
75 86
75 76
75 82
75 97
75 81
75 77
75 83
75 78
75 88
75 91
76 85
76 90
76 94
76 83
76 91
76 88
76 86
76 89
77 84
77 80
77 85
77 93
78 91
78 84
78 99
78 87
78 86
78 83
78 82
78 92
79 93
79 94
79 95
79 83
79 97
79 90
79 99
79 89
80 83
80 87
80 92
80 98
80 86
80 97
80 94
81 85
81 98
81 99
82 94
82 85
82 84
82 99
83 95
83 97
83 90
83 88
83 94
84 95
84 87
84 91
84 93
84 88
85 94
85 96
85 86
85 90
85 88
85 98
85 91
85 99
85 92
85 89
86 97
86 91
86 96
86 95
86 87
87 97
87 96
87 98
87 92
88 94
88 98
88 95
89 95
90 97
90 92
91 94
91 93
92 97
92 98
92 94
92 99
92 93
93 95
93 94
94 99
94 98
95 99
95 98
95 96
