VERTICES = 100
EDGES = 1700
0 55
0 70
0 78
0 28
0 84
0 94
0 13
0 30
0 38
0 75
0 2
0 37
0 27
0 18
0 16
0 35
0 32
0 90
0 8
0 15
0 19
0 29
0 65
0 42
0 80
0 77
0 83
0 26
0 25
0 50
0 33
0 76
0 40
0 96
0 54
0 72
1 30
1 93
1 71
1 13
1 19
1 28
1 2
1 65
1 75
1 84
1 8
1 27
1 70
1 91
1 24
1 47
1 39
1 54
1 95
1 7
1 26
1 48
1 73
1 66
1 49
1 29
1 12
1 96
1 92
1 69
2 90
2 15
2 62
2 12
2 70
2 25
2 50
2 93
2 86
2 65
2 66
2 80
2 54
2 27
2 38
2 42
2 99
2 53
2 13
2 96
2 48
2 63
2 29
2 6
2 72
2 88
2 61
2 91
2 30
2 16
2 60
2 51
3 40
3 19
3 7
3 51
3 74
3 33
3 55
3 21
3 71
3 9
3 35
3 58
3 47
3 79
3 83
3 69
3 63
3 29
3 50
3 70
3 27
3 93
3 62
3 82
3 43
3 92
3 18
3 16
3 46
4 18
4 27
4 52
4 15
4 60
4 89
4 84
4 29
4 50
4 43
4 37
4 34
4 39
4 98
4 10
4 79
4 44
4 41
4 83
4 16
4 74
4 40
4 38
4 25
4 30
4 80
4 90
4 12
4 73
4 6
4 45
4 14
4 5
4 46
4 61
4 81
4 32
4 23
4 11
5 66
5 30
5 84
5 37
5 21
5 71
5 74
5 83
5 79
5 28
5 22
5 99
5 41
5 7
5 47
5 44
5 15
5 16
5 73
5 70
5 93
5 77
5 76
5 51
5 72
5 96
5 82
5 86
5 32
5 38
5 39
5 18
5 10
5 48
5 43
6 84
6 66
6 24
6 96
6 10
6 39
6 49
6 41
6 53
6 46
6 70
6 31
6 60
6 95
6 48
6 57
6 50
6 65
6 21
6 15
6 36
6 87
6 73
6 63
6 38
6 94
6 61
6 16
6 33
7 33
7 92
7 21
7 8
7 95
7 20
7 58
7 77
7 47
7 88
7 64
7 97
7 82
7 17
7 74
7 90
7 10
7 68
7 99
7 46
7 50
7 9
7 35
7 53
7 42
7 63
7 84
7 76
7 19
7 56
7 32
7 83
7 93
7 12
7 14
7 24
7 52
7 39
8 51
8 59
8 89
8 21
8 35
8 16
8 11
8 98
8 61
8 58
8 30
8 69
8 96
8 66
8 18
8 88
8 27
8 55
8 74
8 39
8 28
8 91
8 95
8 22
8 97
8 54
8 53
8 17
8 71
8 38
9 65
9 74
9 31
9 33
9 66
9 13
9 60
9 80
9 86
9 29
9 67
9 81
9 54
9 57
9 41
9 47
9 27
9 42
9 97
9 59
9 55
9 84
9 68
9 93
9 85
9 25
9 75
9 87
9 40
10 79
10 73
10 91
10 33
10 63
10 41
10 34
10 15
10 87
10 45
10 44
10 90
10 88
10 56
10 59
10 80
10 66
10 58
10 51
10 16
10 85
10 97
10 26
10 36
11 52
11 88
11 15
11 98
11 84
11 57
11 50
11 71
11 41
11 29
11 16
11 46
11 61
11 60
11 62
11 34
11 68
11 70
11 17
11 49
11 23
11 69
11 74
11 93
11 47
11 59
11 38
11 18
11 63
11 37
12 56
12 47
12 75
12 69
12 77
12 16
12 88
12 19
12 26
12 54
12 33
12 90
12 80
12 35
12 74
12 89
12 64
12 44
12 18
12 83
12 60
12 82
12 81
12 23
12 22
12 30
12 46
12 98
12 66
12 27
12 42
12 24
12 37
12 40
12 67
12 25
13 67
13 82
13 85
13 72
13 41
13 23
13 52
13 64
13 95
13 18
13 47
13 26
13 48
13 22
13 69
13 51
13 46
13 59
13 24
13 21
13 39
13 17
13 70
13 75
13 77
13 36
13 93
13 90
13 58
13 65
13 27
13 96
13 60
14 56
14 94
14 96
14 86
14 67
14 88
14 17
14 20
14 82
14 40
14 81
14 26
14 34
14 53
14 80
14 79
14 49
14 99
14 78
14 72
14 35
14 29
14 43
14 59
14 85
14 76
14 16
14 33
14 44
14 46
14 71
15 49
15 83
15 44
15 30
15 25
15 82
15 78
15 17
15 38
15 99
15 34
15 70
15 84
15 57
15 97
15 93
15 39
15 29
15 65
15 42
15 51
15 54
15 74
15 45
15 94
15 24
15 59
15 50
15 32
15 52
16 97
16 44
16 47
16 67
16 83
16 89
16 58
16 77
16 84
16 64
16 45
16 81
16 30
16 27
16 91
16 31
16 33
16 18
16 76
16 96
16 65
16 46
16 39
16 62
16 53
16 36
16 93
17 85
17 87
17 63
17 59
17 76
17 30
17 40
17 23
17 32
17 65
17 92
17 77
17 90
17 33
17 37
17 54
17 52
17 99
17 57
17 89
17 93
17 72
17 34
17 61
17 56
18 42
18 55
18 57
18 72
18 43
18 24
18 33
18 65
18 51
18 58
18 88
18 92
18 36
18 74
18 46
18 31
18 52
18 70
18 54
18 78
18 40
18 83
18 37
18 34
18 20
19 72
19 81
19 21
19 39
19 57
19 59
19 63
19 35
19 37
19 82
19 98
19 84
19 71
19 58
19 65
19 90
19 91
19 43
19 67
19 92
19 75
19 83
19 94
19 34
19 89
19 51
19 47
19 70
19 68
19 46
19 29
19 99
20 63
20 35
20 34
20 26
20 93
20 91
20 49
20 79
20 89
20 27
20 65
20 39
20 80
20 77
20 67
20 59
20 57
20 81
20 87
20 47
20 43
20 32
20 48
20 73
20 86
20 60
20 72
20 54
20 71
21 38
21 95
21 66
21 67
21 50
21 29
21 91
21 25
21 98
21 88
21 45
21 76
21 36
21 62
21 44
21 39
21 97
21 59
21 94
21 71
21 79
21 90
21 83
21 33
21 60
21 80
21 37
21 93
21 26
21 53
21 58
22 85
22 69
22 24
22 52
22 29
22 92
22 27
22 63
22 82
22 61
22 59
22 72
22 89
22 57
22 90
22 40
22 99
22 86
22 83
22 65
22 39
22 48
22 73
22 47
22 38
23 28
23 83
23 48
23 87
23 77
23 79
23 44
23 40
23 58
23 91
23 29
23 68
23 96
23 73
23 70
23 75
23 31
23 65
23 81
23 56
23 53
23 67
24 42
24 52
24 31
24 37
24 36
24 94
24 73
24 30
24 44
24 35
24 72
24 86
24 83
24 26
24 45
24 47
24 64
24 88
24 90
24 56
24 50
24 40
24 99
24 77
24 75
24 28
24 41
24 38
24 27
24 62
25 37
25 95
25 27
25 59
25 96
25 75
25 51
25 90
25 62
25 61
25 36
25 38
25 49
25 97
25 57
25 72
25 44
25 41
25 48
25 83
25 76
25 34
26 52
26 82
26 74
26 43
26 62
26 30
26 54
26 90
26 49
26 75
26 50
26 59
26 44
26 34
26 55
26 88
26 85
26 84
26 97
27 69
27 33
27 58
27 94
27 48
27 50
27 42
27 92
27 72
27 89
27 47
27 59
27 88
27 39
27 97
27 99
27 85
27 41
27 49
27 93
27 35
27 62
27 87
27 80
27 52
27 86
28 53
28 92
28 97
28 68
28 70
28 51
28 49
28 56
28 93
28 94
28 54
28 91
28 99
28 61
28 59
28 31
28 52
28 75
28 58
28 82
28 89
28 41
28 81
28 72
28 84
28 32
28 42
28 37
29 33
29 98
29 74
29 67
29 52
29 47
29 56
29 31
29 70
29 65
29 60
29 37
29 41
29 38
29 80
29 97
29 59
29 43
29 53
29 96
29 92
29 76
29 54
30 83
30 85
30 55
30 39
30 80
30 82
30 59
30 99
30 67
30 92
30 32
30 70
30 35
30 40
30 75
30 61
30 50
30 64
30 73
30 66
30 63
31 98
31 67
31 83
31 70
31 91
31 86
31 89
31 80
31 58
31 40
31 55
31 36
31 79
31 46
31 64
31 57
31 90
31 92
31 41
31 51
31 84
31 71
31 95
32 38
32 69
32 50
32 77
32 45
32 59
32 47
32 79
32 43
32 85
32 75
32 92
32 33
32 76
32 67
32 39
32 46
32 35
32 40
33 85
33 51
33 37
33 53
33 56
33 79
33 92
33 34
33 59
33 61
33 76
33 73
33 87
33 50
33 63
33 70
33 71
33 42
33 38
33 40
34 95
34 69
34 58
34 54
34 41
34 90
34 62
34 94
34 97
34 99
34 82
34 85
34 71
34 93
34 92
34 68
34 91
34 42
34 64
34 77
34 59
35 47
35 50
35 99
35 57
35 37
35 86
35 58
35 55
35 70
35 95
35 66
35 42
35 74
35 89
35 46
35 80
35 90
35 52
35 65
35 54
35 44
35 49
35 81
35 98
35 40
35 93
35 82
35 67
36 59
36 83
36 62
36 61
36 84
36 55
36 44
36 86
36 42
36 43
36 73
36 65
36 95
36 87
36 81
36 99
36 93
36 94
36 39
36 78
36 72
36 57
37 69
37 75
37 47
37 43
37 45
37 77
37 96
37 66
37 70
37 39
37 82
37 91
37 38
37 44
37 63
37 99
37 98
37 93
37 80
38 85
38 58
38 61
38 69
38 83
38 64
38 90
38 48
38 76
38 45
38 98
38 81
38 93
38 56
38 55
38 77
38 42
38 50
38 80
39 51
39 63
39 92
39 43
39 70
39 57
39 67
39 54
39 65
39 53
39 64
39 86
39 89
39 82
39 91
39 58
39 74
39 59
39 81
39 40
40 57
40 74
40 81
40 63
40 71
40 51
40 77
40 78
40 79
40 42
40 67
40 85
40 43
40 48
40 94
40 84
40 47
40 66
41 54
41 98
41 86
41 75
41 79
41 62
41 87
41 61
41 44
41 66
41 94
41 56
41 57
41 97
41 71
41 83
42 95
42 68
42 62
42 50
42 89
42 73
42 51
42 70
42 61
42 74
42 44
42 79
42 84
42 78
42 66
42 99
42 87
42 88
42 59
42 82
43 69
43 76
43 62
43 71
43 66
43 88
43 96
43 72
43 98
43 49
43 86
43 55
43 70
43 95
43 58
43 45
43 50
43 68
43 54
43 60
43 65
43 84
43 78
43 59
43 79
43 57
44 47
44 64
44 90
44 87
44 58
44 73
44 88
44 75
44 98
44 70
44 97
44 52
44 59
44 74
44 78
44 45
44 53
44 86
44 76
44 71
44 51
44 85
45 69
45 74
45 50
45 96
45 63
45 82
45 76
45 51
45 81
45 55
45 71
45 48
45 52
46 72
46 87
46 57
46 76
46 92
46 52
46 79
46 99
46 69
46 68
46 71
46 85
46 58
46 98
46 47
46 74
46 62
46 84
46 95
46 51
47 59
47 86
47 70
47 83
47 97
47 61
47 54
47 91
47 72
47 65
47 92
47 89
47 94
47 63
47 81
48 60
48 51
48 87
48 92
48 75
48 80
48 67
48 83
48 73
48 58
48 69
48 53
48 66
48 61
48 93
48 86
48 85
49 59
49 93
49 50
49 77
49 89
49 64
49 86
49 51
49 82
49 62
49 83
49 76
49 55
49 52
49 81
49 99
49 68
49 65
49 70
49 95
49 98
50 84
50 92
50 63
50 90
50 67
50 64
50 82
50 97
50 68
50 80
50 76
50 95
50 52
50 73
50 57
50 69
50 70
50 65
50 66
50 86
51 63
51 64
51 93
51 82
51 85
51 84
51 69
51 76
51 78
51 91
51 54
51 73
51 67
51 80
51 99
51 96
51 83
52 66
52 94
52 60
52 58
52 96
52 81
52 78
52 98
52 64
52 79
52 77
52 68
52 71
52 83
52 76
53 75
53 82
53 54
53 61
53 76
53 93
53 62
53 65
53 91
53 89
53 69
53 77
53 74
53 83
54 87
54 80
54 70
54 95
54 79
54 81
54 67
54 59
54 75
54 99
54 77
54 84
54 85
54 69
54 98
54 74
54 64
54 86
54 72
54 60
54 76
55 99
55 70
55 68
55 95
55 63
55 64
55 71
55 90
55 89
55 98
55 59
55 65
55 66
56 84
56 86
56 71
56 69
56 81
56 91
56 83
56 96
56 61
56 77
56 74
56 95
56 62
56 88
56 59
57 84
57 83
57 94
57 58
57 67
57 95
57 92
57 65
57 61
57 76
57 96
57 88
57 62
58 71
58 67
58 84
58 90
58 65
58 89
58 93
58 75
58 61
58 88
58 70
59 95
59 79
59 99
59 91
59 86
59 87
59 93
59 88
59 76
60 62
60 84
60 94
60 66
60 89
60 85
60 72
60 98
60 73
60 88
60 92
60 78
60 91
60 71
61 65
61 96
61 83
61 93
61 69
61 62
61 97
61 66
61 72
61 63
61 91
61 86
61 68
61 98
61 95
62 74
62 78
62 68
62 83
62 80
62 91
62 99
62 75
62 85
62 89
62 73
62 84
62 67
62 86
62 94
62 71
62 93
63 87
63 90
63 92
63 78
63 74
63 89
63 64
63 85
63 83
63 98
63 79
63 86
64 82
64 69
64 71
64 95
64 73
64 87
64 88
64 75
64 78
64 99
65 92
65 70
65 68
65 87
65 66
65 75
65 84
65 79
65 73
65 74
65 97
65 77
65 71
66 93
66 75
66 95
66 81
66 84
66 77
66 88
66 82
66 71
66 94
66 76
66 80
66 78
67 82
67 87
67 69
67 99
67 91
67 92
67 76
67 78
67 84
67 81
67 85
67 97
67 68
67 70
68 76
68 74
68 95
68 80
68 70
68 98
68 92
68 75
68 89
68 85
68 73
69 85
69 77
69 86
69 72
69 73
69 75
69 80
69 76
69 74
69 91
70 92
70 79
70 85
70 74
70 99
70 94
70 80
71 72
71 76
71 79
71 82
71 99
71 80
71 87
72 87
72 97
72 95
72 78
72 74
72 88
72 77
72 93
72 94
72 81
72 83
72 90
73 95
73 80
73 96
73 94
73 75
73 90
73 84
73 74
73 86
73 91
74 92
74 79
74 93
74 83
74 94
74 77
74 88
74 91
74 81
74 82
74 86
75 86
75 85
75 92
75 83
75 79
75 76
75 95
75 77
75 81
75 84
76 88
76 78
76 82
76 86
76 93
76 95
76 91
77 89
77 85
77 82
77 83
78 79
78 92
78 89
78 87
78 84
78 98
78 81
79 80
79 88
79 90
79 92
79 84
79 83
79 87
79 95
80 93
80 85
80 98
80 99
80 86
80 83
80 89
81 95
81 88
81 99
81 96
81 98
81 92
82 87
82 95
82 94
82 90
83 96
83 86
83 94
83 91
83 87
83 99
84 93
84 90
84 94
85 91
85 86
85 89
85 97
85 95
85 98
85 96
86 87
86 92
86 99
87 91
87 88
87 89
88 94
88 97
88 89
88 95
88 92
88 90
89 92
89 94
89 93
89 98
89 97
90 97
90 96
90 94
90 95
90 99
90 92
90 91
91 99
92 96
92 97
95 96
95 97
95 98
97 99
98 99
