VERTICES = 100
EDGES = 1800
0 93
0 84
0 18
0 46
0 66
0 59
0 14
0 63
0 5
0 82
0 80
0 10
0 65
0 50
0 15
0 35
0 54
0 43
0 30
0 94
0 22
0 60
0 89
0 25
0 90
0 87
0 67
0 27
0 41
0 95
0 47
0 77
0 1
0 9
0 72
1 27
1 22
1 74
1 14
1 36
1 53
1 54
1 58
1 6
1 72
1 30
1 64
1 88
1 3
1 93
1 20
1 77
1 45
1 66
1 26
1 59
1 91
1 29
1 76
1 67
1 37
1 83
1 70
1 81
1 89
1 35
1 43
1 94
1 21
1 5
1 84
1 46
1 51
1 92
1 19
1 95
2 38
2 31
2 86
2 91
2 42
2 20
2 90
2 71
2 51
2 50
2 57
2 3
2 76
2 87
2 23
2 46
2 56
2 9
2 39
2 80
2 29
2 53
2 61
2 36
2 65
2 75
2 59
2 19
2 15
2 33
2 84
2 98
2 70
2 78
2 35
2 8
3 89
3 54
3 41
3 49
3 52
3 94
3 82
3 30
3 96
3 47
3 14
3 36
3 48
3 99
3 11
3 29
3 19
3 13
3 25
3 70
3 93
3 78
3 27
3 80
3 10
3 24
3 37
3 85
3 8
3 60
3 91
3 69
3 88
3 9
3 56
3 4
3 7
4 89
4 48
4 22
4 51
4 90
4 88
4 27
4 12
4 14
4 78
4 19
4 10
4 53
4 54
4 13
4 80
4 20
4 30
4 95
4 47
4 96
4 62
4 99
4 94
4 93
4 15
4 98
4 56
4 66
4 82
4 50
5 6
5 53
5 68
5 30
5 56
5 82
5 36
5 47
5 16
5 59
5 80
5 8
5 98
5 65
5 35
5 85
5 74
5 79
5 62
5 19
5 57
5 31
5 46
5 39
5 13
5 22
5 93
5 40
5 86
5 97
5 49
5 26
5 41
5 88
5 43
5 7
5 18
6 65
6 99
6 16
6 96
6 94
6 27
6 49
6 22
6 47
6 32
6 26
6 30
6 56
6 20
6 52
6 84
6 85
6 42
6 36
6 72
6 97
6 58
6 37
6 91
6 12
6 21
6 55
6 81
6 89
6 64
6 39
6 31
6 40
6 23
6 66
6 62
7 85
7 46
7 74
7 77
7 81
7 86
7 57
7 95
7 18
7 14
7 62
7 82
7 91
7 89
7 71
7 97
7 29
7 43
7 51
7 25
7 72
7 83
7 70
7 54
7 28
7 12
7 21
7 80
7 38
7 76
7 53
7 66
8 73
8 61
8 53
8 28
8 32
8 66
8 81
8 57
8 44
8 40
8 80
8 36
8 89
8 50
8 93
8 13
8 16
8 9
8 92
8 82
8 37
8 56
8 31
8 34
8 95
8 30
8 59
8 75
8 33
8 68
8 11
8 74
8 14
8 42
9 88
9 15
9 63
9 23
9 34
9 17
9 59
9 26
9 57
9 74
9 16
9 94
9 89
9 90
9 24
9 44
9 25
9 79
9 30
9 60
9 54
9 50
9 40
9 83
9 92
9 91
9 14
9 48
9 84
9 55
9 78
9 43
10 85
10 93
10 57
10 86
10 87
10 25
10 48
10 38
10 54
10 59
10 71
10 80
10 13
10 76
10 35
10 97
10 84
10 98
10 64
10 43
10 22
10 73
10 88
10 14
10 79
10 58
10 33
10 18
10 53
10 28
10 29
10 90
10 32
10 23
10 96
10 95
11 87
11 15
11 12
11 66
11 56
11 26
11 23
11 84
11 62
11 86
11 43
11 68
11 95
11 33
11 97
11 49
11 42
11 98
11 50
11 19
11 22
11 73
11 17
11 54
11 79
11 94
11 91
11 35
11 76
11 71
11 90
11 24
11 72
11 83
11 30
11 18
11 39
11 38
11 25
11 27
11 53
12 76
12 50
12 90
12 19
12 31
12 62
12 52
12 54
12 21
12 57
12 30
12 77
12 61
12 37
12 26
12 43
12 55
12 65
12 33
12 94
12 17
12 70
12 29
12 58
12 73
12 99
12 44
12 18
12 97
12 85
12 93
13 78
13 99
13 59
13 93
13 61
13 84
13 15
13 66
13 77
13 82
13 39
13 92
13 89
13 96
13 94
13 34
13 32
13 60
13 41
14 77
14 74
14 45
14 63
14 97
14 99
14 71
14 43
14 54
14 34
14 25
14 55
14 41
14 78
14 46
14 69
14 44
14 30
14 66
14 85
14 70
14 72
14 90
14 37
14 88
14 56
14 23
14 76
14 60
14 52
14 21
14 29
14 26
15 87
15 86
15 28
15 56
15 82
15 67
15 98
15 16
15 78
15 39
15 64
15 84
15 95
15 52
15 66
15 53
15 61
15 34
15 21
15 63
15 49
15 35
15 58
15 60
15 92
15 24
15 99
16 40
16 43
16 54
16 30
16 58
16 96
16 97
16 65
16 25
16 72
16 46
16 49
16 45
16 99
16 59
16 81
16 22
16 85
16 57
16 60
16 74
16 69
16 82
16 87
16 68
16 31
16 37
16 51
16 88
17 52
17 32
17 49
17 92
17 84
17 99
17 23
17 93
17 80
17 30
17 42
17 39
17 62
17 59
17 78
17 81
17 67
17 70
17 18
17 68
17 66
17 55
17 90
17 60
17 46
17 24
17 53
17 43
18 32
18 82
18 50
18 62
18 20
18 87
18 44
18 55
18 68
18 48
18 40
18 49
18 76
18 72
18 75
18 56
18 45
18 80
18 65
18 29
18 58
19 92
19 35
19 21
19 86
19 95
19 39
19 66
19 34
19 38
19 97
19 87
19 81
19 82
19 55
19 99
19 41
19 37
19 62
19 54
19 77
19 53
19 29
19 33
19 65
19 44
19 43
19 60
20 79
20 85
20 40
20 57
20 37
20 55
20 23
20 52
20 28
20 61
20 77
20 35
20 76
20 75
20 39
20 91
20 43
20 88
20 41
20 25
20 90
20 56
20 70
20 27
20 53
20 49
20 74
20 64
20 54
20 67
20 26
20 50
20 78
21 50
21 26
21 34
21 75
21 65
21 40
21 81
21 45
21 41
21 79
21 55
21 98
21 35
21 23
21 53
21 27
21 94
21 93
21 91
21 58
21 78
21 47
21 30
21 97
22 78
22 30
22 23
22 82
22 97
22 99
22 67
22 47
22 53
22 75
22 27
22 64
22 31
22 66
22 48
22 77
22 41
22 62
22 84
22 52
22 32
22 88
22 56
22 76
22 25
22 37
22 90
23 78
23 99
23 30
23 87
23 83
23 82
23 93
23 50
23 94
23 67
23 63
23 73
23 98
23 85
23 45
23 52
23 59
23 92
23 65
23 84
23 47
23 40
23 80
23 66
23 86
23 49
23 90
23 74
23 32
23 29
24 89
24 97
24 93
24 54
24 87
24 60
24 96
24 30
24 67
24 55
24 48
24 95
24 72
24 98
24 47
24 66
24 46
24 28
24 81
25 79
25 29
25 86
25 44
25 27
25 39
25 99
25 76
25 94
25 90
25 40
25 49
25 42
25 96
25 78
25 34
25 75
25 84
25 50
25 66
25 80
26 54
26 49
26 50
26 92
26 97
26 66
26 96
26 37
26 38
26 34
26 80
26 43
26 45
26 93
26 72
26 41
26 33
26 87
26 48
26 36
26 79
26 39
26 32
26 28
26 67
26 30
26 55
26 71
27 47
27 60
27 56
27 99
27 51
27 46
27 32
27 54
27 57
27 92
27 88
27 64
27 72
27 66
27 89
27 96
27 77
27 55
27 52
27 61
27 43
27 74
27 97
27 65
27 50
27 67
27 41
27 36
27 49
27 82
27 38
27 39
28 73
28 99
28 57
28 94
28 55
28 85
28 49
28 90
28 61
28 98
28 35
28 74
28 66
28 75
28 43
28 70
28 83
28 29
28 97
28 59
28 84
28 77
28 91
28 95
28 79
28 38
28 58
28 69
28 30
28 41
28 62
28 44
29 70
29 58
29 80
29 85
29 44
29 31
29 88
29 68
29 53
29 60
29 49
29 52
29 75
29 30
29 93
29 41
29 91
29 37
29 42
29 66
29 84
29 79
29 57
29 90
29 76
29 61
29 36
29 69
30 51
30 57
30 41
30 76
30 88
30 99
30 68
30 86
30 98
30 52
30 53
30 75
30 48
30 62
30 50
30 81
30 46
30 60
30 56
30 42
30 31
30 91
30 37
30 73
30 77
30 61
30 93
31 47
31 61
31 40
31 77
31 75
31 56
31 92
31 67
31 83
31 38
31 53
31 88
31 72
31 45
31 62
31 44
31 94
31 33
31 84
31 96
31 42
31 82
31 52
31 86
31 78
31 64
31 71
31 65
31 97
32 71
32 70
32 93
32 67
32 65
32 87
32 56
32 55
32 46
32 97
32 33
32 42
32 80
32 50
32 84
32 72
32 54
32 41
32 53
32 82
32 76
33 97
33 56
33 86
33 39
33 61
33 83
33 62
33 36
33 49
33 40
33 45
33 42
33 77
33 84
33 72
33 90
33 43
33 70
33 99
33 37
33 71
33 50
33 92
33 95
34 97
34 59
34 76
34 89
34 39
34 95
34 92
34 47
34 54
34 81
34 38
34 79
34 94
34 72
34 82
34 44
34 63
34 71
34 96
34 43
34 70
34 60
34 69
34 86
34 68
34 52
34 41
34 88
35 42
35 45
35 36
35 39
35 72
35 65
35 40
35 92
35 85
35 83
35 91
35 80
35 76
35 46
35 59
35 58
35 73
35 38
35 75
35 37
35 43
36 98
36 41
36 45
36 81
36 51
36 88
36 49
36 69
36 85
36 40
36 96
36 48
36 87
36 74
36 76
36 79
36 55
36 75
36 91
36 50
36 58
36 57
36 56
37 83
37 74
37 84
37 68
37 42
37 46
37 85
37 49
37 99
37 58
37 38
37 57
37 51
37 77
37 82
37 62
37 73
37 65
37 47
37 86
37 41
37 72
37 91
37 97
37 93
38 79
38 41
38 87
38 88
38 47
38 85
38 60
38 96
38 72
38 80
38 97
38 83
38 51
38 77
38 74
38 63
38 59
38 50
38 81
39 54
39 56
39 50
39 45
39 94
39 42
39 41
39 44
39 84
39 48
39 93
39 72
39 58
39 66
39 43
39 81
39 97
39 78
40 99
40 58
40 60
40 79
40 49
40 45
40 55
40 66
40 88
40 54
40 41
40 68
40 42
40 59
40 63
40 43
40 61
41 54
41 79
41 94
41 84
41 67
41 60
41 59
41 97
41 42
41 47
41 68
41 45
41 98
41 64
41 46
41 69
41 90
41 81
41 58
41 48
42 86
42 55
42 97
42 57
42 71
42 43
42 91
42 59
42 84
42 99
42 61
42 78
42 51
42 82
42 76
42 64
42 75
42 96
42 72
43 50
43 53
43 90
43 96
43 86
43 80
43 84
43 70
43 81
43 73
43 75
43 76
43 56
43 83
43 51
43 58
43 59
43 82
43 77
43 68
43 74
44 94
44 76
44 73
44 60
44 64
44 88
44 59
44 98
44 70
44 93
44 61
44 77
44 92
44 91
44 55
44 90
44 99
44 53
44 47
44 87
44 62
44 68
44 84
44 63
44 82
45 61
45 99
45 93
45 74
45 94
45 64
45 89
45 91
45 60
45 54
45 55
45 66
45 67
45 50
46 66
46 68
46 63
46 94
46 54
46 56
46 53
46 52
46 64
46 90
46 75
46 73
46 92
46 71
46 79
46 76
46 91
46 86
46 82
46 48
46 69
46 65
46 81
46 70
46 99
47 94
47 51
47 99
47 96
47 76
47 48
47 60
47 49
47 61
47 85
47 71
47 70
47 73
47 88
47 74
47 95
47 64
47 86
47 72
47 97
47 66
47 63
48 74
48 49
48 57
48 95
48 62
48 58
48 66
48 51
48 85
48 99
48 65
48 80
48 77
48 76
48 70
48 56
48 61
49 66
49 65
49 52
49 72
49 61
49 83
49 78
49 60
49 86
49 90
49 92
49 64
49 88
49 54
49 94
49 62
49 81
49 79
49 93
50 83
50 95
50 99
50 76
50 97
50 58
50 78
50 93
50 89
50 94
50 86
50 90
50 84
50 62
50 79
50 82
50 64
50 53
50 51
50 72
50 74
51 89
51 56
51 60
51 98
51 68
51 58
51 71
51 86
51 90
51 92
51 94
51 99
51 62
51 82
51 52
51 69
51 91
51 75
51 64
51 63
51 61
51 65
52 92
52 53
52 76
52 84
52 54
52 78
52 98
52 83
52 68
52 79
52 90
52 91
52 57
52 69
52 67
52 97
52 72
53 94
53 86
53 59
53 73
53 71
53 88
53 57
53 54
53 79
53 91
53 85
53 70
53 78
53 89
54 73
54 69
54 82
54 98
54 74
54 64
54 60
54 59
54 67
54 75
54 96
54 79
54 78
54 86
54 68
54 89
54 83
54 77
54 95
55 63
55 60
55 74
55 58
55 91
55 90
55 80
55 70
55 68
55 76
55 67
55 72
55 81
55 84
55 71
56 63
56 66
56 97
56 85
56 91
56 73
56 87
56 69
56 82
56 92
56 77
56 58
56 61
56 95
56 65
56 83
56 89
57 61
57 95
57 74
57 72
57 73
57 81
57 96
57 79
57 69
57 85
57 97
57 76
57 92
57 84
57 90
58 97
58 63
58 68
58 76
58 85
58 93
58 62
58 80
58 70
58 73
58 96
58 64
58 88
58 99
58 69
58 90
59 63
59 99
59 66
59 78
59 91
59 71
59 89
59 75
59 62
59 60
59 82
59 85
59 68
59 79
59 65
59 90
59 80
59 61
60 61
60 82
60 92
60 66
60 62
60 67
60 89
60 99
60 69
60 95
61 98
61 63
61 83
61 90
61 97
61 73
61 66
61 64
61 69
61 78
62 96
62 75
62 68
62 83
62 86
62 93
62 80
62 77
62 71
62 91
62 88
62 97
62 72
62 78
63 76
63 85
63 82
63 86
63 80
63 64
63 87
63 91
63 88
63 70
64 90
64 82
64 88
64 92
64 67
64 83
64 96
64 95
64 85
64 80
65 93
65 66
65 90
65 77
65 89
65 79
65 95
65 91
65 88
65 98
65 74
65 83
65 75
66 83
66 76
66 68
66 86
66 93
66 80
66 82
66 67
66 90
66 71
66 95
66 99
66 92
66 84
66 79
67 89
67 85
67 98
67 77
67 69
67 92
67 91
67 78
67 97
67 87
67 72
67 99
67 84
67 76
67 93
68 73
68 91
68 76
68 72
68 99
68 80
68 96
68 86
68 90
68 74
69 75
69 79
69 82
69 80
69 81
69 99
69 89
69 78
69 94
69 96
69 70
69 88
69 87
70 80
70 71
70 98
70 77
70 76
70 74
70 89
71 92
71 97
71 78
71 74
71 85
71 98
72 80
72 79
72 91
72 93
72 98
72 85
72 96
72 78
72 76
72 94
73 79
73 88
73 98
73 90
73 95
73 99
73 83
73 82
73 94
73 77
74 91
74 97
74 86
74 84
74 76
74 98
74 90
74 85
74 87
74 92
74 93
74 96
75 76
75 81
75 80
75 79
75 86
75 93
75 82
75 99
75 78
75 95
75 96
75 92
75 87
76 89
76 92
76 77
76 82
76 91
76 86
76 95
76 81
77 98
77 88
77 89
77 91
77 99
77 82
78 89
78 85
78 94
78 95
78 80
78 93
79 86
79 95
79 98
79 94
79 96
79 89
79 85
80 83
80 99
80 86
80 95
80 84
80 90
80 96
81 84
81 97
81 82
81 85
81 83
81 86
81 95
81 90
81 91
81 89
81 88
82 91
82 90
82 89
82 87
82 99
82 86
82 83
83 97
83 92
83 96
83 86
84 98
84 88
84 90
84 95
84 99
84 92
85 86
85 92
85 97
85 89
85 94
86 96
86 89
86 93
86 87
86 92
87 93
87 91
87 99
87 88
87 89
88 98
88 97
88 93
88 89
88 92
89 98
89 92
90 97
90 99
90 95
91 97
92 95
92 94
92 96
92 97
92 99
93 97
94 96
95 96
98 99
