VERTICES = 100
EDGES = 2000
0 52
0 67
0 36
0 62
0 12
0 29
0 60
0 59
0 50
0 71
0 7
0 20
0 25
0 57
0 61
0 68
0 53
0 89
0 91
0 98
0 15
0 84
0 51
0 1
0 33
0 11
0 35
0 86
0 38
0 44
0 49
0 80
0 17
0 87
0 54
0 21
0 32
0 5
0 41
0 95
0 56
0 3
0 55
0 19
1 51
1 91
1 27
1 45
1 18
1 67
1 30
1 32
1 15
1 40
1 53
1 82
1 31
1 9
1 68
1 62
1 64
1 60
1 19
1 29
1 24
1 37
1 3
1 69
1 7
1 96
1 86
1 41
1 44
1 54
1 12
1 6
1 52
1 77
1 94
1 26
1 79
1 78
1 57
1 55
1 20
1 75
1 48
2 32
2 23
2 72
2 57
2 14
2 49
2 20
2 64
2 79
2 65
2 50
2 45
2 5
2 12
2 62
2 17
2 88
2 35
2 10
2 13
2 37
2 55
2 24
2 40
2 94
2 84
2 52
2 7
2 77
2 97
2 44
2 26
2 22
2 39
2 76
2 33
2 15
2 42
2 99
3 67
3 93
3 60
3 82
3 85
3 79
3 40
3 90
3 8
3 66
3 10
3 31
3 80
3 95
3 78
3 74
3 34
3 21
3 13
3 75
3 86
3 17
3 37
3 64
3 81
3 53
3 65
3 47
3 91
3 62
3 84
3 50
3 96
3 4
3 16
3 15
3 73
3 36
3 30
3 94
3 52
3 23
3 87
3 83
3 69
3 14
3 58
4 47
4 48
4 28
4 29
4 69
4 46
4 42
4 82
4 22
4 96
4 36
4 9
4 89
4 95
4 77
4 43
4 74
4 25
4 39
4 93
4 41
4 65
4 18
4 80
4 97
4 44
4 45
4 52
4 32
4 54
4 14
4 37
4 13
4 84
4 21
4 26
4 86
4 85
4 23
4 31
4 30
5 47
5 84
5 29
5 99
5 42
5 10
5 56
5 43
5 65
5 73
5 8
5 38
5 20
5 63
5 51
5 50
5 79
5 70
5 75
5 60
5 58
5 19
5 86
5 57
5 82
5 95
5 48
5 71
5 77
5 53
5 37
5 41
5 62
5 68
5 97
5 91
5 6
6 84
6 77
6 66
6 62
6 87
6 22
6 95
6 79
6 36
6 94
6 18
6 54
6 35
6 58
6 85
6 99
6 44
6 37
6 65
6 98
6 12
6 32
6 17
6 10
6 46
6 48
6 50
6 23
6 28
6 76
6 42
6 81
6 56
6 92
6 74
6 61
7 27
7 45
7 28
7 89
7 58
7 71
7 42
7 16
7 78
7 37
7 73
7 9
7 60
7 41
7 92
7 68
7 64
7 19
7 30
7 82
7 26
7 31
7 10
7 22
7 53
7 40
7 98
7 91
7 51
7 93
7 69
7 62
7 43
7 52
7 12
7 88
7 94
7 8
7 79
7 66
7 44
7 39
7 38
7 32
7 95
8 52
8 43
8 44
8 73
8 58
8 18
8 48
8 69
8 32
8 36
8 15
8 80
8 23
8 98
8 85
8 19
8 47
8 13
8 11
8 63
8 89
8 25
8 77
8 27
8 59
8 97
8 65
8 76
8 42
8 93
8 9
8 67
8 64
8 87
8 35
8 22
8 50
8 95
8 86
8 79
8 62
8 26
8 56
9 31
9 70
9 91
9 94
9 33
9 19
9 51
9 88
9 14
9 28
9 42
9 12
9 38
9 63
9 30
9 40
9 83
9 27
9 16
9 22
9 67
9 69
9 29
9 68
9 79
9 95
9 85
9 41
9 58
9 81
9 84
9 65
9 21
9 43
10 36
10 18
10 22
10 11
10 20
10 91
10 60
10 93
10 21
10 51
10 12
10 48
10 62
10 59
10 29
10 83
10 71
10 39
10 99
10 17
10 27
10 97
10 24
10 73
10 89
10 92
10 95
10 75
10 38
10 55
10 69
10 46
10 74
10 94
11 96
11 68
11 72
11 34
11 46
11 99
11 42
11 80
11 98
11 93
11 79
11 16
11 33
11 20
11 54
11 59
11 71
11 97
11 88
11 31
11 87
11 89
11 32
11 22
11 78
11 77
11 61
11 48
11 21
11 63
11 58
11 49
11 92
12 76
12 92
12 29
12 97
12 41
12 72
12 91
12 64
12 81
12 95
12 28
12 14
12 79
12 93
12 69
12 78
12 32
12 26
12 42
12 66
12 21
12 38
12 98
12 18
12 83
12 70
12 88
12 20
12 99
12 87
12 84
12 55
13 14
13 36
13 99
13 60
13 44
13 51
13 95
13 23
13 56
13 22
13 73
13 88
13 31
13 61
13 90
13 52
13 18
13 55
13 96
13 58
13 81
13 37
13 47
13 85
13 26
13 77
13 49
13 59
13 69
14 46
14 89
14 78
14 44
14 33
14 20
14 82
14 53
14 45
14 81
14 74
14 57
14 22
14 23
14 77
14 85
14 17
14 98
14 73
14 41
14 66
14 34
14 18
14 15
14 37
14 96
14 75
14 71
14 43
14 92
14 76
14 61
14 54
14 72
14 16
14 52
14 25
14 40
14 88
14 36
14 19
14 55
15 77
15 28
15 98
15 33
15 45
15 52
15 40
15 32
15 70
15 18
15 42
15 99
15 30
15 87
15 38
15 17
15 97
15 61
15 90
15 85
15 24
15 21
15 83
15 57
15 66
15 59
15 78
15 79
15 64
15 58
15 54
16 65
16 76
16 27
16 55
16 97
16 67
16 41
16 92
16 57
16 70
16 48
16 19
16 43
16 63
16 22
16 53
16 68
16 29
16 28
16 80
16 37
16 40
16 77
16 49
16 71
16 44
16 26
16 66
16 78
16 95
16 93
16 45
16 51
16 46
16 88
16 33
17 64
17 31
17 63
17 51
17 35
17 49
17 77
17 50
17 46
17 72
17 83
17 27
17 84
17 52
17 67
17 22
17 41
17 85
17 91
17 57
17 43
17 19
17 87
17 20
17 66
17 68
17 94
17 78
17 93
17 61
17 96
17 59
17 38
17 34
17 45
17 48
18 64
18 37
18 88
18 44
18 87
18 32
18 82
18 81
18 28
18 84
18 34
18 54
18 69
18 47
18 27
18 78
18 38
18 62
18 36
18 98
18 48
18 25
18 93
18 33
18 43
18 24
18 29
19 65
19 21
19 92
19 26
19 99
19 74
19 52
19 24
19 86
19 22
19 87
19 56
19 84
19 88
19 57
19 54
19 41
19 36
19 39
19 89
19 35
19 66
19 31
19 33
19 98
19 28
19 25
19 96
19 72
19 80
19 30
19 45
20 59
20 47
20 84
20 76
20 88
20 96
20 91
20 43
20 31
20 62
20 65
20 67
20 27
20 63
20 82
20 41
20 99
20 70
20 74
20 44
20 80
20 42
20 34
20 32
20 97
20 36
20 25
20 57
20 48
20 28
20 40
20 71
20 68
20 50
20 73
20 75
21 30
21 70
21 91
21 71
21 45
21 26
21 44
21 68
21 58
21 50
21 64
21 81
21 37
21 31
21 24
21 47
21 94
21 27
21 40
21 36
21 56
21 66
21 23
21 55
21 43
21 72
21 93
21 82
21 98
21 89
21 39
21 61
21 51
21 59
21 75
22 32
22 48
22 91
22 61
22 24
22 98
22 33
22 73
22 40
22 83
22 29
22 62
22 93
22 57
22 50
22 31
22 28
22 78
22 76
22 41
22 37
22 85
22 26
22 43
22 51
23 29
23 80
23 34
23 42
23 67
23 83
23 75
23 41
23 66
23 87
23 40
23 54
23 62
23 79
23 73
23 35
23 72
23 63
23 61
23 36
23 64
23 97
23 57
23 51
23 89
23 39
23 52
23 59
24 98
24 74
24 77
24 65
24 75
24 56
24 27
24 97
24 59
24 42
24 66
24 72
24 26
24 53
24 58
24 57
24 81
24 37
24 38
24 44
24 86
24 78
24 29
24 87
24 50
24 41
24 83
24 62
24 45
24 96
24 46
24 25
24 63
24 88
25 67
25 74
25 58
25 96
25 90
25 32
25 59
25 87
25 71
25 35
25 52
25 55
25 30
25 41
25 72
25 94
25 95
25 78
25 66
25 42
25 56
25 85
25 53
25 47
25 54
25 63
25 99
25 61
25 62
25 97
25 46
26 55
26 34
26 74
26 37
26 35
26 72
26 27
26 70
26 62
26 99
26 54
26 49
26 65
26 96
26 33
26 28
26 39
26 92
26 45
26 29
26 60
26 77
26 80
26 94
26 83
26 86
26 73
27 31
27 86
27 61
27 33
27 63
27 39
27 43
27 92
27 79
27 65
27 49
27 34
27 69
27 96
27 42
27 99
27 97
27 46
27 53
27 67
27 74
27 73
27 57
27 58
27 59
27 50
27 93
27 56
27 51
27 35
28 99
28 48
28 49
28 50
28 41
28 87
28 32
28 76
28 80
28 92
28 86
28 66
28 60
28 94
28 84
28 89
28 74
28 68
28 42
28 37
28 77
28 78
28 33
28 69
28 71
28 98
28 35
28 54
28 83
28 61
29 51
29 67
29 91
29 46
29 85
29 92
29 81
29 82
29 98
29 97
29 31
29 90
29 42
29 40
29 83
29 93
29 57
29 38
29 77
29 95
29 52
29 63
29 41
29 45
29 71
29 39
29 94
29 76
30 52
30 86
30 64
30 74
30 67
30 59
30 51
30 98
30 81
30 90
30 69
30 97
30 39
30 62
30 44
30 72
30 35
30 42
30 45
30 55
30 80
30 57
30 50
30 58
30 96
30 47
30 75
30 95
30 40
30 94
30 85
31 58
31 88
31 36
31 40
31 45
31 75
31 32
31 70
31 74
31 80
31 71
31 61
31 85
31 57
31 50
31 79
31 99
31 91
31 95
31 38
31 47
31 86
31 92
31 52
31 55
31 64
31 63
31 68
31 65
31 82
32 56
32 46
32 66
32 48
32 70
32 47
32 84
32 82
32 33
32 90
32 64
32 52
32 54
32 81
32 69
32 53
32 55
32 38
32 96
32 67
32 39
32 95
32 85
33 89
33 48
33 85
33 72
33 92
33 81
33 70
33 75
33 40
33 44
33 91
33 62
33 79
33 52
33 36
33 74
33 57
33 80
33 86
33 43
33 98
33 84
34 72
34 56
34 59
34 69
34 74
34 63
34 79
34 42
34 81
34 58
34 87
34 70
34 55
34 91
34 78
34 65
34 89
34 99
34 66
34 93
34 38
34 51
34 64
35 93
35 84
35 39
35 55
35 41
35 95
35 90
35 64
35 91
35 85
35 53
35 75
35 77
35 54
35 59
35 70
35 49
35 97
35 67
35 87
35 63
35 82
35 66
35 72
35 88
35 74
35 98
36 95
36 79
36 41
36 38
36 80
36 94
36 63
36 47
36 69
36 54
36 99
36 64
36 87
36 48
36 57
36 85
36 52
36 46
36 37
36 86
36 65
36 67
36 44
36 97
36 40
36 59
36 66
36 74
36 83
37 81
37 57
37 70
37 87
37 53
37 64
37 89
37 47
37 97
37 93
37 49
37 73
37 86
37 79
37 99
37 45
37 43
37 94
38 61
38 76
38 85
38 81
38 47
38 46
38 67
38 90
38 44
38 53
38 43
38 66
38 88
38 42
38 98
38 73
38 50
38 82
38 79
39 77
39 78
39 82
39 50
39 80
39 52
39 91
39 95
39 75
39 68
39 65
39 51
39 48
39 40
39 41
39 63
39 67
39 45
39 49
39 94
40 55
40 93
40 79
40 51
40 65
40 62
40 86
40 57
40 58
40 72
40 90
40 41
40 92
40 52
40 80
40 98
40 99
40 91
40 59
40 50
40 77
40 45
40 43
40 61
40 74
40 76
41 58
41 73
41 77
41 83
41 98
41 91
41 63
41 82
41 49
41 76
41 59
41 48
41 51
41 64
41 94
41 86
41 93
41 70
41 78
41 56
42 46
42 80
42 62
42 53
42 81
42 56
42 60
42 72
42 86
42 52
42 54
42 89
42 84
42 91
42 92
42 79
42 47
42 43
42 65
42 76
42 82
42 75
43 81
43 96
43 84
43 53
43 97
43 62
43 58
43 94
43 87
43 70
43 92
43 88
43 85
43 90
43 64
43 55
43 74
43 61
43 86
43 76
43 59
43 93
43 79
44 52
44 89
44 97
44 85
44 95
44 53
44 79
44 46
44 87
44 67
44 72
44 56
44 90
44 94
44 74
44 86
44 45
44 62
44 68
44 75
44 99
44 77
44 91
45 99
45 91
45 90
45 73
45 70
45 60
45 86
45 64
45 53
45 97
45 47
45 52
45 75
45 84
45 72
45 88
45 74
45 85
45 82
45 62
46 88
46 67
46 47
46 81
46 96
46 53
46 98
46 87
46 61
46 63
46 70
46 79
46 95
46 52
46 59
46 57
46 97
46 76
46 73
46 72
46 94
47 69
47 78
47 76
47 93
47 87
47 86
47 88
47 58
47 57
47 80
47 67
47 94
47 96
47 49
47 66
47 50
47 90
48 78
48 51
48 64
48 65
48 70
48 50
48 97
48 53
48 85
48 90
48 89
48 84
48 52
48 63
48 77
48 58
48 69
48 61
48 75
48 79
49 90
49 95
49 96
49 65
49 94
49 67
49 85
49 84
49 83
49 58
49 60
49 55
49 54
49 72
49 74
49 82
49 57
49 91
49 89
49 81
49 75
49 88
50 87
50 98
50 85
50 78
50 99
50 93
50 80
50 72
50 70
50 89
50 88
50 76
50 79
50 73
51 85
51 73
51 87
51 62
51 86
51 94
51 89
51 80
51 66
51 69
51 68
51 95
51 60
51 77
51 59
51 98
51 78
51 61
51 58
51 75
51 63
52 59
52 63
52 70
52 75
52 85
52 91
52 61
52 64
52 57
52 53
52 93
52 94
52 90
52 83
52 55
52 99
52 80
52 62
53 94
53 68
53 65
53 77
53 99
53 92
53 66
53 91
53 84
53 98
53 90
53 67
53 72
53 73
53 74
53 81
53 54
53 79
53 78
54 72
54 69
54 77
54 70
54 63
54 66
54 67
54 86
54 78
54 68
54 94
54 95
54 55
54 64
54 85
54 93
54 80
54 84
54 81
54 61
55 83
55 62
55 73
55 58
55 56
55 88
55 97
55 69
55 90
55 64
55 67
55 86
55 94
55 93
55 85
55 68
55 72
55 77
55 82
56 64
56 70
56 93
56 85
56 66
56 59
56 81
56 78
56 71
56 98
56 72
56 89
56 94
56 99
56 86
56 88
56 62
56 84
56 75
56 63
57 96
57 85
57 77
57 79
57 83
57 80
57 66
57 59
57 60
57 64
57 93
57 95
57 86
57 88
58 72
58 98
58 63
58 87
58 62
58 70
58 68
58 67
58 71
58 61
58 60
58 92
58 80
58 89
58 82
58 94
58 74
58 84
59 72
59 85
59 99
59 96
59 68
59 60
59 90
59 62
59 95
59 69
59 98
59 81
59 64
59 93
59 80
59 78
59 94
60 94
60 87
60 63
60 66
60 71
60 67
60 80
60 95
60 97
60 82
60 77
60 98
60 91
60 84
60 89
60 88
60 81
61 65
61 80
61 85
61 68
61 88
61 73
61 76
61 70
61 69
61 93
61 71
61 72
62 87
62 94
62 68
62 88
62 76
62 70
62 66
62 93
63 65
63 78
63 96
63 92
63 84
63 71
63 81
63 79
63 91
63 97
63 77
63 93
63 64
63 95
63 69
63 83
63 74
63 89
63 80
64 85
64 91
64 92
64 90
64 72
64 76
64 75
64 94
64 66
64 82
64 67
64 74
64 65
64 80
64 87
64 97
65 69
65 96
65 87
65 88
65 93
65 68
65 95
65 77
65 75
65 94
65 70
65 98
65 84
65 78
65 99
65 85
66 87
66 69
66 94
66 81
66 77
66 91
66 99
66 97
66 86
66 98
66 71
66 72
66 78
66 79
66 67
66 88
67 70
67 72
67 99
67 93
67 69
67 68
67 86
67 77
67 80
67 75
68 74
68 70
68 85
68 87
68 81
68 96
68 75
68 69
68 78
68 95
68 88
69 73
69 79
69 87
69 86
69 88
69 98
69 91
69 78
69 71
69 77
70 76
70 92
70 75
70 72
70 81
70 73
70 77
70 74
71 98
71 77
71 94
71 84
71 83
71 85
71 73
71 93
72 75
72 98
72 74
72 95
72 92
72 99
72 82
72 97
72 85
73 81
73 89
73 76
73 84
73 99
73 87
73 80
73 83
73 86
73 90
74 78
74 90
74 84
74 79
74 89
74 99
74 93
74 92
74 98
74 75
74 83
74 86
74 81
75 81
75 95
75 76
75 82
75 87
75 91
75 92
75 93
75 96
75 83
76 96
76 82
76 87
76 83
76 95
76 98
76 89
76 90
76 88
76 85
76 84
76 91
76 93
77 95
77 88
77 80
77 96
77 83
77 98
77 84
77 78
77 82
77 97
77 79
78 89
78 92
78 97
78 86
78 80
78 93
78 81
79 97
79 92
79 96
79 89
79 88
79 83
79 98
79 82
79 94
79 87
79 91
80 81
80 91
80 82
80 96
80 85
81 98
81 97
81 96
81 90
81 95
81 82
81 89
81 93
81 94
81 91
81 92
81 85
82 95
82 90
82 99
82 98
82 94
82 89
82 93
82 87
82 83
83 93
83 84
83 98
83 90
84 98
84 94
84 97
84 90
84 95
84 99
84 92
84 91
85 97
85 88
85 91
85 86
86 91
86 98
86 89
86 93
86 88
86 94
87 95
87 91
87 90
87 92
87 88
88 92
88 96
88 91
88 90
88 99
89 90
89 95
89 98
89 97
90 95
90 97
90 98
90 96
91 93
91 95
92 93
92 98
92 94
92 95
92 97
93 94
93 98
93 97
94 97
94 99
94 95
95 97
95 98
96 99
96 97
97 98
